 -0.00016005365011148  0.02432424877412847  0.04211957337494842  0.05737137539228906
  0.07238155173454511  0.08839970373607954  0.10526691259852360  0.11740736629962122
  0.12547973283809633  0.13272710140826241  0.13936416327431081  0.14633689375968176
  0.15550049594155924  0.16433601615422708  0.17330770458337519  0.18443789632507757
  0.19538858189274216  0.20718738301669407  0.22326507050784183  0.23162297435467763
  0.23716203388143256  0.24096090824922595  0.24320033157471979  0.24600424189720144
  0.24881055616040995  0.25180007103881386  0.25836441720298203  0.26290420077363169
  0.26741957661304827  0.27202490132823459  0.27767496307925976  0.28391794797017539
  0.28897925894838405  0.29422414114061879  0.30027010905309309  0.30931210140252868
  0.31911682854240869  0.32902394087010728  0.33982535049208779  0.35285296570219743
  0.36434367555832797  0.37529919668958461  0.38710553559931149  0.39900469864735766
  0.40984170925449237  0.42043113798429382  0.43164413140525726  0.44365414854805740
  0.45687893934445795  0.47056181933701863  0.48401027085411480  0.49893646525639301
  0.51806133788299102  0.53871137663436031  0.55896240580714396  0.57891169308596768
  0.59928112265941103  0.62056278196561099  0.64355922168758517  0.66630923139191667
  0.68760772686753913  0.70873144974152724  0.72971119819336105  0.74655250927863737
  0.76201349377048244  0.77536244785766506  0.78927271865837645  0.80303565427028456
  0.81616002269303423  0.82730322262640332  0.83661577783567531  0.84289252608348086
  0.85048729292745284  0.85800153485495556  0.86593056421152981  0.87328528540160988
  0.87976613901674039  0.88413149508224964  0.88823899591147382  0.89230814113307222
  0.89755345171996515  0.90410891507726932  0.91125686785173809  0.91813717897841085
  0.92498632491096522  0.93137795548786084  0.93851699845823966  0.94503244058034486
  0.95478041671799141  0.96345949984530088  0.96945602019693133  0.97434682753626023
  0.98005863785403391  0.98736888757409247  0.99170919513181144  1.00000000000000000
 -0.00000489664308816  0.00017750870561214  0.00070942340534934  0.00182990178421157
  0.00364479782134294  0.00578721011432291  0.00840467427425555  0.01242390387616880
  0.01708868893132334  0.02126020701986462  0.02511803248806506  0.02968690262374545
  0.03444909733535725  0.04036136034582542  0.04743671476841514  0.05955106653695498
  0.06935738732744343  0.07908060655642778  0.08926097637704337  0.10038288349331320
  0.11181826862432832  0.12381673356689306  0.13652321414214899  0.14826931257815601
  0.15779251380539341  0.16604300044987030  0.17437331637053211  0.18234109495577253
  0.19016589217655552  0.19799498736207802  0.20601861536693727  0.21774820670709938
  0.23344385590516137  0.25302664617142462  0.27622170274220648  0.30267398583057525
  0.31808380283932364  0.33037339894920342  0.34264878283114242  0.35626497894442954
  0.36621878019827769  0.37608592888111231  0.38585378436793027  0.39599250884333664
  0.40751045081141124  0.42046785276383325  0.43236123689399680  0.44431083842395058
  0.45627992188145189  0.46831846002250621  0.48245960179004088  0.49555635682909882
  0.50662251220193799  0.51780311209107588  0.52805455050819250  0.53947698616772188
  0.55376206805237926  0.57061975827500266  0.58162736055278486  0.59237734077375248
  0.60299956495541374  0.61719621884519182  0.62763096855084366  0.63643318804031646
  0.64431048832050286  0.65078028309833125  0.65623000472999438  0.66180416191808700
  0.66773548560703266  0.67406388146874141  0.68228194523810104  0.69302794956831315
  0.70824527716854324  0.72252142678373932  0.73391075382442128  0.74364952867802203
  0.75305614140133348  0.76231509888000082  0.77199020558542875  0.78050044312031641
  0.78947907806368989  0.79927507483393190  0.80885691233536561  0.81776200766396145
  0.82586610423073570  0.83492055925277431  0.84575928302336301  0.85400132211572688
  0.86173394654504121  0.87176207674780559  0.88471263564312708  0.90330081272844542
  0.92457182873580812  0.94874353914202725  0.97411374331219569  1.00000000000000000
 -0.00470460548046259  0.01556183413319239  0.03095413999176034  0.04258910401815141
  0.05237500653246405  0.06291022354205894  0.07402192578820668  0.08918147812361531
  0.10493445775473356  0.12180269476665756  0.13373686077437663  0.14595475244464556
  0.15709355314812340  0.16911349114801991  0.18067295850073009  0.19297941093528076
  0.20686159865856540  0.21854666653805652  0.23032238417781151  0.24434799416724251
  0.26098054500465068  0.27733715036997136  0.28894944519424592  0.29996351837236007
  0.31001871282614296  0.31417728232163489  0.31983373926939540  0.32535258731299566
  0.33063649294947889  0.33577356586853774  0.34112739741638237  0.35083954436499853
  0.36212809559127923  0.37178546235893323  0.38225044862242080  0.38968502058128957
  0.39731421692858709  0.40671395014382605  0.41782159070432523  0.43001152803726389
  0.44512672215628207  0.46285966952417856  0.47703982993507432  0.48869250190244184
  0.50015867116003276  0.51236656273096282  0.52387046287736572  0.54029003072944648
  0.55694393006187304  0.57371855303172792  0.59037058781600860  0.60393388548791549
  0.60960899174507832  0.61620553389712696  0.62216378439047448  0.62762425031261115
  0.63205983525363740  0.63648455702843920  0.64286874879479039  0.64880468211396791
  0.65366839191683035  0.65886367797304413  0.66398395937327404  0.67300302398436118
  0.68357738851228234  0.69499448398864427  0.70527096606858675  0.71526720937533150
  0.72478989630925383  0.73045278337500374  0.73536293917105278  0.74041435799382493
  0.74956024331270166  0.75910759060225952  0.76702876675373632  0.77523973616929265
  0.78301509232476241  0.78927550713782524  0.79467197215913998  0.80179932981123325
  0.81036822692360699  0.81880356928825326  0.82565037473347025  0.83237413723600462
  0.84732809654906249  0.86810674416064260  0.88479254983744249  0.89968675046880520
  0.91249531968431030  0.92416400432355583  0.93489807970848049  0.94484536277566433
  0.95646505573941676  0.96964164919384621  0.98372509483433379  1.00000000000000000
 -0.00437785479359765  0.01696829789617038  0.03272630346729218  0.04546916941184170
  0.05388142248698764  0.06193345727467075  0.06792869708964286  0.07369626002756503
  0.07931355275387567  0.08449548851666329  0.09020274636806765  0.09597855059871152
  0.10285887628258494  0.11265064836019648  0.12424374008595573  0.13684971529079637
  0.14930432253877726  0.16161481145910123  0.17374436234480634  0.19094741754334812
  0.21015872693688720  0.22607830107886556  0.23546804196271440  0.24158774225947702
  0.24728583974648499  0.25381234293372162  0.25989006289471606  0.26376288944125270
  0.26752657706371891  0.27164137864403687  0.27746805441497130  0.28275461392809098
  0.28794825158428622  0.29955874860605941  0.32463484032496409  0.34774401834549179
  0.35647531512097919  0.36590075019336865  0.37454318927930308  0.38301633780315031
  0.39081586564049131  0.40015836303781549  0.41293916902891714  0.43057044354136192
  0.45216960060065348  0.46512519220652032  0.47325100990018404  0.48163114392030665
  0.49015663989019043  0.49911082560223169  0.50744917847274906  0.51662454324862062
  0.52708578118326554  0.54105134944163014  0.55392218269663396  0.56365528398597331
  0.57526057635787975  0.58801825786584039  0.60358507707531406  0.61786181257327599
  0.63244979471015861  0.64735073734327364  0.66217247945103874  0.67423322376375594
  0.68599860198099472  0.69769395177243587  0.71031045162089002  0.72507446194001257
  0.73779947237643684  0.74867467018251599  0.76078174112050978  0.77225201912137698
  0.77583870435039604  0.77988800347696674  0.78394515599765857  0.78809573691845269
  0.79357612176201153  0.80011375325876966  0.80704748287528683  0.81371333587395689
  0.82119615714238237  0.83062787557666984  0.84716217784642456  0.86588162767474319
  0.87866197525126100  0.89147308123586810  0.90255959806113462  0.91349987815711875
  0.92675670086811468  0.94120959404359816  0.95374176924482312  0.96288944941096932
  0.97093016227226536  0.97926323778647117  0.98898720905939863  1.00000000000000000
 -0.00385242779585560  0.00928406568949681  0.01948202570471878  0.02676749884386906
  0.03328060147603004  0.04253798929069543  0.05108780482058339  0.06025601513170031
  0.06859706592933210  0.07661859398825047  0.08569105044265872  0.09768229524242923
  0.11389490313874165  0.13123906743077240  0.15033767870459713  0.16947257707753710
  0.18831455075331641  0.20829545015499062  0.22894427688858038  0.23862610526912789
  0.24897643418905749  0.25980342738028206  0.26772110075841404  0.27282527308208038
  0.27728998760251794  0.28190618278523299  0.28634829981264187  0.29063098454388131
  0.29546885821671764  0.30200744770055177  0.30933559310398440  0.31616497057974319
  0.32071451277214119  0.32452085929560248  0.32791326855587138  0.33312547215429172
  0.34409713539231013  0.36043925540510102  0.37902197892178507  0.39631968367846049
  0.41290097699496708  0.42672048449067645  0.43833814777051611  0.44945688957566071
  0.45940023228401999  0.47432298412846746  0.49051284979186033  0.50704227053586881
  0.52052364663526074  0.52953787332686253  0.53851507312905600  0.54564736598952879
  0.55292878706816417  0.56184814355271617  0.56804820340395190  0.57429244984283456
  0.57872564474422594  0.58274857453387974  0.59310902642897023  0.60450748362057694
  0.61459682237121849  0.62506710292578183  0.63789521658495940  0.65166113290411964
  0.66502174434509953  0.67845819846816646  0.69295783960140633  0.70854336203593782
  0.72699483369645868  0.73779193553283018  0.74808706057154606  0.75932280977669364
  0.77091982151444338  0.78172204677645607  0.79309839644209679  0.80646606696619483
  0.82069740047698181  0.83299955724354569  0.84434630071196548  0.85444525634499535
  0.86117286885684441  0.86711393186256158  0.87348188287467476  0.88548679461523105
  0.89833083717491302  0.90830767710437355  0.91647378988688477  0.92372597865578043
  0.93077510028544364  0.94003826260428325  0.94961639093040617  0.95937666385956910
  0.96874248232637350  0.97554060228535511  0.98407684684798247  1.00000000000000000
  0.02485097769468132  0.72677455095212773  0.82094765270903802  0.87339320064398995
  0.90700184024060937  0.92902580529521583  0.94259712876058854  0.95165540032472951
  0.95860232343940277  0.96120089382124008  0.96353756650838362  0.96564516057820760
  0.96784385569024700  0.96995522607682860  0.97187214291275814  0.97374494226567843
  0.97556504469268901  0.97718070918198952  0.97872661976698783  0.97999991824703225
  0.98107139646770414  0.98211278780214772  0.98306931283912791  0.98401754095539351
  0.98505375868292888  0.98603059830137363  0.98695580363975177  0.98771828800415107
  0.98838212870145836  0.98898762634444282  0.98960084547194060  0.99014188475448195
  0.99066738515436115  0.99118856298247004  0.99173432476733270  0.99229161532294197
  0.99278839714873324  0.99321857277482328  0.99361304848890308  0.99400476657464276
  0.99438422852993757  0.99475152987654036  0.99511785874027314  0.99547520671247081
  0.99572625502652234  0.99595584767274525  0.99616899734676878  0.99637311956154584
  0.99658040163659567  0.99676245266664454  0.99693014256252566  0.99709102843681885
  0.99725336496929207  0.99743220186679138  0.99757758943525632  0.99771591465311738
  0.99784821852735428  0.99797439502963170  0.99807485893747039  0.99816500815126885
  0.99824823560768261  0.99833511065344871  0.99841445624001179  0.99849133769943732
  0.99856680631396777  0.99863700416934353  0.99870510830616122  0.99876728614064236
  0.99882880052710521  0.99888944553277415  0.99894388339094065  0.99899672728392319
  0.99904451179357479  0.99909183739004581  0.99913747091195804  0.99918273029042948
  0.99922846212970917  0.99927447716316653  0.99931942007748531  0.99936314214171007
  0.99940507090695818  0.99944346713463028  0.99948171900318394  0.99951819349507931
  0.99955466798697457  0.99958985506903153  0.99962447547687472  0.99965875574542684
  0.99969154851876696  0.99972434129210719  0.99975959984032070  0.99979697531419298
  0.99983601148633527  0.99988112201140011  0.99993266994690877  1.00000000000000000
  0.00942730147358656  0.12564857620294520  0.17628608268316753  0.21282776355901314
  0.24222928250722167  0.27426264155515434  0.29802431128669826  0.30991534944184168
  0.32192306410465399  0.33100791881077363  0.33746816683931802  0.34403070654202111
  0.35498479787334491  0.36957302878912024  0.38090874618129028  0.38869382943042935
  0.39553569316305504  0.40216026713321568  0.40962993001286835  0.41838918459039293
  0.42656926671651368  0.43387970097868861  0.44162804722071036  0.45109484032367481
  0.46310880925138026  0.47753590302326943  0.49236695378625889  0.50481123326281507
  0.51176228806591284  0.51906426689115581  0.52584669648469784  0.53278227687459656
  0.53904016738925986  0.54225979638137334  0.54594367005977606  0.54968760731774391
  0.55324455978069731  0.55772373618861737  0.56306904993240725  0.56758343026387803
  0.57162412515143790  0.57496270265963823  0.57878648353573081  0.58296647972989146
  0.58868304442732333  0.59540979036523944  0.59996841530751088  0.60361187563309870
  0.60694257681189201  0.61056391832355850  0.61562889225968931  0.62051344939801301
  0.62382314445399689  0.62689679568069612  0.63023192984919696  0.63357290273385303
  0.63670110508285271  0.63912613995792311  0.64144110687608802  0.64388019414410658
  0.64674616728899337  0.65043946814185694  0.65420715824719133  0.65768479749470388
  0.66114317504196329  0.66415125000035913  0.66733403031647598  0.67117342390181800
  0.67521693784711523  0.67958505612316822  0.68299627625671078  0.68638652290403501
  0.69369747748213073  0.70166063686611868  0.71053006371669525  0.71912871858776950
  0.72572462083632627  0.73161259903900344  0.73745312374635363  0.74368809343440967
  0.75021974904532895  0.75654486575788948  0.76240182155084435  0.76957372305792571
  0.77774590370408492  0.78684602155388528  0.79608078860886844  0.81062027556254335
  0.82580965253438132  0.84369718816468409  0.85964419215502019  0.87283187258141259
  0.88578232690793812  0.90285374910647842  0.93347469943824712  1.00000000000000000
   1.4053382657126798E-008  -1.0000000000000000     
 T T F F F F T T F F F F F F F F F F F F F F F F T T F F F F T T T T F F F F T T F F F F F F F F F F F F F F F F T T F F F F T T
  <DiscreteSampler_grid>
  grouped_processes
  1 # 1 for a reference and 2 for a running grid.
  10 # Attribute 'min_bin_probing_points' of the grid.
  1 # Attribute 'grid_mode' of the grid. 1=='default',2=='initialization'
  0.0000000000000000 # Attribute 'small_contrib_threshold' of the grid.
  0.5000000000000000 # Attribute 'damping_power' of the grid.
 # binID   n_entries weight   weight_sqr   abs_weight
    13   10   2.199286541072304E-002   1.935790937139702E-003   2.199286541072304E-002
    14   10   2.199286541072302E-002   1.935790937139698E-003   2.199286541072302E-002
    16   10   3.332796306595870E-002   4.446057923391586E-003   3.332796306595870E-002
    17   10   3.332796306595869E-002   4.446057923391578E-003   3.332796306595869E-002
  </DiscreteSampler_grid>
