  0.00344810363706786  0.01103915829910353  0.01796939424770690  0.02553334838597415
  0.03333337347050583  0.04057031207200472  0.04817121804854749  0.05625756920051714
  0.06381528692769374  0.07560858648742982  0.08865281120265654  0.09991643741580701
  0.11063678016120296  0.12133305945836197  0.13278769840628629  0.14692752296475400
  0.16124495500848163  0.17503325324993149  0.18816173032773778  0.20039480459402284
  0.21058212566897680  0.21816025851187285  0.22555948847138807  0.23281295465135834
  0.23943098271869798  0.24612325575096816  0.25435200158472931  0.26223677029448228
  0.26976857852022068  0.28061621116502095  0.29295525894876906  0.30396969310432098
  0.31448274727284098  0.32494194684958722  0.33534392306997629  0.34568462839849817
  0.35730273553359743  0.37126974485348641  0.38227539029717628  0.39350008509557410
  0.40334333169367798  0.41238264136276287  0.42094387241069986  0.42920397908281849
  0.43862059182089164  0.44901441946800730  0.46016666521569261  0.47184997427256131
  0.48325622395975798  0.49422122372519312  0.50543307645532076  0.51748294480048684
  0.52991623098026874  0.54405763407171770  0.55797379740230291  0.57147266002361286
  0.58457045216497350  0.59700664432948247  0.60839865348218913  0.61962559167926967
  0.63084343518484898  0.64114600027785240  0.65269754258397228  0.66503500651023195
  0.67759089169818054  0.68842711618452379  0.69680561236526051  0.70472391144091395
  0.71226781968189234  0.71957453916500314  0.72704826422038360  0.73455855475216114
  0.74185568383705192  0.74961779585642774  0.75946916938006859  0.77030674543824174
  0.78180238863934914  0.79375954183953479  0.80550783647830471  0.81681333974752679
  0.82785527484032584  0.83899187478002557  0.85039474962613648  0.86215219415107258
  0.87404251070761541  0.88595350892962310  0.89744592677159796  0.90894630881132776
  0.92119106340215184  0.93248937327805137  0.94325484416205396  0.95367522208929378
  0.96387193658250425  0.97459508209061008  0.98703392549456492  1.00000000000000000
 -0.00004105117497045  0.00104525907971773  0.00351971354592887  0.00778165937490754
  0.01308877682981711  0.01955422418759729  0.02496790935032075  0.03072869259500481
  0.03872125446343491  0.04820164882031379  0.05649915058953407  0.06481926737533893
  0.07446906437526533  0.08607659333359771  0.09785318315837757  0.10772771085238379
  0.11804793181102652  0.12806754938682974  0.13746168646027435  0.14722980778096695
  0.15777882896818934  0.16990633473634006  0.18264157096509237  0.19468829792279607
  0.20701626701894588  0.21917285390853125  0.23095617647991928  0.24247271797714301
  0.25395207263892827  0.26603657707171469  0.27719230448578919  0.28547264552917373
  0.29385196565695376  0.30281965506756015  0.31221710759377164  0.32180534720255838
  0.33178225170007830  0.34166868671924033  0.35102325172156323  0.36015959732632408
  0.36908386121804437  0.37767591377208032  0.38659698130775616  0.39591038995762812
  0.40600055787344658  0.41741267442242691  0.42950258245609002  0.44101687886257546
  0.45178599723448765  0.46271815947464023  0.47315910737027883  0.48370982546273461
  0.49418467123627091  0.50450328426330349  0.51475220029379198  0.52622657981957810
  0.53489599081001060  0.54357503853928724  0.55248432429992056  0.56142093409462246
  0.56906073067135887  0.57681448743735264  0.58424293487571666  0.59174626456517876
  0.60050521447967931  0.61044434290499072  0.62105171157854777  0.63199132156098148
  0.64287708762511342  0.65342277105982627  0.66323983706267209  0.67334886334586797
  0.68338291952278507  0.69389271399344565  0.70514620363631453  0.71679451058192067
  0.72830427266225750  0.73898934527414295  0.74942417112846449  0.75907858446712773
  0.76832183839917767  0.78039091876763755  0.79439205401075208  0.81030142476968192
  0.82667696512827893  0.84195956027418073  0.85698171082206820  0.87249272071933293
  0.88802015404138090  0.90342397513627470  0.91879746893248115  0.93621976433795429
  0.95263089335977902  0.96852539623654943  0.98423767696012088  1.00000000000000000
 -0.00406747692750078  0.01148409596720954  0.02656337149932892  0.04026054223590463
  0.05363927961939566  0.06680322290849947  0.07911434559248501  0.09114467543187703
  0.10299280623810596  0.11514609184158134  0.12787846014969426  0.14070931360570119
  0.15349806201241062  0.16631732168236679  0.17969936931215419  0.19365238850741354
  0.20754277129839233  0.22035901953169745  0.23128449248308675  0.24156833566681057
  0.25135946809945942  0.26101710614359191  0.27123353807262512  0.28377405556097235
  0.29703894165105149  0.31072912990592583  0.32403352830135734  0.33572702690238282
  0.34583156216499283  0.35504012184135486  0.36330918992482297  0.37120607637739328
  0.37900964560469963  0.38654004219045313  0.39373414348286984  0.39997831485815860
  0.40599495413523456  0.41222496014590515  0.41920534464098275  0.42596669256342623
  0.43190402033918052  0.43831350338886671  0.44511572787341569  0.45226263232797065
  0.45849181061695321  0.46741019323692634  0.47827551097756682  0.48994890350426928
  0.50261533489428878  0.51618533479463702  0.52758163232023536  0.53846523245459066
  0.54922223185158281  0.55979649677072341  0.57077153582443330  0.58251630993824532
  0.59384414478527114  0.60498491528570197  0.61594510393228241  0.62692187731403304
  0.63828914877052656  0.64972276763112780  0.66145367802805621  0.67363175672355657
  0.68597002412496921  0.69791846206387398  0.70890431386972619  0.71863748581911102
  0.72781454230562925  0.73743119058554885  0.74811360298001639  0.76011806053097541
  0.77299048735457632  0.78660505264512104  0.80093453988045360  0.81509768942950100
  0.82831154108892646  0.83926358300533843  0.84959347865171619  0.85909574720764059
  0.86818890887202682  0.87775809828136342  0.88794921069234423  0.89840562859477724
  0.90896174734967594  0.91980330628579376  0.93025745511567903  0.93956841831609639
  0.94729818900881890  0.95592867312144125  0.96416845161703080  0.97244140855435079
  0.97988740328797563  0.98601350734307669  0.99252524067463377  1.00000000000000000
 -0.00164054101763124  0.00770459342447206  0.01562973163228079  0.02283959341420802
  0.02989152584580318  0.03687350753068412  0.04411326131937850  0.05217598910705176
  0.06097833516911669  0.07012341584721042  0.07854186411691901  0.08732937121648093
  0.09665114599370009  0.10575382434854300  0.11526882212373132  0.12594334200917479
  0.13691889033547269  0.14892031147273924  0.16210875165967392  0.17510586446009108
  0.18643039053043473  0.19546580304394542  0.20363826347206349  0.21287573360309403
  0.22212448863921305  0.23119424786485124  0.24011172803967548  0.24945202170614217
  0.26096402283610343  0.27383662747039672  0.28688424971555448  0.30087108788055900
  0.31519688862756928  0.32952208448542875  0.34402489017286586  0.35860024503944937
  0.37360985617137343  0.38804004323171470  0.40150185145844997  0.41483085688235966
  0.42869861530221370  0.44256674768752535  0.45594268267089888  0.47035962368825007
  0.48517378016287116  0.49916686795535997  0.51459786153686160  0.52973102964166585
  0.54341911663421927  0.55617528330254218  0.56994546813274194  0.58503283836571318
  0.60002756395531409  0.61467361238858098  0.62961002898320506  0.64399938210030816
  0.65738061858169161  0.67037100357254575  0.68250066088162697  0.69185662000249670
  0.70008475619340926  0.70916275093786929  0.71853473482698527  0.72736254666535860
  0.73517487732725983  0.74284999237423188  0.75234609056935275  0.76639469697147189
  0.78059259582279061  0.79439431054632170  0.80652469512287750  0.81505827366697181
  0.82158371996802515  0.82836395620289971  0.83473591514765810  0.84108738518492954
  0.84786384325509401  0.85425487603999295  0.85985885413125751  0.86498200643686429
  0.87067412043234160  0.87764024380720729  0.88778935805559844  0.89708009358779472
  0.90526299504637675  0.91320167326466750  0.92108990926717371  0.92864264423637077
  0.93674009325507124  0.94552495167510520  0.95395895596493241  0.96276050025152748
  0.97171969419770454  0.98068058234402211  0.98995389753637808  1.00000000000000000
 -0.00389357489294872  0.01338525663123129  0.02659692525934257  0.03889875363901781
  0.05087678901393670  0.06301807727006865  0.07571343621273516  0.08877482409095183
  0.10131734909562506  0.11266823662781730  0.12443560722285178  0.13602050343079991
  0.14781601515277809  0.16056150637671801  0.17333326024479701  0.18577666915246505
  0.19782084816486004  0.21002670216957306  0.22239660317339524  0.23491502477562809
  0.24739098242465427  0.25912879643320053  0.27010633404657275  0.28052808965485959
  0.29109427948627181  0.30246090617522958  0.31402875363450378  0.32494551831552371
  0.33568167920114106  0.34674590554292334  0.35800663933436633  0.37007268779414149
  0.38162761273420792  0.39208843076893252  0.40262541960323062  0.41262839816076963
  0.42438504786006470  0.43674775161877161  0.44856336230698374  0.45995145445659374
  0.47185508122348757  0.48346033228427582  0.49512896162186498  0.50745565725827768
  0.52013562158220994  0.53276463223763681  0.54459814314696431  0.55496697702992537
  0.56477814811178739  0.57422384204041554  0.58369041162106095  0.59303350362915197
  0.60310447601318429  0.61402431140279123  0.62573576326243552  0.63732213880709432
  0.64779641649539499  0.65879101110840643  0.66722974882237074  0.67269960098759207
  0.67929996421964522  0.68520343862763788  0.69059640382839416  0.69509311285533304
  0.69968146328117531  0.70536460158751346  0.71149886639608206  0.71768809383752274
  0.72425634820023099  0.72827094665938841  0.73910243474292925  0.75027397045062416
  0.76139863011191256  0.77290838437097209  0.78484997276502788  0.79742058062803733
  0.81148006479780865  0.82488567189005946  0.83725097807766102  0.84911260988346171
  0.86046755214523596  0.87127871168594206  0.88202745533481830  0.89347047379463862
  0.90533577068196391  0.91687645139032437  0.92713259585622187  0.93722267474713161
  0.94736365924856458  0.95748400395029587  0.96484121597793482  0.97241085209759182
  0.97980850257637875  0.98614986353085232  0.99279204532014975  1.00000000000000000
 -0.05263603774666525  0.83340488539865165  0.91630220001884166  0.94650232627927411
  0.95958724677526175  0.96424050995396460  0.96829049351031338  0.97170982119099847
  0.97483444345495951  0.97754182013701763  0.97988647159974107  0.98166344397709027
  0.98323439473417873  0.98465020138922621  0.98595298596150183  0.98711364362680820
  0.98817356554015157  0.98911501004783808  0.98997413663426148  0.99075299352212443
  0.99145809995272238  0.99209274408945947  0.99268037608407123  0.99321492023025659
  0.99369169555452164  0.99411893888860725  0.99451152361434869  0.99487595812776697
  0.99520945607754996  0.99551834398499162  0.99580171707351706  0.99606195440330592
  0.99628096297352076  0.99648854582644919  0.99667769130446382  0.99685495136574387
  0.99702326595712754  0.99718797945556459  0.99732900899221755  0.99745582283434475
  0.99757289747354660  0.99768479152214340  0.99779220651672362  0.99789417081652809
  0.99798963369328320  0.99807704869853053  0.99815557102278096  0.99823271283906090
  0.99830788923504576  0.99837976220395197  0.99844893258169154  0.99851612940637147
  0.99858034607876933  0.99863861664794906  0.99869337118274382  0.99874300146808259
  0.99879085153115732  0.99883802365135643  0.99888451691152136  0.99893050597507360
  0.99897556021698386  0.99901889556737988  0.99906095540857776  0.99910190671363686
  0.99913917882727588  0.99917619023507775  0.99921206040013810  0.99924610767842792
  0.99927967700838904  0.99931176669173050  0.99934249064348935  0.99937176222652269
  0.99940005746091476  0.99942737741070653  0.99945314301383992  0.99947874102286727
  0.99950399824308866  0.99952857376268323  0.99955286252908326  0.99957699625121654
  0.99960093123351157  0.99962396585367752  0.99964657332364404  0.99966863203696643
  0.99969069229091190  0.99971276019326916  0.99973499978731950  0.99975716341126453
  0.99977922134007569  0.99980242267969677  0.99982629305873860  0.99985243653900413
  0.99988044096653161  0.99991113451937230  0.99995123709435296  1.00000000000000000
 -0.01931648715822332  0.13136074946216467  0.20575108591181601  0.24233720668793840
  0.27096264538133163  0.29579556162872900  0.31613126223352667  0.33209707627561968
  0.34467347884035948  0.35573331457334850  0.36664564860502780  0.37740765707913759
  0.38838284081552787  0.39989489981081611  0.41253088659072784  0.42509829416639250
  0.43684249157331290  0.44729845175090571  0.45657482058004079  0.46663112175715843
  0.47586086400427369  0.48465810542926846  0.49278846877062360  0.49986372386320549
  0.50539717398629502  0.50986270272576173  0.51447122999782491  0.51924177958604356
  0.52423130590764788  0.52931851331764046  0.53422872515883157  0.53897970969726783
  0.54376894078540416  0.54855654052872205  0.55326346545694194  0.55781943937561651
  0.56265016493062692  0.56831507228205114  0.57458383164710292  0.58081040122233329
  0.58658876113816460  0.59226993147290752  0.59793425121370292  0.60359039855662955
  0.60922179226971174  0.61486355874687593  0.62066315174040398  0.62631995685779973
  0.63206462162113641  0.63791893452125947  0.64384581737738755  0.64967244403551572
  0.65516739029424564  0.66033389466788084  0.66517678005804493  0.67028756995020633
  0.67547603711748727  0.68082449720110239  0.68579874550775799  0.68971021583378189
  0.69302170062657187  0.69654360067019683  0.70034268916283515  0.70403718039833874
  0.70729446699962339  0.71042175664022711  0.71368475919140029  0.71720153306545531
  0.72085501456095369  0.72465889729653465  0.72845472185303994  0.73211141975192195
  0.73560606844902510  0.73922251691763585  0.74323142064526115  0.74737432540855908
  0.75228891378578189  0.75873879716363379  0.76653022525658165  0.77317188720717223
  0.77967703153874535  0.78615228496235157  0.79273050507675380  0.79947290320863640
  0.80643322153072228  0.81349842157740693  0.82062629195225179  0.82788940505529562
  0.83717474881815768  0.84801204219380644  0.85893654244406559  0.86973165016356235
  0.88126919984760688  0.89664299696385541  0.92179867502351798  1.00000000000000000
   9.1852620259860841E-009  -1.0000000000000000     
 T T F F F F T T F F F F F F F F F F F F F F F F T T F F F F T T T T F F F F T T F F F F F F F F F F F F F F F F T T F F F F T T
  <DiscreteSampler_grid>
  grouped_processes
  1 # 1 for a reference and 2 for a running grid.
  10 # Attribute 'min_bin_probing_points' of the grid.
  1 # Attribute 'grid_mode' of the grid. 1=='default',2=='initialization'
  0.0000000000000000 # Attribute 'small_contrib_threshold' of the grid.
  0.5000000000000000 # Attribute 'damping_power' of the grid.
 # binID   n_entries weight   weight_sqr   abs_weight
    13   10   4.398435449711317E-001   1.145592098284755E+000   4.398435449711317E-001
    14   10   4.398435449711327E-001   1.145592098284755E+000   4.398435449711327E-001
    16   10   6.844493098269186E-002   2.783670256222113E-002   6.844493098269186E-002
    17   10   6.844493098269201E-002   2.783670256222114E-002   6.844493098269201E-002
  </DiscreteSampler_grid>
