  0.00443837353635931  0.00473415144685060  0.00502992935734190  0.00543047435422907
  0.00592258234487263  0.00643274151603761  0.00699700874940039  0.00760220874731393
  0.00832470020864853  0.00908499406527624  0.00988344189588620  0.01077922251470082
  0.01183170943331944  0.01312885173933600  0.01455977115088861  0.01626884186549972
  0.01827762367452797  0.02060848404806142  0.02341122976019434  0.02669926497883931
  0.03024282528784079  0.03361444072684423  0.03684109595319440  0.03983676574978438
  0.04300966439123614  0.04644372810041890  0.04986302763375283  0.05331941314540957
  0.05679489084813344  0.06042646657583532  0.06416680382381118  0.06806871441207360
  0.07213340442256962  0.07635401995651440  0.08072653834848252  0.08511533166933724
  0.08940641173143492  0.09379668938813419  0.09837144091124847  0.10321240860255225
  0.10838828749053050  0.11373469752426570  0.11925951804730804  0.12536214640306809
  0.13220726761478466  0.13919494662603213  0.14570159761088217  0.15258969688306337
  0.16067130866418244  0.16953033745345861  0.17771938661987391  0.18507673270823458
  0.19206870829487807  0.19923297110758115  0.20688557390821666  0.21539547793050681
  0.22430726133316264  0.23332645876202995  0.24157189504733617  0.25117134116638218
  0.25974469896996100  0.26777637243126728  0.27565710460564979  0.28317583735508711
  0.29352626437817353  0.30976490845336357  0.32203945652379246  0.32891193583396489
  0.33793408551288351  0.34654531428366997  0.35537948457625113  0.36494866206632198
  0.37411803028975854  0.38320417735994106  0.39316889598675742  0.40382445023500330
  0.43046953315642261  0.44927894565835030  0.46072165538442006  0.47180518982816222
  0.48332083680961524  0.49321257566653753  0.50354635713699003  0.51476051632281961
  0.53207956301323345  0.57244727526232098  0.59593147708639416  0.61044318562871402
  0.62821368434358260  0.64123177720195901  0.65167035047280919  0.66400193892556392
  0.67759202307899780  0.69069059352633000  0.70159142938929020  1.00000000000000000
 -0.00293279470428395  0.01220382157274418  0.02377962266032853  0.03611117029913072
  0.04816014143973663  0.05995106953256811  0.07105448446980255  0.08227204444021598
  0.09356653080598033  0.10460919538730358  0.11495705404701802  0.12469449776573234
  0.13537941392372571  0.14537283116676566  0.15631446417701886  0.16684166325927510
  0.17742183646339049  0.18746934056090417  0.19710798841812882  0.20624560880043719
  0.21619962052985603  0.22738826938514389  0.23923695466839007  0.25051884028750904
  0.26138665004644496  0.27192878836621287  0.28192821139804985  0.29218348190918897
  0.30329708042769249  0.31494436735775877  0.32639095218831560  0.33668172245427563
  0.34588440956627503  0.35464873586015888  0.36352093813824782  0.37315538203544185
  0.38307103151362748  0.39260836627810952  0.40199876008963731  0.41173850158881847
  0.42128389727009113  0.43182560869596709  0.44077537763573227  0.45027449565843958
  0.45946684116364045  0.46838656677007734  0.47787164560822110  0.48760336833053353
  0.49773046982384989  0.50764663089922524  0.51741096782102569  0.52761107757234693
  0.53799662941890536  0.54849729319353213  0.55911450840123522  0.56947503009707068
  0.57980621488445327  0.58972670755592527  0.59969065561906487  0.60907486029604052
  0.61819042349400155  0.62677154885731023  0.63569275327651364  0.64438578502093058
  0.65431114232532250  0.66423980871225685  0.67490572953095562  0.68565548177483360
  0.69587904798031286  0.70580436315902595  0.71564344124430490  0.72608955490707705
  0.73585505711888799  0.74602988708406504  0.75679973418805713  0.76699785338272286
  0.77722973413724494  0.78723791204270255  0.79741307770353365  0.80837979822701367
  0.81957706734126567  0.83095035902804515  0.84220913298411970  0.85312579398485455
  0.86372748102987829  0.87430740827973552  0.88550915985823275  0.89742513280805847
  0.90923665674917886  0.92064419239522599  0.93211134570722709  0.94495607018247685
  0.95889983754546970  0.97327977338045368  0.98703479992163712  1.00000000000000000
 -0.00235843761033319  0.01100689631717747  0.02223824434050361  0.03334519563364784
  0.04389503931610998  0.05419240413927785  0.06417744357778840  0.07403949976359632
  0.08383442080292910  0.09367654339233085  0.10415202931421959  0.11530206725099945
  0.12749482218294311  0.13879274028116548  0.14979486775211748  0.16025905187535136
  0.17044231057586429  0.18007421890332931  0.18990841548876042  0.20055945412916559
  0.21183704828177330  0.22328642294502435  0.23450615501839076  0.24564695821226934
  0.25725115492397932  0.26885218283026135  0.27924620342939388  0.28870852632855937
  0.29802593799941163  0.30790837148009836  0.31852164974908720  0.32921252892416297
  0.34021069336121218  0.35160392002639662  0.36208896238589167  0.37170216216268853
  0.38120763642743583  0.39145485728141344  0.40304975161748591  0.41490917504195074
  0.42637036927468475  0.43705700192723324  0.44766770893123198  0.45766302582635604
  0.46764242921972493  0.47740587768301351  0.48761988339567985  0.49834228680111264
  0.50954490100420624  0.52061399781860940  0.53138775605025423  0.54197750880629958
  0.55269080888562638  0.56353072406208227  0.57416687581224424  0.58474795812032632
  0.59536466174370717  0.60674188474879287  0.61899985398129986  0.63084318204536216
  0.64192361074966353  0.65205752973357245  0.66225736928866663  0.67272141048790646
  0.68348666003166336  0.69452886165283967  0.70539819314118735  0.71528557232881529
  0.72480455498890894  0.73423446775476886  0.74376607464221112  0.75395300999094028
  0.76437241980367676  0.77415549654680049  0.78371054574896359  0.79356964282654907
  0.80294331522586226  0.81247639393266791  0.82200368278456337  0.83116702704748913
  0.84054844755906766  0.85046939472740279  0.86097625651763643  0.87137618981730214
  0.88134589919029571  0.89129384805884193  0.90172416417741441  0.91307131149487775
  0.92450116068581378  0.93577201036553159  0.94644267796277581  0.95656020954955467
  0.96676389824412512  0.97684873552698026  0.98819782121772437  1.00000000000000000
  0.03893714737041665  0.04535361186818602  0.04996121759310473  0.05468017525723839
  0.05954283457936212  0.06479658727237730  0.07043170719822787  0.07591085775111402
  0.08145634852909912  0.08808786930793394  0.09604648509009568  0.10474653382179804
  0.11386475268641252  0.12279313909396912  0.13146425811531576  0.14010480831766406
  0.14879070243771583  0.15761652404168053  0.16685292745589766  0.17619627301817201
  0.18538949931478216  0.19449147923755011  0.20377038729443758  0.21349751760994978
  0.22337369397568979  0.23362290328810967  0.24325723985473896  0.25302590744650671
  0.26305542315090985  0.27372450256044611  0.28522970593576086  0.29781974317209980
  0.31152967708985896  0.32576630827826925  0.33984312813795364  0.35352900295655837
  0.36644075681869942  0.37915332072628666  0.39186687791908326  0.40405449868551052
  0.41579693118552896  0.42805765113162880  0.44085921071564427  0.45345952972105613
  0.46576385649901997  0.47771454538913960  0.49018722223133582  0.50251361695527907
  0.51431136763243657  0.52593978624801563  0.53854090785142528  0.55166315911514863
  0.56467521863948189  0.57738923744214821  0.58946095733749637  0.60132292719061653
  0.61403670884076655  0.62686437388176075  0.63945610153804289  0.65165644618887297
  0.66383548895040834  0.67555712169649829  0.68692882976248415  0.69845143015776356
  0.71058402591803593  0.72337988594998393  0.73563265719394499  0.74708707803249630
  0.75855372289795320  0.76998430667969320  0.78173447708277510  0.79234798480222657
  0.80482779790209868  0.81697928573450651  0.82862265054769646  0.83902017020731545
  0.84896193572015366  0.85871034349723230  0.86874963004496952  0.87893116494642631
  0.88851484725712848  0.89744465606551382  0.90628718076772807  0.91498933100295488
  0.92312882572668198  0.93142674382366275  0.93892540935880320  0.94584209303128386
  0.95050862019308202  0.95378138402196688  0.95657383657622852  0.95798567852335359
  0.96019155392075795  0.96413806851985984  0.96808458311896195  1.00000000000000000
 -0.00247011794390522  0.01002841917197166  0.02050933032324942  0.03027598841191687
  0.04009453738022370  0.04968006217648274  0.05933992744985466  0.06909784767744635
  0.07866907343624277  0.08850750608249486  0.09890321570596408  0.10902593017863550
  0.11889345953655971  0.12871853837800168  0.13961953257059234  0.15090668174312016
  0.16297542644829879  0.17488499758855322  0.18570699463302998  0.19559016023253339
  0.20521991303639125  0.21515965313975915  0.22488606110772816  0.23443518405190375
  0.24409552591543698  0.25431722039971677  0.26493049265818741  0.27512751721445811
  0.28518102984666799  0.29495775373405658  0.30519649944154725  0.31576747427616386
  0.32694815300334162  0.33773055864626811  0.34806756348100998  0.35801255351731753
  0.36796951023921975  0.37719815953911301  0.38619789693585060  0.39548980623670993
  0.40638169615117781  0.41818144425793297  0.42985194050408543  0.44109139410756543
  0.45129333564078622  0.46136645932088610  0.47170162715327474  0.48216024010073949
  0.49269286467186491  0.50239819702486177  0.51156925404507758  0.52077738292027753
  0.52967003884362940  0.53815034314043375  0.54707055224765977  0.55655592897558948
  0.56736826290545883  0.57786157654480952  0.58860710114673864  0.59961507981254547
  0.61178890709517064  0.62419435317439675  0.63559362279696419  0.64683057305156211
  0.65718336639866826  0.66766247613137186  0.67915277206461278  0.69119163276290707
  0.70358546970847879  0.71567198387442932  0.72771232867402258  0.73923457690843408
  0.75036240400754450  0.76158887787337426  0.77292950885487632  0.78404201588864897
  0.79505305988591624  0.80612365527732321  0.81697058406274059  0.82751101066568522
  0.83789444981366634  0.84849893004303256  0.85919115028610538  0.86984171804131349
  0.88101555426635847  0.89247916692894369  0.90386928913066644  0.91512865243537733
  0.92620163893725882  0.93700976182963946  0.94716573281732475  0.95748994111062669
  0.96830703976161703  0.97905436814115443  0.98941807653545788  1.00000000000000000
  0.01883096907081634  0.06327318481747861  0.09465124990592234  0.11893377695180679
  0.14047655744998841  0.16010448961666565  0.17749971205941972  0.19464899951641967
  0.21210008788675172  0.22817625479223130  0.24289653393550006  0.25668622359919091
  0.26971156789282968  0.28159033476071854  0.29276162945369094  0.30364777403231813
  0.31506497830436248  0.32751140719378313  0.34026368017907105  0.35256023757710825
  0.36463581100593279  0.37646274512738659  0.38806197885283739  0.39911984445228593
  0.40944548812770615  0.41999147462682751  0.43125207940110205  0.44272642563370185
  0.45381859262864327  0.46398134289174525  0.47376098998622374  0.48341503932427471
  0.49272985887498183  0.50197658149900448  0.51124184665749606  0.52054884252040567
  0.52953877939099492  0.53834937309888609  0.54701899080705274  0.55588422701389484
  0.56458100322845484  0.57334155397885089  0.58239982835076132  0.59183624668520496
  0.60056460142822654  0.60914743485611311  0.61778471503467258  0.62654548391229947
  0.63495738815993119  0.64380061526560661  0.65193175644998524  0.66071605805845612
  0.66857223523615339  0.67646150395289950  0.68446228488106653  0.69319891978862525
  0.70146559772138928  0.71016978121019714  0.71916202192593481  0.72787528682656699
  0.73561367507822861  0.74314535361879230  0.75113847079235996  0.75993654460960813
  0.76865405976531731  0.77652893311364390  0.78365336938290431  0.79016635968889659
  0.79691154140289033  0.80395267276065174  0.81128714076030273  0.81900786392589764
  0.82694958557292553  0.83452724389440136  0.84125664654423571  0.84778003460522044
  0.85436978486043680  0.86041377443553557  0.86630275796268696  0.87218798586665514
  0.87859172442908662  0.88528341204405236  0.89182830286015424  0.89820052514369253
  0.90479190083219330  0.91138680093664526  0.91801176330010159  0.92450117361943918
  0.93142441975425694  0.93857320889819085  0.94607811944079345  0.95364078457627044
  0.96061852185223517  0.96735646490496618  0.97085417816000763  1.00000000000000000
  0.14101930707197241  0.15921228526080683  0.18146291637432729  0.19973877885795238
  0.21571595820686834  0.23073352191724308  0.24436948137343098  0.25796782002984087
  0.27109847637077938  0.28355593658331957  0.29548679275001366  0.30680744051281844
  0.31762953093979773  0.32785014067707946  0.33757219787085480  0.34706134008647682
  0.35696566941417585  0.36674553004722704  0.37598527988217029  0.38482523362560883
  0.39356510276748125  0.40194565001689253  0.40985961575201246  0.41779006131442764
  0.42585013065238175  0.43396160892617319  0.44166918124823090  0.44938540738338262
  0.45699608558875410  0.46510178671744018  0.47276633779853178  0.48040927996134564
  0.48800048390008710  0.49611095148458750  0.50490093639991462  0.51322363159465034
  0.52096334521326304  0.52845232601484415  0.53560748891573862  0.54257480032357364
  0.54961415094127908  0.55710182270763486  0.56511970609139428  0.57222638361789468
  0.57861566405498999  0.58446549711918738  0.59040067645105587  0.59642224899429397
  0.60285694741850837  0.60924611306792975  0.61595236659395924  0.62257437042814978
  0.62904703681853746  0.63537797977947807  0.64189139914422655  0.64848798752504000
  0.65519933121193807  0.66179694732509309  0.66816220393616854  0.67406756325647410
  0.67979040715867101  0.68569536139936549  0.69205222150393286  0.69854580823868218
  0.70482528632058672  0.71105203052543131  0.71730923642437194  0.72353595193089137
  0.72954641575932466  0.73571760722569324  0.74212313334202962  0.74879194794092729
  0.75540747416767395  0.76170508576430784  0.76753007748996893  0.77261201150315273
  0.77715469665396097  0.78203140943744165  0.78710267533396461  0.79197730244376363
  0.79682822799127329  0.80189021681011818  0.80702971691044101  0.81181381353237925
  0.81646663093193494  0.82098564795390139  0.82613038061280031  0.83234880202290973
  0.83876433903547731  0.84456379639029144  0.84998303673408826  0.85484275158291856
  0.85911484022235840  0.86340803412792266  0.86529759265961848  1.00000000000000000
   1.6858548483814112E-012  -1.0000000000000000     
 T T F F F F T T F F F F F F F F F F F F F F F F T T F F F F T T T T F F F F T T F F F F F F F F F F F F F F F F T T F F F F T T
  <DiscreteSampler_grid>
  grouped_processes
  1 # 1 for a reference and 2 for a running grid.
  10 # Attribute 'min_bin_probing_points' of the grid.
  1 # Attribute 'grid_mode' of the grid. 1=='default',2=='initialization'
  0.0000000000000000 # Attribute 'small_contrib_threshold' of the grid.
  0.5000000000000000 # Attribute 'damping_power' of the grid.
 # binID   n_entries weight   weight_sqr   abs_weight
    13   10   5.946938098396418E-004   7.180905762110703E-007   5.946938098396418E-004
    14   10   5.946938098396393E-004   7.180905762110596E-007   5.946938098396393E-004
    16   10   7.513516390184792E-004   1.140193548685662E-006   7.513516390184792E-004
    17   10   7.513516390184762E-004   1.140193548685645E-006   7.513516390184762E-004
  </DiscreteSampler_grid>
