  0.00187908919959819  0.01442144821028533  0.02794784617555665  0.03945481518265038
  0.05029016419363679  0.06102267844659347  0.07129821255682982  0.08208885415707647
  0.09391569371718088  0.10602599577056250  0.11781452825297979  0.12935497979708499
  0.14059857611911258  0.15076588442468389  0.15981999818478607  0.16922941134071673
  0.17973679560408667  0.19016015707137818  0.19915448527994847  0.20845840916459552
  0.21915164859423500  0.22990414400529494  0.23999292883465490  0.24987643839862433
  0.26162724268400378  0.27459214222342992  0.28698813436397502  0.29964666675334661
  0.31290366957467058  0.32604046739099185  0.33855858834415692  0.35185260772772292
  0.36527919585601754  0.37882721818068205  0.39271805371318497  0.40669101715274802
  0.42041938000707635  0.43267956827399545  0.44166970706526093  0.44899394508504537
  0.45641320415923198  0.46346503299242825  0.47097448494029720  0.47958079112421437
  0.48875991653416484  0.49677837861996627  0.50494322542112779  0.51620550664966736
  0.52924898316902402  0.54131188676471476  0.55051306711169745  0.56003932912161691
  0.56958704409471461  0.57935669516266652  0.58990688380945033  0.60094428172770864
  0.61179272339851232  0.62232210271438448  0.63258915613486644  0.64291324941177497
  0.65450101314727172  0.66742345700946193  0.68039018900246873  0.69231362826434706
  0.70362327001801417  0.71451330465600515  0.72520551993058791  0.73661943955397169
  0.74790110128080589  0.75825926794427545  0.76811707018064335  0.77774708170204898
  0.78761316830821493  0.79751892552837134  0.80643967140932471  0.81551102015360111
  0.82481159625770417  0.83495031088686800  0.84489351475456009  0.85392462524250845
  0.86245849432456068  0.87125924942068989  0.88094835421901030  0.89152163213522428
  0.90320600190967337  0.91553947317335727  0.92562603734022875  0.93420685110968404
  0.94269917594853359  0.95159942839351952  0.96087711726797775  0.96972258703126513
  0.97695137800078624  0.98508491589441849  0.99255826943122705  1.00000000000000000
 -0.00003694147739395  0.00082623247353337  0.00339191475563263  0.00774959431200986
  0.01318822502676116  0.01807125750230292  0.02269452374988788  0.02750585535754295
  0.03268427715579363  0.03852880553303972  0.04381206523016804  0.05047247993000916
  0.05890589444905487  0.06818524568268564  0.07731644408199688  0.08627126866417693
  0.09438853848270255  0.10206109766672386  0.11001423920918312  0.11822071235505635
  0.12603062715950378  0.13510438091274596  0.14548438606182601  0.15470333469927255
  0.16286621757916472  0.17112317478667716  0.17974142815784730  0.18888620916813387
  0.19887486997010972  0.20850534774570445  0.21854141075128997  0.22903433943378895
  0.23985885892017964  0.25125541125549550  0.26340610168131029  0.27594306178007705
  0.28865346308111028  0.30170497666009793  0.31470857060695800  0.32455729310751164
  0.33239985473597744  0.34018493764071323  0.34790897575316537  0.35567804359856514
  0.36463127851094140  0.37453161995860335  0.38359827891347242  0.39251216210390238
  0.40149019660453200  0.41129132558881432  0.42199720696567783  0.43208086474926005
  0.44077308818087990  0.44921808818234704  0.45755862101168443  0.46589223744337604
  0.47584947646011699  0.49180818601623100  0.50532746677885565  0.51833649102692236
  0.53127393915528531  0.54404989072887810  0.55675800629532535  0.56949062003237749
  0.58144159735224688  0.59271195863323467  0.60412726265661321  0.61609736648760283
  0.62809436385547601  0.63910666102650704  0.64944284501425520  0.65986155608339669
  0.67080453241108362  0.68234660804943181  0.69437372804889486  0.70668767735328764
  0.71919822935696975  0.73207774234378631  0.74548224712781164  0.76046798907029378
  0.77564395480187776  0.79072312403271727  0.80566257029116362  0.82025740541020586
  0.83454042319578725  0.84887156332508051  0.86325507165559112  0.87756108503382568
  0.89178749308790517  0.90620990724222994  0.92087117571237886  0.93591049892541034
  0.95143314436156612  0.96733245845460880  0.98349422154507504  1.00000000000000000
 -0.00306265509666619  0.01054865690625021  0.02289193164396842  0.03408028589471047
  0.04421145380418740  0.05363386386664327  0.06382209953990009  0.07461045560481966
  0.08498932630096012  0.09471635687155597  0.10457616042993016  0.11510546570800315
  0.12625481862222182  0.13803661995978123  0.14978869494363495  0.16080926330035158
  0.17074424455336076  0.18046822264320811  0.19058788201488117  0.20126790848873113
  0.21255077521663282  0.22375093180949598  0.23495192669049997  0.24662564651467916
  0.25857751218124336  0.27016823046186333  0.28112776920411270  0.29189235944037861
  0.30288280177716675  0.31376749759540967  0.32344201469457273  0.33176573261730424
  0.33969106200472771  0.34900472927639836  0.36008472703087824  0.37135335753265358
  0.38107486242573846  0.38986703946701839  0.39856596532360500  0.40848813186959304
  0.41938908042619982  0.42960100232356563  0.43808745908279267  0.44924650627517476
  0.46109391195317057  0.47096260015339597  0.48153573144809508  0.49101671477400760
  0.50000383022653971  0.50965685584046494  0.52025699247268065  0.53291586732000240
  0.54547821187802048  0.55666262926998389  0.56803885100284046  0.58029533146826462
  0.59190753086515879  0.60408826394537141  0.61759285915758633  0.63191172820537123
  0.64547164639194887  0.65718665148966826  0.66805254954935012  0.67940900110139124
  0.69045570064705875  0.70051207506626112  0.71013686629719253  0.71970181086055451
  0.72911496510543627  0.73825263549374642  0.74755996068122710  0.75869567074167232
  0.77183398132389169  0.78517167876543081  0.79794967808105344  0.80984900333930276
  0.82178083475015939  0.83308526007571504  0.84447074006290057  0.85525085111218224
  0.86436851672203119  0.87419688739485424  0.88207177793766900  0.88871761607416344
  0.89526418617224268  0.90292707972542985  0.91069833624528540  0.91808165870722280
  0.92624907167309622  0.93407993342069451  0.94255129553032013  0.95380293300779040
  0.96591894676454459  0.97737107313740745  0.98864639288290435  1.00000000000000000
 -0.00060717481702689  0.00534245699075082  0.00955417154130136  0.01381237174026666
  0.01896795339552841  0.02497945672455710  0.03073175016268137  0.03642476436143125
  0.04159828659754345  0.04816337845328098  0.05466120109222002  0.06281161977678854
  0.07195366533348393  0.08151858435968405  0.09070850283979988  0.09943911474724593
  0.10847946940448121  0.11786323275993248  0.12585170974096010  0.13245889127082894
  0.13957122489846321  0.14685439983816065  0.15479289749993674  0.16302917404527856
  0.17046587272624161  0.17739532131051511  0.18437599133148472  0.19272626799149195
  0.20203467763490174  0.21095631641231927  0.21966669759184085  0.22827594941392410
  0.23762457858880753  0.24738281507479018  0.25916604468233589  0.27150843105735328
  0.28409227353357180  0.29684197823111785  0.30930502336228749  0.32202059363060814
  0.33456452743988707  0.34734195006357976  0.36014358012646974  0.37278480658440311
  0.38583662131609386  0.39894789802665209  0.41308247623456718  0.42815783898277932
  0.44349723682248426  0.45956464400983704  0.47569016998784341  0.49253914591552495
  0.50794820431778331  0.52332770959003239  0.53859874115295903  0.55391187233540529
  0.56988549339035455  0.58618816847671185  0.60174858467901338  0.61583277028431060
  0.62938756315150868  0.64361111316199993  0.65903812820766894  0.67364614374044962
  0.68668047893884687  0.69840598477999016  0.70999027906400614  0.72267810709465941
  0.73403603459126998  0.74260610884571809  0.75017052127773975  0.75832121664390029
  0.76673087431614528  0.77525166638679954  0.78348205996023990  0.79147745089621557
  0.79997239140143017  0.80930486475376140  0.81898920305418266  0.82896586036811681
  0.83961492530754478  0.84941469665495473  0.85870897988571460  0.86791475659459782
  0.87789656642689695  0.88878960588347722  0.89939795604980965  0.90965645155266883
  0.91973064100165614  0.92973908540572825  0.93971520925516683  0.94955496163976361
  0.95974490414882541  0.97189192991042783  0.98542108534715278  1.00000000000000000
 -0.00222347714696165  0.00885386824899634  0.01847997144459193  0.02932465882598312
  0.03899101145640479  0.04857399971760299  0.05808437779411914  0.07168197765726111
  0.08531266655304004  0.09859219052732295  0.11121077802203380  0.12388681122524599
  0.13663056938714721  0.14907167041878461  0.16107506846840958  0.17256142866700397
  0.18335305100481208  0.19352941320952227  0.20384947579452492  0.21314867841987481
  0.22228863532068921  0.23191191041230305  0.24178890310996706  0.25084348656393368
  0.25836081370758562  0.26580822902110807  0.27342630934159595  0.28104883553763010
  0.28926829258072018  0.29764671231848294  0.30501462623291120  0.31292428467389638
  0.32392158449697961  0.33753711519517121  0.35161032239237577  0.36378759281186179
  0.37690894320676310  0.38988848082654776  0.40158753165656763  0.41365610094297528
  0.42665009447124147  0.43937689134787744  0.45094645451653570  0.46273752383088995
  0.47497966721376633  0.48756781059474746  0.49959652842326435  0.51033076871151051
  0.52043332466200454  0.53043833327794876  0.54040619198325390  0.54994129393443580
  0.55959453651129365  0.57009336268976030  0.58116005101784129  0.59169847726445279
  0.60138489087443936  0.61156026661802732  0.62253056400596885  0.63291891979004222
  0.64247541699827315  0.65107374518389605  0.65964654776080889  0.66916699450535577
  0.67854348618094584  0.68805805318842994  0.69832808872608754  0.70892970178744619
  0.71972885219199545  0.73077669009776314  0.74198184670649436  0.75310374659047330
  0.76387204175625523  0.77371319747525957  0.78240732052680051  0.79143526033009926
  0.80090813037074737  0.81019803211301489  0.81918857602356232  0.82780130524908713
  0.83668065756534504  0.84633502160923013  0.85848286936436535  0.87004444230256062
  0.88121923626988730  0.89166365183565088  0.90161827384570381  0.91208143844208533
  0.92252667538879940  0.93338255242418555  0.94431471600840944  0.95720733580391038
  0.96994234185491024  0.98143326397918917  0.99108346061752406  1.00000000000000000
 -0.07192237701074781  0.83324800143432087  0.90939509794682549  0.94047167818453337
  0.95719567201710998  0.96268870046434174  0.96684627553863056  0.97041198937874429
  0.97357671274439939  0.97634508092362859  0.97878325879386896  0.98068783214271782
  0.98236681613873422  0.98387852675304766  0.98523373619634591  0.98645744207219177
  0.98754705711410007  0.98852791166822496  0.98941461407714415  0.99022579973661162
  0.99094590788331005  0.99160662040362679  0.99221366496515262  0.99276918940355763
  0.99327318592884839  0.99373441399855900  0.99416165584564564  0.99455406950204628
  0.99491796807917177  0.99525180551363424  0.99554444239296425  0.99581179831169730
  0.99605646926566849  0.99627846761840810  0.99648421536351239  0.99668648181204100
  0.99686628195716487  0.99703546029149459  0.99719376787720493  0.99734386414517573
  0.99747854742365882  0.99760071205821332  0.99771971420047112  0.99783433223598283
  0.99794462977914145  0.99804411287565564  0.99813309666376182  0.99821719811212528
  0.99829851112821777  0.99837626537606072  0.99844903752266612  0.99852016863627635
  0.99859165628794166  0.99865611676251032  0.99871105855138942  0.99876037982228827
  0.99880817742345274  0.99885466082128627  0.99890035744165895  0.99894514263434875
  0.99898871925740818  0.99903016251417243  0.99906971293452418  0.99910836147553217
  0.99914620130052978  0.99918188376182249  0.99921694292008234  0.99925120202823992
  0.99928438469830683  0.99931685038206408  0.99934723715216434  0.99937552090670601
  0.99940271321165186  0.99942941815407016  0.99945563718933550  0.99948117294667915
  0.99950584131243392  0.99953007152033824  0.99955383989188451  0.99957735157937122
  0.99960027068796919  0.99962245340387945  0.99964436724159123  0.99966613207815025
  0.99968771146124591  0.99970925432790358  0.99973088443925828  0.99975268474652679
  0.99977549284259215  0.99979845889398500  0.99982134790664368  0.99984720111237357
  0.99987505754204298  0.99990559925300782  0.99994738859757792  1.00000000000000000
 -0.01997032946943110  0.11972106087291218  0.18131685166489084  0.22172081074627520
  0.25140774113811298  0.27041144795386257  0.28560972278095309  0.30042733445106951
  0.31335027415446337  0.32570531347626236  0.33628226559886082  0.34530367641506293
  0.35449545088428924  0.36343486670311170  0.37118330866250360  0.37905078941681669
  0.38757833998050445  0.39577216703141699  0.40426359741314305  0.41328826072801589
  0.42183347709556240  0.42990805649662955  0.43777326677266765  0.44517310910124441
  0.45226673540682294  0.45932144459001900  0.46646943253069006  0.47376703838656570
  0.48120075870707529  0.48865143052214965  0.49594356865616640  0.50294470186954010
  0.50937513696720416  0.51537045689560324  0.52127585817939626  0.52727961730088058
  0.53305650676482386  0.53846968821464247  0.54371830425832335  0.54893420078643673
  0.55421409007197908  0.55958504779290974  0.56415722805304180  0.56875917017158251
  0.57335612364693156  0.57781223328963593  0.58221909809476069  0.58680658325111135
  0.59243639220299738  0.59809650994876762  0.60353301353001387  0.60887265191963291
  0.61411343993259160  0.61921962356384330  0.62454472226307201  0.63046339910677973
  0.63622717851339394  0.64184427686281353  0.64732360720357951  0.65281034227517376
  0.65840408012278973  0.66413673861205758  0.66996303980137795  0.67573920953141486
  0.68158755758999190  0.68723773286277290  0.69309481371634007  0.69912538330574536
  0.70510382255939863  0.71093381634191499  0.71640556247974152  0.72225822926079797
  0.72837031644579109  0.73363180956173457  0.73885012479797163  0.74475637139751494
  0.75099748523896714  0.75726767411244389  0.76338573534997634  0.76968148424278970
  0.77570450382411393  0.78161227596267702  0.78727719175437283  0.79314084647996919
  0.79930384979311919  0.80575325692810895  0.81256168687764518  0.81988658409140258
  0.82804177314741489  0.83643410520096517  0.84533875016779803  0.85568720435554058
  0.86998408657243220  0.89205154315400326  0.92316021552400396  1.00000000000000000
   7.7527413463392612E-010  -1.0000000000000000     
 T T F F F F T T F F F F F F F F F F F F F F F F T T F F F F T T T T F F F F T T F F F F F F F F F F F F F F F F T T F F F F T T
  <DiscreteSampler_grid>
  grouped_processes
  1 # 1 for a reference and 2 for a running grid.
  10 # Attribute 'min_bin_probing_points' of the grid.
  1 # Attribute 'grid_mode' of the grid. 1=='default',2=='initialization'
  0.0000000000000000 # Attribute 'small_contrib_threshold' of the grid.
  0.5000000000000000 # Attribute 'damping_power' of the grid.
 # binID   n_entries weight   weight_sqr   abs_weight
    13   10   4.498916605803678E-002   1.293416892733777E-002   4.498916605803678E-002
    14   10   4.498916605803681E-002   1.293416892733779E-002   4.498916605803681E-002
    16   10   6.833768507428208E-002   2.987421523975407E-002   6.833768507428208E-002
    17   10   6.833768507428210E-002   2.987421523975410E-002   6.833768507428210E-002
  </DiscreteSampler_grid>
