  0.00146903196648884  0.01451377426109310  0.02888995328865089  0.04106716749100445
  0.04964152257737527  0.05712829303202547  0.06477122462240216  0.07329796394111295
  0.08177955446434222  0.08968184802125628  0.09673098961914636  0.10394280770271709
  0.11298994891923131  0.12405173654979709  0.13651949436899277  0.14963618051294039
  0.16283184558786157  0.17606700442850701  0.18948069318327995  0.20291897429984018
  0.21680275134932778  0.23121206483252971  0.24511937710844109  0.25786586907499748
  0.26883716741610814  0.27867539169313954  0.28760069936253019  0.29614485942582075
  0.30438092726885740  0.31288280802165114  0.32281949088911760  0.33290199135970566
  0.34162336903719459  0.35020182082296908  0.35972928295238210  0.36917198303536858
  0.37835404872962564  0.38823305489408422  0.39895253874879411  0.40847523986747780
  0.41700856177651713  0.42571685196887971  0.43391466963514641  0.44332681010301994
  0.45513960105827911  0.46764274793131100  0.47975128258509014  0.49143668250072353
  0.50322622107342019  0.51514873483174450  0.52635474428485662  0.53601013194340730
  0.54543311786717075  0.55463168997411816  0.56419243928100182  0.57378474198499763
  0.58323959909007417  0.59250469859468602  0.60289404967890192  0.61496555106772621
  0.62704132507747878  0.63895319674182516  0.65081949634849190  0.66245910776409844
  0.67498684014255950  0.68782823270394555  0.69485574881083079  0.70198469744507030
  0.70892139399796528  0.71597609491189607  0.72351530622657190  0.73041775482479609
  0.73740519731126775  0.74413005953914146  0.75195314860410356  0.76282486992973753
  0.77502165753612706  0.78748939936271700  0.80148212133930696  0.81657245557470770
  0.83081244130662257  0.84389724519504739  0.85573862098760711  0.86632292538333977
  0.87628754548161047  0.88651031330772057  0.89715598375580408  0.90828805780759048
  0.92013864580204330  0.93296262305494382  0.94452865992257795  0.95485536996352915
  0.96496876332821269  0.97516516859795288  0.98483447654263234  1.00000000000000000
 -0.00003909178494018  0.00092921504868327  0.00349775371168172  0.00696536617292704
  0.01195886101689907  0.01823628116705939  0.02324744986963142  0.02865276769695747
  0.03479840297345032  0.04207521100860898  0.04953684160557096  0.05750174592960620
  0.06592734734721370  0.07424392025660045  0.08275407040515520  0.09140054149742699
  0.09967276176650637  0.10832743313436842  0.11819360002060431  0.12726555059463382
  0.13624255211309655  0.14643974660978870  0.15515601268950091  0.16372340849057618
  0.17359993393379294  0.18279847619158679  0.19122269716092571  0.20052566064217459
  0.20963279631360116  0.21929039484677545  0.22923823177820615  0.23790916520714600
  0.25009542615699659  0.26372286919955068  0.27872187479540955  0.29536263846026217
  0.31188532369268146  0.32346689807135121  0.33561790805130576  0.34744654519428297
  0.35794150545991438  0.36767982613960976  0.37771554210526492  0.38775476936427167
  0.39739826255777755  0.40704340672328937  0.41687426798667693  0.42650660019357378
  0.43541634746809166  0.44439675994771705  0.45345067463969535  0.46258609967582265
  0.47164895477146090  0.48098768219952148  0.49029422848448834  0.49977701694439197
  0.50884231105561095  0.51798938108320547  0.52670527055146599  0.53597134759048959
  0.55014012397607703  0.56631472106948300  0.58191635133782738  0.59520106321448119
  0.60522472210365108  0.61669007775514539  0.62775953594604927  0.63934573318270038
  0.65079134805632954  0.66254927606352076  0.67529107743542494  0.68963956187480546
  0.70416280598408154  0.71681644464702943  0.72984978537400536  0.74298285123798136
  0.75591987720601583  0.76851672590420084  0.78133955380375564  0.79457031286889179
  0.80810666596032765  0.82180790356710254  0.83539951363880161  0.84799966242225566
  0.85823601057704269  0.86811479376639922  0.87961826485958383  0.89273011819688486
  0.90666080997283582  0.92061510541528879  0.93412371238116776  0.94723929685142572
  0.96041110141156916  0.97362910841654526  0.98676514746651978  1.00000000000000000
 -0.00318615850524766  0.01077683495126997  0.02368848962278897  0.03649848517166527
  0.04865592648011091  0.05943721895847412  0.06920037204012006  0.07873693450427612
  0.08799191372816807  0.09731540457425598  0.10642116155901760  0.11672936760376026
  0.12876601635864335  0.14170199579753348  0.15483844304157607  0.16742818018588090
  0.17957791263745773  0.19118921148848778  0.20277079202572559  0.21498631621176581
  0.22772553471035209  0.24054245458561019  0.25236884292067097  0.26346412901103394
  0.27466485190076856  0.28531450687480314  0.29636816464656462  0.30831490202576922
  0.32050570695709574  0.33209015045978985  0.34462758650272679  0.35494707428380734
  0.36240638195977176  0.36953392769230292  0.37622499311934576  0.38287728309645647
  0.39062582538112617  0.39784623698610067  0.40441353232577487  0.41066445868167317
  0.41930979398166135  0.43107135631060350  0.44321738206423139  0.45434895439286255
  0.46523472461898036  0.47607580587206932  0.48671149005293435  0.49726360580753126
  0.50780562368453086  0.51857485537423464  0.53185078824069532  0.54397895042390021
  0.55417819825025816  0.56349802792432124  0.57248661996477201  0.58168049705662650
  0.59210605957827911  0.60184633000236099  0.61176777504097690  0.62229661974101491
  0.63326715393182620  0.64368863482675376  0.65309774042575497  0.66217108933896995
  0.67125800631093024  0.68142724578019986  0.69207160458826111  0.70201717717917400
  0.71147239010093044  0.71983504233164086  0.72828007784248883  0.73790034867372134
  0.74848315772579921  0.76045506037845367  0.77319194154824933  0.78504367298582822
  0.79528070366449621  0.80544304096873931  0.81491122850489073  0.82413959324031838
  0.83400147753945353  0.84305780703820499  0.85077536853469127  0.85830592342076484
  0.86621555653263871  0.87468677274463835  0.88318413397868056  0.89270075753750622
  0.90528579319774993  0.92023345017240732  0.93480911170459713  0.94815326509388187
  0.96095048187792576  0.97379830109832999  0.98716195537973261  1.00000000000000000
 -0.00083685328501927  0.00521894391308699  0.01097991425643061  0.01649877368603532
  0.02227073781893126  0.02841310743993715  0.03471803300393848  0.04241248737868913
  0.05217849127594950  0.06311196415993717  0.07453766021955008  0.08572587827142278
  0.09668467642117999  0.10752820409902511  0.11870591243920303  0.13021150000297824
  0.14120326185619475  0.15134198410715843  0.16126193909440698  0.17034513152342817
  0.17946612116199578  0.19005806566215869  0.20148365926236658  0.21295407246789005
  0.22420580183796632  0.23658087575911893  0.25022086962340478  0.26336806579084526
  0.27421867933587807  0.28303694672107504  0.29245911914363021  0.30266898243163287
  0.31311100821518406  0.32329599909573109  0.33334065191184087  0.34536001921281601
  0.35874770743256168  0.37210361862114616  0.38268082438261780  0.39185085074190196
  0.40255106214613912  0.41577722776757126  0.42903135298282996  0.44181784634209903
  0.45529434259929730  0.46786868004761645  0.48017482688656232  0.49283374400663121
  0.50526320049438334  0.51797792836418732  0.53306107384185197  0.55046360891904556
  0.56823624139867035  0.58366205185022424  0.59652682478455399  0.61019463438264454
  0.62432569224631984  0.63884523845540098  0.65326336815924624  0.66456490953523661
  0.67158510650828318  0.67848914287600048  0.68572097476468774  0.69273967618776089
  0.70055288680794525  0.70765068719475521  0.71441677605395915  0.72099128841799087
  0.72791467247962605  0.73757881781407486  0.75306644525090594  0.76621848517030777
  0.77959905712784827  0.79309197209089144  0.80664371887946196  0.82095441916330292
  0.83387910343654981  0.84339828064392774  0.85196558341260309  0.86019849054077413
  0.86811138402858956  0.87570098418226627  0.88282049438491972  0.89007801331077840
  0.89746788860323201  0.90478441649081076  0.91180393567753626  0.91879951878276389
  0.92673253377063514  0.93557803503156400  0.94464122819678364  0.95385434670502167
  0.96436494630915237  0.97569004371325629  0.98758325998814600  1.00000000000000000
 -0.00268952783916010  0.00895055390104275  0.02138097964741153  0.03387439390415636
  0.04654988778435715  0.05924913901567178  0.07132634509374071  0.08212019762246357
  0.09199030599160427  0.10163170004333306  0.11073430293940573  0.11991816938798990
  0.13054135234380362  0.14165789931750827  0.15239973072562235  0.16284282970574557
  0.17360419636350374  0.18489142338510903  0.19568174453385292  0.20515274933482408
  0.21356474408862045  0.22204353858510578  0.23143033695654455  0.24096362700008261
  0.25145030908361676  0.26333975715048008  0.27570001742258365  0.28840103201324913
  0.30145633896758617  0.31418761182900162  0.32534077524522387  0.33465212977751102
  0.34350914814122890  0.35260417001843319  0.36157515980793298  0.37157728685927055
  0.38377888409987626  0.39728045531077794  0.41078008522065002  0.42361690023062909
  0.43551357715313521  0.44577660197493107  0.45569746809211942  0.46679031137719823
  0.47744068061223333  0.48764452717718804  0.49758268512094589  0.50931456564924138
  0.52196431265618359  0.53447711426078071  0.54723870209018621  0.55946799743551512
  0.57111337883570623  0.58241919094524730  0.59383702827210305  0.60580700863021375
  0.61771503636563763  0.62715592580351531  0.63412839234201857  0.64101378073105575
  0.64785644653817276  0.65506634760060534  0.66252608121996903  0.67000641968624064
  0.67813628121196157  0.68567857828955647  0.69569741152436537  0.70813478706831867
  0.72047278507151191  0.73204392869121782  0.74302114389081564  0.75354470340983581
  0.76409356710991660  0.77543601996989742  0.78755044706360988  0.79928196912375393
  0.81047792945875408  0.82233230769890964  0.83418645956167070  0.84607967651777438
  0.85696031983495180  0.86726213589079748  0.87620624119620605  0.88293927826202745
  0.89023625791459737  0.89851316441125151  0.90677971323070838  0.91397443225323627
  0.92068819186427708  0.92953897628572213  0.93706555593655805  0.94941481317097665
  0.96182900143749017  0.97429739323195985  0.98718597858383894  1.00000000000000000
 -0.07591149447982629  0.84329283413091627  0.91904304537345582  0.94826025835331906
  0.96043077234480723  0.96495125432828432  0.96901459551165892  0.97255795035953196
  0.97561356691038570  0.97821438158713259  0.98036519592976867  0.98216209741632510
  0.98379274694981222  0.98517610570351111  0.98644622694545314  0.98758423551377572
  0.98861295588428666  0.98955866762718681  0.99039793697230250  0.99113955284601163
  0.99180837704472447  0.99242603424771347  0.99298765695047175  0.99349836021806992
  0.99395548465681594  0.99436468654832999  0.99473856471163169  0.99508747178885482
  0.99541052940581431  0.99570823588571866  0.99598392395047164  0.99623320431609708
  0.99646541230592822  0.99667573678237775  0.99686842946404919  0.99705254791161024
  0.99722518912803759  0.99738134630622033  0.99752567718813223  0.99765897154023242
  0.99779030406625879  0.99790615092845580  0.99801247963951989  0.99810458797024038
  0.99818666551029966  0.99826757161171076  0.99834605740679994  0.99841915010744930
  0.99849154615841129  0.99856485015081309  0.99863241345785425  0.99868688730424771
  0.99873559542529289  0.99878339749680944  0.99882936894364449  0.99887439170894687
  0.99891804943783025  0.99896023220845676  0.99900189556305086  0.99904140413548492
  0.99908039131192594  0.99911867266988075  0.99915603577858803  0.99919201421587178
  0.99922680839471856  0.99926045099803140  0.99929306084439851  0.99932512761283321
  0.99935417301893958  0.99938183467926334  0.99940884777659056  0.99943486969746786
  0.99946055532240252  0.99948553755253189  0.99950905622865061  0.99953190628552302
  0.99955440254416739  0.99957654812265972  0.99959815497692428  0.99961963604921600
  0.99964086795461837  0.99966045442907703  0.99967992213845591  0.99969925951121463
  0.99971821804692385  0.99973709627068030  0.99975594406745039  0.99977491111721273
  0.99979468640354463  0.99981496567029060  0.99983543126362040  0.99985833358204690
  0.99988347588648308  0.99991165261497095  0.99995033247455467  1.00000000000000000
 -0.02605487450323468  0.13471533690251156  0.19156201397894002  0.22707578117765048
  0.25335896071021979  0.28008770503542557  0.30335180549803437  0.32366520148712191
  0.34103529996027859  0.35599898303425320  0.37008456830823577  0.38198416089501641
  0.39149361913675446  0.40203788146052327  0.41230413080606926  0.42276725819255423
  0.43069173936301036  0.43880978519246838  0.44748575612011571  0.45572181611800427
  0.46437165594155999  0.47323909953363053  0.48184668867034225  0.49003663312933426
  0.49786195935979477  0.50668035790956789  0.51482779148952174  0.52176818755606447
  0.52742942763942269  0.53239544747829604  0.53719859917765878  0.54206221096182194
  0.54743817805799189  0.55300018959710118  0.55834510917260805  0.56351090354233280
  0.56847229650397890  0.57324732812005663  0.57799122959707139  0.58283143199736653
  0.58788078869819616  0.59315355590385133  0.59848608378262047  0.60393464464985103
  0.60982437842658832  0.61590466239074804  0.62287177075024303  0.62799862521381888
  0.63187595028181398  0.63491477484462722  0.63758907009890331  0.64031966242847349
  0.64313333349667534  0.64664533400705204  0.65060467681117251  0.65446437532873192
  0.65841470448059625  0.66228725131702693  0.66615704626274086  0.67026372258374922
  0.67460651387113668  0.67888938469662130  0.68293089750526470  0.68720942605964541
  0.69234011384612215  0.69833411759442576  0.70418348177117074  0.70974021173296653
  0.71499975497317703  0.72021346835233946  0.72565843367833938  0.73140459956048731
  0.73722967178924059  0.74284862588068667  0.74839140233629675  0.75372584198985948
  0.75861601758167096  0.76342813418549815  0.76809986062182045  0.77315379020660380
  0.77860017476745891  0.78507896547469147  0.79159195226356205  0.79824540718216330
  0.80473104374548021  0.81153296628646154  0.82032278530542158  0.83005117261000971
  0.83920930062795407  0.84851753619097714  0.85833653681947875  0.86852291330000631
  0.88009063940499177  0.89422291834165868  0.91836031651495875  1.00000000000000000
   1.0237660038646013E-010  -1.0000000000000000     
 T T F F F F T T F F F F F F F F F F F F F F F F T T F F F F T T T T F F F F T T F F F F F F F F F F F F F F F F T T F F F F T T
  <DiscreteSampler_grid>
  grouped_processes
  1 # 1 for a reference and 2 for a running grid.
  10 # Attribute 'min_bin_probing_points' of the grid.
  1 # Attribute 'grid_mode' of the grid. 1=='default',2=='initialization'
  0.0000000000000000 # Attribute 'small_contrib_threshold' of the grid.
  0.5000000000000000 # Attribute 'damping_power' of the grid.
 # binID   n_entries weight   weight_sqr   abs_weight
    13   10   2.970133759122887E-004   5.730420650033489E-007   2.970133759122887E-004
    14   10   2.970133759122896E-004   5.730420650033552E-007   2.970133759122896E-004
    16   10   7.053984567648000E-005   3.244606159159918E-008   7.053984567648000E-005
    17   10   7.053984567648022E-005   3.244606159159952E-008   7.053984567648022E-005
  </DiscreteSampler_grid>
