  0.00352019466690999  0.01078839733961477  0.01788400727538342  0.02537826762717998
  0.03323181758460580  0.04175400077050104  0.05021237042101023  0.05791824002051604
  0.06654410857238005  0.07850253909576410  0.09046078838007333  0.10086288278749617
  0.11102319537561213  0.12138738563216854  0.13243380018710413  0.14486254678471075
  0.15839644795712432  0.17164693087952887  0.18431933848658721  0.19657035713026638
  0.20695741493011793  0.21529577616443160  0.22361364755656282  0.23184566086249422
  0.23851633524854882  0.24529356617715289  0.25309360144538257  0.26061426033317286
  0.26765264396724264  0.27645333626130908  0.28853759316667948  0.29951217866070667
  0.30980791282370473  0.32032526196143601  0.33098829855783457  0.34148270131135411
  0.35139803298296446  0.36332033773762090  0.37514897528826124  0.38454705213147994
  0.39485415233485804  0.40460629126720710  0.41350415325563528  0.42194997499824849
  0.43061433457607706  0.44069177068408460  0.45153075871451415  0.46266412140818214
  0.47414728684225316  0.48532344027859992  0.49630322517590919  0.50833894545422342
  0.52128781594908413  0.53541398416230612  0.54986714529985548  0.56251329314162446
  0.57529311585585408  0.58796021085684225  0.59969304787014122  0.61080460783792823
  0.62241505697061095  0.63345668712971914  0.64439597011882765  0.65725165577089673
  0.67095946332786616  0.68362347833473780  0.69338333708952937  0.70122516334680374
  0.70893553855079083  0.71621007393262082  0.72342195658251207  0.73087944028135443
  0.73809060873702292  0.74531243393620628  0.75357201696058373  0.76455403103405661
  0.77637210017367575  0.78829134942459533  0.80010216762834718  0.81119924176216707
  0.82271982184187797  0.83388666591478988  0.84528841082371931  0.85674913728463342
  0.86813785471548277  0.88095195062311182  0.89372120388733223  0.90626105456837724
  0.91886991809002716  0.93113323361208222  0.94278874525229162  0.95467140892323110
  0.96649077293441510  0.97795370670364568  0.98905621873608618  1.00000000000000000
 -0.00003734817613140  0.00099685198166953  0.00335215842883800  0.00747253858020998
  0.01265781007043427  0.01891857864480765  0.02432883476646295  0.02991659684661346
  0.03758931703663439  0.04735682770109378  0.05565223691608597  0.06373895584275169
  0.07274321100279652  0.08358361372671594  0.09581112837770579  0.10574281666409566
  0.11612775818693959  0.12598633929477573  0.13533779262525383  0.14518687444127359
  0.15511954762810146  0.16871177918076297  0.18084841240759411  0.19238214880718160
  0.20416794912829694  0.21598049308872269  0.22741463122233088  0.23835155593790977
  0.24941660168925348  0.26155681613806026  0.27400396721107040  0.28256342396040274
  0.29115698605674067  0.29949988558869545  0.30875023089470999  0.31788749784488368
  0.32720728988258052  0.33675358633085617  0.34626400785359879  0.35530081423554516
  0.36443458887115360  0.37315214816822806  0.38213539224666160  0.39152707796766423
  0.40136815288866762  0.41254202187172384  0.42464565321604802  0.43656063136520651
  0.44764422660288528  0.45909125374690840  0.46880147651459536  0.47900975063125933
  0.48914232607392877  0.49924178524341345  0.50971612463541915  0.52173159277887182
  0.53218979050597770  0.54162779339411060  0.55124522191744485  0.56005703897409698
  0.56766550543793548  0.57522835681043671  0.58274392046699763  0.59034445135602598
  0.59858939054849403  0.60797295496225390  0.61811707088140255  0.62939478603997712
  0.64016423223488805  0.65046703945415452  0.66009087004112488  0.66968332440660339
  0.67977776136282519  0.69060238212188652  0.70238112846126244  0.71449849151134548
  0.72588149522898260  0.73704475376961687  0.74776897729544234  0.75798794045475681
  0.76816205264402881  0.77901129216956544  0.79289692300918135  0.80981326706078061
  0.82595724515789426  0.84190047195302675  0.85768655508858438  0.87376842054721038
  0.89016501600368392  0.90612372189754520  0.92204618727478460  0.93825180792551777
  0.95411474315280309  0.96953551784830627  0.98481287211261914  1.00000000000000000
 -0.00393891735928051  0.01047906198516605  0.02469156559551558  0.03816191631913286
  0.05150500555825919  0.06517660333311545  0.07815835848780972  0.09085261543473568
  0.10327464856198412  0.11635512727439079  0.13013599255747269  0.14392469962090668
  0.15740865932096684  0.17076106642701080  0.18443557597481980  0.19892073058064549
  0.21224732841694002  0.22426511806679048  0.23559161144637225  0.24666685529852314
  0.25752038022495766  0.26876793394579035  0.28102347441933379  0.29399038440888275
  0.30755118598517656  0.32135498132430812  0.33379717288428046  0.34427097955067609
  0.35353616976344293  0.36170628594690951  0.36930184499564178  0.37694630481746960
  0.38404346694321378  0.39090414084406433  0.39734573094763664  0.40312283797108128
  0.40933883767611429  0.41593014118059601  0.42311165555840818  0.42929154995599800
  0.43548585798799277  0.44203355949873124  0.44909751774882939  0.45533932712764352
  0.46212207113478676  0.47112222971118928  0.48190845018752138  0.49482813648355906
  0.50776418517788324  0.52076630221771802  0.53298561593384730  0.54416304307740815
  0.55492406170807573  0.56572785745189458  0.57732936191777384  0.58868296805310116
  0.59959252190782442  0.61013258825873917  0.62092309445200977  0.63179664145365977
  0.64275114056011684  0.65376349220816854  0.66502443308423154  0.67658193021165269
  0.68783192219451628  0.69847162942686658  0.70875141773457528  0.71819308039229357
  0.72680890166279477  0.73604686189614343  0.74656304954175690  0.75886819881249423
  0.77214680709266781  0.78562447764146737  0.79925952691714730  0.81347046667360789
  0.82714201091681328  0.83873171993833129  0.84898065607372464  0.85873385092103105
  0.86816705243165082  0.87806271502940725  0.88813396346618922  0.89900435970815729
  0.91055079896627533  0.92242282352013538  0.93307961375818471  0.94160850456196288
  0.94896237572056796  0.95727548648914562  0.96587134494507842  0.97508408445607120
  0.98153986055296472  0.98672549146415189  0.99243818105946702  1.00000000000000000
 -0.00166023096794208  0.00761890481688799  0.01560362589384527  0.02289866426413538
  0.03021489926896191  0.03766840199300887  0.04559076052997358  0.05419620381140019
  0.06301072908336558  0.07163522891848417  0.07991723541064222  0.08860681628700681
  0.09778463241552293  0.10687566122271194  0.11642098447685409  0.12658342262189370
  0.13719191213194015  0.14858005720794473  0.16111654534025072  0.17466297116380192
  0.18704035005910172  0.19541371532326643  0.20412604472092624  0.21349509937056527
  0.22307331370095324  0.23237329771254189  0.24118231320717687  0.25007703578937057
  0.26247405935871038  0.27600873151123900  0.28939016318956623  0.30351433767892416
  0.31769961363745347  0.33193944248010993  0.34650169873966896  0.36155911160378246
  0.37705440820023051  0.39178771953534580  0.40529297254251845  0.41705875622838656
  0.42873974498138179  0.44045343088537775  0.45299894888058434  0.46756077659552914
  0.48256212496648687  0.49753241446681151  0.51313448175126575  0.52864754711154016
  0.54243359659569823  0.55576100301113918  0.56962870770343565  0.58439149869854379
  0.59831588280579739  0.61176147483570165  0.62585803985692068  0.64038864865269340
  0.65464823533980310  0.66748646153689395  0.67905777353898178  0.68838739470848120
  0.69629290185287740  0.70453907759265288  0.71328609005751586  0.72250559275633019
  0.73083141178681899  0.73845440900384840  0.74699370162185019  0.75874774891189745
  0.77230913311464189  0.78521022771019644  0.79815592788905365  0.80954238399576395
  0.81698504849218634  0.82384105168753941  0.83102557911899599  0.83762465116685414
  0.84444562008356605  0.85131564737118526  0.85713978344170738  0.86316734197340717
  0.86952253187051554  0.87604703016738861  0.88486994703095578  0.89405491143188620
  0.90278211181902035  0.91097534442777250  0.91939754833759846  0.92699517024111666
  0.93481793378966216  0.94334615788955245  0.95228210376716604  0.96125416573745792
  0.96972540104196459  0.97863718173550907  0.98870959736624242  1.00000000000000000
 -0.00358727598524934  0.01202816583456041  0.02490741849111019  0.03743511608289354
  0.04981573521591764  0.06261407335323670  0.07605986075617409  0.08950763210033082
  0.10235524118459280  0.11402178258221336  0.12656747951251363  0.13847894613932354
  0.15103246100111589  0.16391861660954424  0.17695771800202634  0.18999793968716622
  0.20266061065646032  0.21499186428728026  0.22743461996340936  0.23845347453297916
  0.24946970576911054  0.26084528169337168  0.27212151009698732  0.28321777235158907
  0.29420881490783951  0.30616248060066487  0.31768246131199729  0.32822147897499249
  0.33907916612535854  0.34980201981850395  0.36114617941283550  0.37255559791892962
  0.38349761329778009  0.39452266824902477  0.40535892333056112  0.41625952582982917
  0.42808885598761465  0.44047285725793739  0.45262134266415599  0.46517433374387157
  0.47842849813763594  0.48998237383686261  0.50264746842039065  0.51506872587919050
  0.52748675975516435  0.53992523700492523  0.55140757918776617  0.56135656927767796
  0.57065627965185506  0.57980320290756415  0.58957180491103156  0.59957900641602380
  0.60946773710800495  0.61898665795850294  0.62934928476726071  0.63989043787216626
  0.65012670771546455  0.66098859467749560  0.66795483140196132  0.67400986240685834
  0.68025913828442031  0.68587888551651777  0.69105605517274926  0.69574962443522304
  0.70064729753379607  0.70675109777232181  0.71307608664103717  0.71908121541230807
  0.72495970085861572  0.73151384070585490  0.74125185371480007  0.75237837402667207
  0.76434611248414563  0.77677687117829142  0.78857019662563965  0.79986379427104404
  0.81114872182969122  0.82212312370223306  0.83268042995491487  0.84360552997774196
  0.85481407921872932  0.86577371326944841  0.87650292615107528  0.88714863588976145
  0.89795675647425532  0.90914056976758428  0.92006636713524081  0.93034245242979963
  0.94150082718978767  0.95303414557893373  0.96307361959705273  0.97097769080449015
  0.97892614461189931  0.98555960251097285  0.99252278837537056  1.00000000000000000
 -0.06615446439012213  0.84092469664721403  0.91808626756186873  0.94754372073351500
  0.96014830185321987  0.96457413562575411  0.96854258568493690  0.97189728213645776
  0.97495567530817440  0.97765242145287035  0.97989549355805083  0.98168321078867171
  0.98329373521997365  0.98471992570105682  0.98600610208474160  0.98716696346415300
  0.98821733941174494  0.98915976156346308  0.99001393707983976  0.99077814512779383
  0.99146476647482695  0.99209097291502557  0.99267336266912631  0.99321270226910563
  0.99368785223634482  0.99411180765649254  0.99449994065434522  0.99485644819030139
  0.99518211661236633  0.99548474855143076  0.99576863674399352  0.99603279407825451
  0.99624996853589587  0.99645346951596758  0.99664341010304991  0.99681608909935349
  0.99697755326105120  0.99713320631195856  0.99728042710716758  0.99741416772380531
  0.99753336647211321  0.99764512003574257  0.99775335078730021  0.99785783755088620
  0.99795629347009274  0.99804524617628265  0.99812882453049367  0.99820728567501960
  0.99828458775255291  0.99835998006494764  0.99843296094529366  0.99850373974859485
  0.99857211825101599  0.99863621087800036  0.99869210406146736  0.99874370486573139
  0.99879257027324297  0.99883965493028781  0.99888519447060398  0.99893018067167827
  0.99897410419005495  0.99901701286752775  0.99905872393121475  0.99909909873335323
  0.99913779481249565  0.99917431629335618  0.99920969598549181  0.99924483703916100
  0.99927683580383186  0.99930862209611970  0.99933988889102610  0.99936831124370418
  0.99939590604156758  0.99942290199055228  0.99944920559338413  0.99947479751449375
  0.99950011729004440  0.99952518953775837  0.99954974862285639  0.99957400502099758
  0.99959788113435810  0.99962127324770944  0.99964412083650522  0.99966590198096950
  0.99968762093782704  0.99970935899148761  0.99973154805716924  0.99975396508181469
  0.99977662645611443  0.99979930662666561  0.99982308124175012  0.99984980130904622
  0.99987808374678733  0.99990924272047443  0.99994952639327372  1.00000000000000000
 -0.01939252377634875  0.12844093980452911  0.19921481006204714  0.23769593972958081
  0.26739282109176510  0.29057410419988933  0.30978424983487735  0.32648179372264990
  0.33999624253616806  0.35168976195393337  0.36253312457234832  0.37302003276617646
  0.38370491299702941  0.39500692651634522  0.40725002870036386  0.41975695668676732
  0.43086789552987931  0.44088637034916045  0.45012556310640373  0.45924165766528080
  0.46852613142844651  0.47673373990006418  0.48426644801009300  0.49130264430951665
  0.49788078209417441  0.50330747023681299  0.50775196861066463  0.51290788022355516
  0.51810603225110485  0.52355699153589286  0.52902417973920113  0.53424772434823720
  0.53936975761599892  0.54436284560898252  0.54910180314971091  0.55368600231568554
  0.55774210634813892  0.56253273821205541  0.56859377895007879  0.57528993739029088
  0.58189511923608395  0.58823716876696197  0.59420747401501228  0.59995917845329916
  0.60561043505714529  0.61127353410443863  0.61703523642490754  0.62289145434299564
  0.62899757107741039  0.63506136474086827  0.64123297149726088  0.64735295170068374
  0.65284891483922436  0.65806828765496983  0.66298422365815290  0.66830155936916025
  0.67378156535157829  0.67941175675587817  0.68480738265104257  0.68914789129881959
  0.69261381563964186  0.69630866446548645  0.70002431461228642  0.70351767549122723
  0.70673223807959695  0.70990613958230242  0.71329310825582704  0.71699807605692867
  0.72082262123213237  0.72471986668859900  0.72841321187239738  0.73191242423667158
  0.73548623205913621  0.73934422226054486  0.74341747911200295  0.74746227105086827
  0.75220123927974403  0.75925758511306229  0.76676744926374796  0.77375084190357590
  0.78046428254407940  0.78720844259146883  0.79401313435836030  0.80087020028048295
  0.80772574553346088  0.81454367392007809  0.82147466880922915  0.82917858863329930
  0.83843106515260701  0.84896387818265517  0.85967004735901975  0.87012857132168120
  0.88173692976279816  0.89732929918794679  0.92256247987831064  1.00000000000000000
   8.6179790327836374E-009  -1.0000000000000000     
 T T F F F F T T F F F F F F F F F F F F F F F F T T F F F F T T T T F F F F T T F F F F F F F F F F F F F F F F T T F F F F T T
  <DiscreteSampler_grid>
  grouped_processes
  1 # 1 for a reference and 2 for a running grid.
  10 # Attribute 'min_bin_probing_points' of the grid.
  1 # Attribute 'grid_mode' of the grid. 1=='default',2=='initialization'
  0.0000000000000000 # Attribute 'small_contrib_threshold' of the grid.
  0.5000000000000000 # Attribute 'damping_power' of the grid.
 # binID   n_entries weight   weight_sqr   abs_weight
    13   10   3.722351813321932E-001   7.895247855032985E-001   3.722351813321932E-001
    14   10   3.722351813321939E-001   7.895247855032986E-001   3.722351813321939E-001
    16   10   1.103161164272621E-001   6.981828587649862E-002   1.103161164272621E-001
    17   10   1.103161164272623E-001   6.981828587649866E-002   1.103161164272623E-001
  </DiscreteSampler_grid>
