  0.00149730627907799  0.01451758828832805  0.02883532766142271  0.04092810814612178
  0.04941310831448456  0.05682677118884173  0.06448466288549239  0.07288479199885418
  0.08132468080278113  0.08918532899384153  0.09627396372515541  0.10344404815072625
  0.11236231934350147  0.12330576936133397  0.13572211495152084  0.14878762970575460
  0.16187824216309821  0.17504399500088522  0.18840581682389795  0.20185109673546262
  0.21566077385829244  0.23008593527764878  0.24421331778264502  0.25716146301030379
  0.26809256269184401  0.27796093938772681  0.28687520273422029  0.29538078492882641
  0.30352664001025037  0.31202496900299564  0.32167622355623554  0.33175678260869246
  0.34052021457304343  0.34895741264945485  0.35851023366137091  0.36809408527515475
  0.37723038265545805  0.38699215996504616  0.39752601953852190  0.40718246460038371
  0.41561153064578371  0.42428492521457128  0.43252800827861615  0.44180505625440580
  0.45337904478644370  0.46599999728551927  0.47819348314601423  0.48980697785879057
  0.50154606085352049  0.51354712545962200  0.52501652147810784  0.53505980858791746
  0.54456543857608064  0.55379311718581714  0.56328734633573896  0.57260871089060872
  0.58173299535752754  0.59079553207111712  0.60100594106228200  0.61268773959892242
  0.62469345372370155  0.63647967816035600  0.64819464762785639  0.65993020780854916
  0.67219820094942118  0.68508662790675123  0.69353750271067471  0.70045285443818928
  0.70780323231882902  0.71520479995126351  0.72278869396612500  0.72979379564245117
  0.73668829550934878  0.74356467015618821  0.75123450191845886  0.76204191632801499
  0.77452905529740512  0.78681244225735225  0.80094154386021055  0.81608327285028470
  0.83042085424904144  0.84369196848816541  0.85568622489317470  0.86639873568552439
  0.87650507298813907  0.88678495185216266  0.89747184951910308  0.90858625027710560
  0.92042816618399170  0.93316201708124147  0.94465380682136180  0.95487718835706548
  0.96493488798843874  0.97512556790628790  0.98476333401925864  1.00000000000000000
 -0.00003908600500316  0.00093610072824338  0.00348138261303851  0.00695061570281915
  0.01199134429356183  0.01831361104778293  0.02331809097086385  0.02871841940473615
  0.03486810114659417  0.04212356486476308  0.04957174178939495  0.05749499439420566
  0.06590008172582615  0.07420325566190755  0.08272646827500849  0.09137230912115035
  0.09965457955216284  0.10822252611747962  0.11796940087116432  0.12699938979325914
  0.13594812544850640  0.14607653764491701  0.15479347731027090  0.16320726253696322
  0.17295081865778081  0.18212570647544785  0.19041273314259305  0.19992440806067890
  0.20912039191095122  0.21883054663329579  0.22899924291433257  0.23763796575247231
  0.24975998792434315  0.26330009794705833  0.27800470322039439  0.29451231503173092
  0.31113437901565311  0.32301174918647202  0.33502760926629671  0.34678334699563779
  0.35742218351971078  0.36719972763793507  0.37711744829182253  0.38716454572904790
  0.39685167643824365  0.40649450748578814  0.41639268603549373  0.42607339076692369
  0.43503470627692009  0.44405580418172746  0.45316671267465097  0.46226914700585764
  0.47126316635990345  0.48049076744212582  0.48974772610251766  0.49927263791811949
  0.50851395958368228  0.51787897696650886  0.52700087994879963  0.53676283352988052
  0.55108781638819737  0.56755114722109445  0.58328703411216032  0.59666324000291870
  0.60676273615978171  0.61801304792250744  0.62889119136769744  0.64008969319025444
  0.65122670465116306  0.66274406608644021  0.67537258009289125  0.68952835400324675
  0.70400069090135620  0.71705497160536991  0.73008081593132834  0.74319635696546016
  0.75620547581769659  0.76876147973476350  0.78157220694788176  0.79484738377346664
  0.80842288647257021  0.82215533598499135  0.83588160904092479  0.84829271282695240
  0.85858874732993640  0.86842996271570172  0.87980551878441260  0.89281221173313707
  0.90665629733118447  0.92059163191307558  0.93412965635570877  0.94727018158198584
  0.96044392433922476  0.97366168053649782  0.98680853069141328  1.00000000000000000
 -0.00315814266882920  0.01070318177704942  0.02354549923146291  0.03649246594708080
  0.04880698045860668  0.05967373013200417  0.06944051057208667  0.07885195871184110
  0.08808793122931413  0.09745864448638999  0.10653177094964104  0.11696587086679963
  0.12911204048552907  0.14218313199064916  0.15525463800804684  0.16771892224216720
  0.17975702733559065  0.19131826467598703  0.20289842281927839  0.21510071776207720
  0.22783373024295706  0.24061529492266878  0.25232330190836372  0.26341723110110310
  0.27457479361230985  0.28519365706669653  0.29617635768171752  0.30809963147971037
  0.32033776125237867  0.33207386776324488  0.34452119100950113  0.35488197608901717
  0.36239900569499828  0.36956674163470127  0.37622445708057611  0.38287672771945214
  0.39056757025692529  0.39785121299315218  0.40443351913673486  0.41066581282107262
  0.41912350927499803  0.43082685620010042  0.44312660634073986  0.45429706809161591
  0.46542949082292329  0.47656066072931141  0.48735276040405773  0.49785782997276568
  0.50830311294007713  0.51931855800067606  0.53289708552398529  0.54493341877506074
  0.55508381788046468  0.56440916890307791  0.57334351120913496  0.58268659534523537
  0.59302386402434382  0.60253282148608300  0.61245968006078133  0.62299197364304804
  0.63412814349536950  0.64456248849903874  0.65392072091825604  0.66294483353158651
  0.67198410855838719  0.68204145703376307  0.69260686771556401  0.70239613918319521
  0.71185151864982033  0.72009079807044607  0.72844478915619648  0.73799803784939155
  0.74861512991771995  0.76061301312756646  0.77338471768973027  0.78528899766731020
  0.79567120755379817  0.80594695580663278  0.81539696800365724  0.82466139226768254
  0.83441588691223800  0.84343405897155599  0.85112582928278291  0.85864989084260712
  0.86654401086457622  0.87499040893109337  0.88342786162711862  0.89307940690385279
  0.90578037691768876  0.92072630409068523  0.93523397618702042  0.94849676496732593
  0.96126193141327598  0.97408164596329005  0.98729863917925642  1.00000000000000000
 -0.00084047577914804  0.00520071264601384  0.01093670571247623  0.01640200164503782
  0.02220630170652974  0.02840805343614737  0.03490610160706536  0.04272308185258063
  0.05231641912229524  0.06309018198027631  0.07450263238413765  0.08578828685235797
  0.09676400085582482  0.10773546831170956  0.11898469769085721  0.13050086023950627
  0.14162285168555089  0.15196963331144878  0.16199584714362072  0.17117589407381531
  0.18043903734976852  0.19113653147618145  0.20259429330060150  0.21408704436472994
  0.22546163603786432  0.23792762953165653  0.25165507707475160  0.26475451460068106
  0.27534448152103885  0.28421446916351240  0.29393683848343699  0.30425131648766379
  0.31459404314035871  0.32461853364341070  0.33471841428459181  0.34719844645987141
  0.36085146692842762  0.37438912263304819  0.38422884360565357  0.39346774222219377
  0.40447315319056304  0.41771069949887391  0.43046376154121790  0.44324163986096909
  0.45677943804797816  0.46925390385820592  0.48165541321844235  0.49436962670592249
  0.50670325772902858  0.51962360907576055  0.53530008866163581  0.55297294846351741
  0.57037566594368738  0.58524659909171006  0.59809001189607736  0.61168340344868222
  0.62575140932089690  0.64017297772653392  0.65425206736968144  0.66515426170677738
  0.67194254531496422  0.67908634826685377  0.68623105775945581  0.69334345427190591
  0.70117662950767168  0.70822102005259013  0.71499482520451829  0.72165181600563133
  0.72896632583357046  0.73938179194356501  0.75464081332573474  0.76754355112580430
  0.78087472150052817  0.79431794740105055  0.80792260197168286  0.82201871950153893
  0.83462458886723812  0.84410959829959897  0.85266464379825813  0.86086733008773275
  0.86870194553727487  0.87619003492905156  0.88317555705712547  0.89045344834168705
  0.89788725809168912  0.90520702537179165  0.91219556810218572  0.91920578955246790
  0.92722087864851443  0.93607171818697354  0.94506964046853792  0.95416774619617195
  0.96445054815764863  0.97570292250383706  0.98758030811820441  1.00000000000000000
 -0.00269805968322287  0.00896616202572092  0.02139021286089408  0.03392985687998282
  0.04668412197031676  0.05951330327271659  0.07171319304239347  0.08254254261701795
  0.09243384632043618  0.10211223148128151  0.11124860807015326  0.12061962191757208
  0.13138563049428717  0.14257017038557823  0.15344278778729581  0.16407586227664528
  0.17491576904234354  0.18602473715725315  0.19659381383765079  0.20584248808214589
  0.21425174589848117  0.22272383512521193  0.23219810304840566  0.24166345470113743
  0.25216049902712412  0.26405498130969235  0.27625908387027193  0.28880197618066583
  0.30173086641647018  0.31434352425309869  0.32540611489758103  0.33469054246453428
  0.34352020524504756  0.35253496216254210  0.36143205636114945  0.37136612346778719
  0.38364800217665512  0.39731073458050131  0.41102099522692226  0.42401489252530050
  0.43578537854459576  0.44593484555339308  0.45579182468269902  0.46677669823897455
  0.47737799563814876  0.48759595504211406  0.49757191441498066  0.50945091877011950
  0.52202484900402335  0.53456891515936444  0.54715530124413370  0.55955589493935509
  0.57117064981141563  0.58242924494373260  0.59381557814698571  0.60569687195103128
  0.61747220647603929  0.62693940655085323  0.63402330873185164  0.64090785202962131
  0.64778698518827460  0.65507627302302007  0.66254314984920160  0.66998049310555985
  0.67807427247901941  0.68569600799638097  0.69602043251327517  0.70836339219572375
  0.72055379609852721  0.73200860983854410  0.74287049596726640  0.75338386062285689
  0.76383790377707550  0.77505278503205866  0.78701320009259779  0.79865545119771653
  0.81001553465022391  0.82184635316012145  0.83380206405766599  0.84562932886889419
  0.85660368516725960  0.86714594766058506  0.87618559210130342  0.88297522491148528
  0.89034233343856262  0.89866173144508499  0.90692760403824257  0.91411773757791559
  0.92084797220278802  0.92970839740678524  0.93710279040320088  0.94965469732086294
  0.96204338919107657  0.97449462871796666  0.98733235862079549  1.00000000000000000
 -0.07503731543536668  0.84193147564965654  0.91836831675583541  0.94779638173095782
  0.96031240171422205  0.96480756206635987  0.96888948634799932  0.97244277242992516
  0.97550938716326230  0.97810973037393689  0.98027924516267628  0.98208337116844302
  0.98372145274698675  0.98511307186477126  0.98638605591228623  0.98753321942632433
  0.98857146026678255  0.98952834810284895  0.99037256143771513  0.99111890292265725
  0.99179084336470591  0.99241009379382772  0.99296616897261203  0.99347503550985206
  0.99393158330153197  0.99434203951025801  0.99471721237698241  0.99506931270705090
  0.99539544208274744  0.99569489127392030  0.99597208024872130  0.99622193558947247
  0.99645441683895675  0.99666623927712383  0.99686033235702975  0.99704591034172652
  0.99722021254500270  0.99737768142342931  0.99752327575900146  0.99765766968438241
  0.99778962742353194  0.99790593328365262  0.99801239773675887  0.99810430770682290
  0.99818620128086444  0.99826672470637934  0.99834475291232516  0.99841694211236298
  0.99848841948673472  0.99856107933262928  0.99862854827324954  0.99868389773353849
  0.99873137128601641  0.99877947150716717  0.99882567465069516  0.99887067702309407
  0.99891430919558766  0.99895670610269471  0.99899864948934192  0.99903828886890356
  0.99907743304641494  0.99911577442011068  0.99915311215813052  0.99918918890958486
  0.99922391476821004  0.99925751579454403  0.99929012839423803  0.99932190703099466
  0.99935107995441241  0.99937891063124884  0.99940577199903702  0.99943175406462059
  0.99945734948108733  0.99948223755098398  0.99950603348214673  0.99952884470597592
  0.99955138455392156  0.99957368253664869  0.99959522576075455  0.99961676366791241
  0.99963796001428462  0.99965756745601342  0.99967709886313860  0.99969653423847893
  0.99971572083927984  0.99973487353337698  0.99975401953444909  0.99977320270759662
  0.99979323846413937  0.99981371609769698  0.99983438089847521  0.99985750983049548
  0.99988294895232543  0.99991155979989799  0.99995052896203673  1.00000000000000000
 -0.02613094049824977  0.13471155379898217  0.19094139210423305  0.22635096112491648
  0.25246124977244494  0.27889564303601361  0.30193754014827145  0.32209735077397816
  0.33938838609462185  0.35418325300081999  0.36834779609400392  0.38054033675882415
  0.38990813269382502  0.40046768821635315  0.41068824554398953  0.42092800001610037
  0.42925628965820761  0.43721238368303567  0.44567503147883508  0.45393567164718213
  0.46256269069174560  0.47145012398552838  0.48014638070463006  0.48841805409810629
  0.49628916944674950  0.50491770332083885  0.51326206532485852  0.52056983360767317
  0.52646454038644896  0.53147110879523063  0.53627053746639630  0.54111228267144773
  0.54644922230988024  0.55200347184235710  0.55738805255789892  0.56257780562721094
  0.56757354379777758  0.57246643567716160  0.57737485334642746  0.58225924595106049
  0.58728103101961837  0.59246176244252791  0.59769174897133370  0.60301321404697072
  0.60870880860229315  0.61491299458974868  0.62254966134650436  0.62765179108712810
  0.63152020903418882  0.63455948487456282  0.63724378325959008  0.63996839559709340
  0.64274263227189732  0.64619391348383903  0.65018142338669282  0.65404915574922129
  0.65803981912129972  0.66189279935292022  0.66583387743332756  0.67000923388205991
  0.67444824733935416  0.67876938000094789  0.68280680132279536  0.68703749702573436
  0.69213962580877031  0.69801908912558663  0.70390043318014928  0.70951913774502673
  0.71472838975869912  0.71988204146373358  0.72532083991180718  0.73106194671008173
  0.73690135726982675  0.74263540005236128  0.74826861065374595  0.75370623675399984
  0.75848378856592802  0.76330403572446559  0.76798754340872144  0.77299465729041728
  0.77842501896754890  0.78489382046965717  0.79141438781894913  0.79812053298410879
  0.80472362469099712  0.81149544346882307  0.82012316620013848  0.83012915236840779
  0.83933016503198576  0.84875060181637196  0.85858686439842213  0.86878264909696845
  0.88026367244735693  0.89429048264628086  0.91855136495210588  1.00000000000000000
   8.6085771992917187E-009  -1.0000000000000000     
 T T F F F F T T F F F F F F F F F F F F F F F F T T F F F F T T T T F F F F T T F F F F F F F F F F F F F F F F T T F F F F T T
  <DiscreteSampler_grid>
  grouped_processes
  1 # 1 for a reference and 2 for a running grid.
  10 # Attribute 'min_bin_probing_points' of the grid.
  1 # Attribute 'grid_mode' of the grid. 1=='default',2=='initialization'
  0.0000000000000000 # Attribute 'small_contrib_threshold' of the grid.
  0.5000000000000000 # Attribute 'damping_power' of the grid.
 # binID   n_entries weight   weight_sqr   abs_weight
    13   10   2.453869147549094E-002   3.914217775531349E-003   2.453869147549094E-002
    14   10   2.453869147549101E-002   3.914217775531390E-003   2.453869147549101E-002
    16   10   7.083355539504367E-003   3.267345799636000E-004   7.083355539504367E-003
    17   10   7.083355539504383E-003   3.267345799636030E-004   7.083355539504383E-003
  </DiscreteSampler_grid>
