  0.00176553495865944  0.01474990020601809  0.02823636245530882  0.03984606300039222
  0.05083315791355817  0.06188984151491713  0.07243698175619091  0.08357205844199159
  0.09557532499500648  0.10756323595021410  0.11916682898212767  0.13065469620642955
  0.14188675819246055  0.15194885420459373  0.16088197307791199  0.17005470150623875
  0.18032835772065384  0.19053224942887562  0.19942204472430128  0.20862150810023353
  0.21908341789779920  0.22959357457580284  0.23957900343757793  0.24965917059593315
  0.26138770262489286  0.27409564973000577  0.28660584513365378  0.29936874451563855
  0.31293998044476501  0.32651132799359339  0.33939255436129406  0.35277333467271627
  0.36606562780683566  0.37936114325962955  0.39307015828114239  0.40686318113983466
  0.42045933454284096  0.43281133446296177  0.44234214883469891  0.45012937517932272
  0.45782731573757557  0.46528469811144813  0.47314415273286392  0.48196763644582791
  0.49102997869819137  0.49862050551745124  0.50815739277806371  0.52023385501852137
  0.53311948098500461  0.54397900765785623  0.55378040533133210  0.56304720674730468
  0.57275089827117542  0.58283608124268760  0.59399115707250516  0.60511089497916226
  0.61597463454291412  0.62660040397836525  0.63700790759700499  0.64714505271238565
  0.65952432426812191  0.67215075340031050  0.68456901902155642  0.69593118901071649
  0.70667568762699540  0.71701878680841435  0.72746684722066446  0.73818729990824228
  0.74863093445223150  0.75829839940447974  0.76790952256485479  0.77760136879807329
  0.78748483756487286  0.79740111779785372  0.80629245850044240  0.81540964542966576
  0.82462964432459773  0.83472854965903820  0.84479562098299954  0.85394966835528552
  0.86254086720780843  0.87134776549336868  0.88108385551817614  0.89163633101461526
  0.90330937456757177  0.91568368333650252  0.92585360416517781  0.93447307696025361
  0.94301057375079334  0.95173719013227565  0.96073407116483789  0.96948057679615285
  0.97678049006782064  0.98495803945568283  0.99261500100788524  1.00000000000000000
 -0.00003811672980439  0.00086942119615019  0.00334226311583026  0.00763284316881874
  0.01304804651204118  0.01783878791953194  0.02234752147559770  0.02715696712655172
  0.03248555045772243  0.03834121916265052  0.04377094414644955  0.05024282961007531
  0.05852750593364273  0.06770049571791356  0.07676424833057495  0.08601813054591109
  0.09430441398523381  0.10189219080202266  0.10989728765506546  0.11818106311560944
  0.12615377796861063  0.13504878877885265  0.14542115382791745  0.15488325650107229
  0.16275629826571328  0.17120465134230423  0.18001939908065309  0.18936309176818186
  0.19981472589311447  0.20943223553763815  0.21972743795620772  0.23041248581205720
  0.24132321456236464  0.25285078297052588  0.26494894460342200  0.27732272770083094
  0.28971076251452005  0.30211801709380193  0.31491646332469070  0.32363178064308579
  0.33123235993390410  0.33888841904330408  0.34655437654237914  0.35438103342517924
  0.36319526522537920  0.37345826780840841  0.38272556145937447  0.39204610983086685
  0.40147560308036173  0.41192056594826193  0.42290665120416965  0.43282033129450925
  0.44107301897581552  0.44942252787900677  0.45769904124493216  0.46639159807356539
  0.47640257751725146  0.49202220597190677  0.50587007255847660  0.51906833697808374
  0.53191510055083679  0.54464920097856206  0.55752894091939398  0.57051737548512382
  0.58268963001961660  0.59399722636306995  0.60537124561548283  0.61707719083074608
  0.62879755118553504  0.63964086895651728  0.64977896508228628  0.66003935815000003
  0.67108977268073577  0.68282236942973606  0.69495757858167606  0.70751619251865183
  0.72002250684633606  0.73299612158484351  0.74660076585350821  0.76158146915906277
  0.77686535755348340  0.79189762413076747  0.80677626906174371  0.82137680188804219
  0.83541004187453549  0.84945324665091260  0.86362289825949012  0.87780401605988201
  0.89192970996954979  0.90636792410807521  0.92103811262017132  0.93618051367309318
  0.95173785013186196  0.96758956887836722  0.98365620664960174  1.00000000000000000
 -0.00307812060132434  0.01046387477021714  0.02279726865098104  0.03399332316686857
  0.04416272955932554  0.05361713950607754  0.06372912882841827  0.07441744577037052
  0.08472338257651824  0.09446283153731697  0.10409539449829722  0.11410858751969137
  0.12453485526098799  0.13564153905008666  0.14735203509428191  0.15856425042309855
  0.16855837943108232  0.17814749182492140  0.18802958016002921  0.19851005920862663
  0.20967386186583439  0.22116078743834799  0.23288135967703638  0.24499588898676475
  0.25738958000071993  0.26954498142747457  0.28080563492531696  0.29150755476510193
  0.30245209529108946  0.31332824779445556  0.32302991253372793  0.33135491812539725
  0.33959056200229698  0.34882132709802560  0.35959984740595013  0.37043458244231103
  0.38021218525150496  0.38924698561835192  0.39826246316993374  0.40833791958494892
  0.41916855704388956  0.42962805073227173  0.43707946644859924  0.44938841366488547
  0.46041469101947141  0.47052331263852143  0.48166252036261131  0.49093917349972493
  0.50002924624925416  0.50953615539555563  0.51940171710766980  0.53198962441503972
  0.54400139087718502  0.55559769646505108  0.56712522714148716  0.57941861291953511
  0.59132084877470692  0.60308410103308763  0.61694820068259870  0.63215163982135392
  0.64614207975811266  0.65769712522675317  0.66871991584608570  0.68007319616820705
  0.69109385099985932  0.70083297879928308  0.71047772805461051  0.72011977197729382
  0.72965839376650676  0.73870149620330305  0.74824929871642742  0.75993529815304128
  0.77348031290376973  0.78719887883574802  0.79967029918498234  0.81120012796190155
  0.82267698642747156  0.83394928462121698  0.84552091876683444  0.85597587959906929
  0.86555315454934822  0.87459953568585758  0.88265224044743529  0.88913816530371848
  0.89559844196111926  0.90320109144259808  0.91090918777308150  0.91831435057889399
  0.92694404220992155  0.93454756519279858  0.94337672972291131  0.95521920783074599
  0.96746936394609406  0.97883378644615382  0.98954116375526946  1.00000000000000000
 -0.00062477467979533  0.00551417342917249  0.00978334604579469  0.01403295663165411
  0.01925510119465303  0.02536043268077437  0.03127091970894644  0.03706586769575633
  0.04264219202639349  0.04917174964746159  0.05608767032695672  0.06452417879766557
  0.07386677709950265  0.08343078096452224  0.09259129958165006  0.10148691312581055
  0.11074414215812552  0.11991213094240376  0.12758665958246648  0.13433858953207978
  0.14130169818704741  0.14852604958968474  0.15646965152053960  0.16487123023330053
  0.17250923913738975  0.17942227864444160  0.18665949690604094  0.19571750774335880
  0.20511643245853828  0.21429376532379990  0.22289944175756268  0.23193483123102737
  0.24126055422194853  0.25182010838279079  0.26385862074467414  0.27640696134914072
  0.28883264740143544  0.30125689217608481  0.31374563072390577  0.32652865547589416
  0.33916428966028317  0.35177410853837249  0.36410186530087946  0.37673628159742217
  0.38976840597988810  0.40259110251348512  0.41696180825587775  0.43216063125046617
  0.44772979392442669  0.46385628821797520  0.47973045072174997  0.49652023553511782
  0.51107735607979332  0.52614682973000726  0.54100267944442682  0.55615181936919367
  0.57216707380582088  0.58828835647242106  0.60303583428230589  0.61630236783275638
  0.62931541164456983  0.64338577220073268  0.65893909982398768  0.67397304831390614
  0.68710539837545492  0.69913322680776679  0.71121630245000744  0.72378315506483593
  0.73454991884547338  0.74290564493874689  0.75061687533297583  0.75856041193200918
  0.76676769499958264  0.77530043028798967  0.78345788597296673  0.79142054359224334
  0.79999297521788459  0.80949556061291628  0.81926637731086205  0.82932630353790204
  0.83997404554803001  0.84986717026497505  0.85934407874463858  0.86858661762463196
  0.87875912779842835  0.88963985322781691  0.90027388587614010  0.91064003052562625
  0.92092019034929851  0.93111039228318315  0.94108780539427150  0.95092152341936576
  0.96081363674425579  0.97281861576155026  0.98608932057601939  1.00000000000000000
 -0.00218079203716429  0.00860516073868816  0.01807305939307029  0.02891029455169691
  0.03873213074949020  0.04832140826509641  0.05764159012103844  0.07122469314543405
  0.08497375962526763  0.09836696629323725  0.11106745013171242  0.12372974899363359
  0.13640228853301423  0.14873743902340775  0.16058807678341219  0.17197892160400879
  0.18290810452330233  0.19327535213988836  0.20359412028503884  0.21290163977040744
  0.22188871910451435  0.23175732207888183  0.24209187098996349  0.25150593964201462
  0.25932089884452997  0.26705859432367285  0.27480797012992009  0.28240145178098675
  0.29094116645011797  0.29929684949880103  0.30663231094074550  0.31518675368180582
  0.32702424820879156  0.34063741825850508  0.35442441578240708  0.36649225367187566
  0.38004857455816565  0.39235774866763279  0.40423043127888814  0.41618506475129741
  0.42848030837861867  0.44033056805507392  0.45168478613582991  0.46347160335403248
  0.47587483807916914  0.48839439995653949  0.50052956301304519  0.51146186269299476
  0.52174202739159281  0.53175815847238372  0.54141662035578808  0.55071849440685716
  0.56053946664463172  0.57128549934868755  0.58270615581546770  0.59337213288846358
  0.60319864959316549  0.61355076663338592  0.62424225690182589  0.63472355502771494
  0.64411411399177898  0.65184744804845618  0.65970047286473976  0.66858366473665987
  0.67792395038576303  0.68761335324630413  0.69820213960329391  0.70907037673006323
  0.71989905579797442  0.73090049354908504  0.74214980184481516  0.75339819305446087
  0.76431440198868206  0.77411116401843527  0.78287251223815113  0.79187677922091992
  0.80112853102825299  0.81015992192592601  0.81914570855972246  0.82780912440247278
  0.83670836345219579  0.84626733724815717  0.85836426720716130  0.86997373455040805
  0.88142224220155674  0.89183226997486698  0.90166881945487121  0.91192827579360958
  0.92246176268113700  0.93350965857094514  0.94470160782759582  0.95734067774133158
  0.96974555709412458  0.98107517433706681  0.99085027938208747  1.00000000000000000
 -0.07195615766502360  0.83822017309204500  0.91136036918228813  0.94161095542810358
  0.95779501621852803  0.96301647918681010  0.96712394388829104  0.97066876301210381
  0.97381353752689692  0.97657705458997601  0.97901043673418975  0.98088281274434730
  0.98255783863080326  0.98404475261023883  0.98539500316612749  0.98661025796043988
  0.98769219260111607  0.98866352362967824  0.98954386277783357  0.99034435741324345
  0.99105187344687573  0.99170249764120577  0.99230684293662796  0.99285886543660928
  0.99335968304885081  0.99381904106651964  0.99424343673412052  0.99463168255342582
  0.99499127055290049  0.99531925577619063  0.99560418403535889  0.99586517803526453
  0.99610404620931892  0.99632266357509791  0.99652700161381269  0.99672568051312116
  0.99690232161305337  0.99706942757241501  0.99722560709627539  0.99737312009405543
  0.99750568895238401  0.99762834694786406  0.99774704692601934  0.99786101217694856
  0.99797020877431897  0.99806629851348350  0.99815435669462960  0.99823794008737043
  0.99831821819160305  0.99839469808863346  0.99846651870422487  0.99853705952121641
  0.99860817059174256  0.99867070753828635  0.99872313485086373  0.99877094353912588
  0.99881904441977665  0.99886563125314654  0.99891123500055945  0.99895558726542855
  0.99899849381870087  0.99903968907626728  0.99907851393253455  0.99911661076336455
  0.99915402565034850  0.99918951070714224  0.99922465737352695  0.99925893298834800
  0.99929199522218215  0.99932437228365500  0.99935419337224385  0.99938182009208809
  0.99940863820821546  0.99943492612246276  0.99946076650980809  0.99948605438181282
  0.99951050571388500  0.99953440232026791  0.99955768311834226  0.99958071392656767
  0.99960319402392150  0.99962504723977297  0.99964679347318175  0.99966837011662446
  0.99968973212606926  0.99971114750979684  0.99973265488679564  0.99975430478310245
  0.99977704657550914  0.99979988892146210  0.99982260112341481  0.99984834665704569
  0.99987611231058571  0.99990655735571565  0.99994829257727569  1.00000000000000000
 -0.02006920200136338  0.12042738707928079  0.18416789334536493  0.22471213923498148
  0.25380191877070502  0.27240798239933184  0.28767963808269981  0.30239728976316527
  0.31553688596997265  0.32809877411542787  0.33832555730462238  0.34746035622004989
  0.35697322936966908  0.36588461612877299  0.37373011701796449  0.38181705441203040
  0.39027503925011725  0.39841923576523186  0.40749377579595997  0.41631708519236421
  0.42467521865173202  0.43257595607261257  0.44007914321062258  0.44713855639243638
  0.45405079873381310  0.46121657409572875  0.46836797339756087  0.47562590710408470
  0.48302682909978123  0.49040573762577278  0.49760496749199074  0.50461428395522800
  0.51101599472233739  0.51718591295309946  0.52323363632666853  0.52934362660491585
  0.53521055943906959  0.54067512013813890  0.54592246079301221  0.55109166034129031
  0.55625382616348618  0.56152866914623401  0.56627349639754054  0.57099203854645519
  0.57562413339986340  0.58006561042140148  0.58447938693520285  0.58908046461890029
  0.59496227621221487  0.60051709022571365  0.60577169793074304  0.61092279619045187
  0.61597761158328990  0.62078145407713814  0.62581112107192294  0.63172972736007871
  0.63746861665947274  0.64311776140323584  0.64853762029720119  0.65404527328910134
  0.65965192042202625  0.66533075241153194  0.67108861538504438  0.67682083622887868
  0.68264991758248617  0.68837667829854676  0.69420006858471583  0.70029679958596736
  0.70650661419818739  0.71236949771647928  0.71811313127852860  0.72379873434624220
  0.72955269051159888  0.73491951634642250  0.74008248177063729  0.74599487359791616
  0.75211622564616210  0.75832116049348097  0.76430352267104085  0.77058389655776727
  0.77657440761704943  0.78253424997786281  0.78824519645619240  0.79411907280542604
  0.80030424334984196  0.80673294156792574  0.81344565208564812  0.82063716048771262
  0.82863111665841571  0.83692976745027914  0.84580365979191541  0.85613745781707229
  0.87039562277884153  0.89225909209987864  0.92319159685454644  1.00000000000000000
   4.5144896484389403E-010  -1.0000000000000000     
 T T F F F F T T F F F F F F F F F F F F F F F F T T F F F F T T T T F F F F T T F F F F F F F F F F F F F F F F T T F F F F T T
  <DiscreteSampler_grid>
  grouped_processes
  1 # 1 for a reference and 2 for a running grid.
  10 # Attribute 'min_bin_probing_points' of the grid.
  1 # Attribute 'grid_mode' of the grid. 1=='default',2=='initialization'
  0.0000000000000000 # Attribute 'small_contrib_threshold' of the grid.
  0.5000000000000000 # Attribute 'damping_power' of the grid.
 # binID   n_entries weight   weight_sqr   abs_weight
    13   10   2.830055197545090E-002   5.133440692062409E-003   2.830055197545090E-002
    14   10   2.830055197545093E-002   5.133440692062416E-003   2.830055197545093E-002
    16   10   3.551633590755914E-002   8.113152861149043E-003   3.551633590755914E-002
    17   10   3.551633590755914E-002   8.113152861149046E-003   3.551633590755914E-002
  </DiscreteSampler_grid>
