 -0.00138673707358695  0.01713165897462438  0.03443176922315508  0.05015695899587557
  0.06320950376548479  0.07300476222178173  0.08442809186246181  0.09606657346286197
  0.10852129093472211  0.11917295504405022  0.12556316247844934  0.13290405629081786
  0.14199743328416345  0.14963091643448614  0.15513468151389426  0.16307226831741142
  0.17297130759981968  0.18369321935392097  0.19392814179678994  0.20344026753473726
  0.21119566246168142  0.21854689771752125  0.22495778733999269  0.23183995401123972
  0.23964613376906105  0.24985000039659336  0.26136618074253776  0.27273424846419647
  0.28322746992887438  0.29252206536376657  0.30305870685572323  0.31440851371224515
  0.32257566741427540  0.32957394235486293  0.33667078198476058  0.34385101603351986
  0.35072160209771258  0.35720275710090588  0.36338293186766435  0.36923859465038633
  0.37813409265130477  0.39219172127340735  0.40728138653143736  0.42233517140405807
  0.44032956603460999  0.45939078593919663  0.47582828714435677  0.48961228572022564
  0.50214227473337858  0.51287731146495152  0.52406517344693104  0.53816714959601186
  0.55170605467849998  0.56452219572688322  0.57654208582591848  0.58721368424064013
  0.59609703886016097  0.60429201600766957  0.61209346355331462  0.61991764303018693
  0.62831897691780059  0.63767661931080000  0.64768705368452439  0.65658100175056822
  0.66501031714535719  0.67301622178265319  0.68300083192719419  0.69318385532741833
  0.70087915107326904  0.70941186741538298  0.71888672952837518  0.73017629283294627
  0.74264041131479297  0.75498556120178850  0.76485535857743714  0.77551232818842564
  0.78990111411843889  0.80579863480845726  0.82156543744582744  0.83650942119831406
  0.85072270735958033  0.86521683520460302  0.88111130896151402  0.89418318969303645
  0.90521770751502950  0.91555681071344919  0.92367343225507959  0.93316986620707809
  0.94313994222216380  0.95167433017331793  0.95906956433023516  0.96542555129348562
  0.97194453636826483  0.97873442083282103  0.99212353020834643  1.00000000000000000
 -0.00004004974859457  0.00100585913537447  0.00310918358111963  0.00517218892759017
  0.00981376833390184  0.01305156862263339  0.01791698549611894  0.02476753733764939
  0.03016344194337359  0.03505909224965141  0.04133241336883776  0.04917954029966339
  0.05852127622146640  0.06773216300389288  0.07623447069985362  0.08517147098416869
  0.09361382353327063  0.10274368257342092  0.11184861553347106  0.11989882021832091
  0.12754609800418196  0.13534384462199903  0.14640199528088205  0.15541717518571696
  0.16581220182424647  0.17466153459072162  0.18250593924976891  0.19191770044280176
  0.20147206318077052  0.21095902349527815  0.21952621417446877  0.22733626933034279
  0.23550205565854129  0.24445717032099706  0.25388038210779423  0.26391204608646052
  0.27183657545089485  0.27956941325184254  0.28762061184404514  0.29690899878000676
  0.30751898184067755  0.31890511568844437  0.33152523480783319  0.34511575554946783
  0.35983631644457237  0.37575164030169228  0.39316148494405567  0.41012321914070343
  0.42662926887705527  0.44240978626268462  0.45997678213615745  0.47776356144552390
  0.49525717164387290  0.51522758090166476  0.53449058161213070  0.55238654524174735
  0.56789461274651021  0.58078398125203712  0.59107706605283694  0.60010349002693453
  0.60970918243599637  0.62001845062479188  0.62951700617428763  0.63851602050997847
  0.64786316256076704  0.65748183214666522  0.66785857716698438  0.67944695904165742
  0.69158952539327956  0.70311611388748263  0.71473666805159097  0.72486910481374278
  0.73615266431952520  0.74654064549886889  0.75626285241600677  0.76519898845387246
  0.77445205375596371  0.78423724464394695  0.79367895142893485  0.80284404942605603
  0.81206548960764258  0.82193280628056498  0.83203058655545326  0.84142011689568352
  0.85887031994625285  0.87106373218355315  0.88271627550238141  0.89446028450577775
  0.90619665267820504  0.91775711883237743  0.92882376338643968  0.93938233071825894
  0.95222428579020113  0.96755602226892101  0.98333211381694630  1.00000000000000000
 -0.00239058771419527  0.01084121735104363  0.02005903437315737  0.02891125965332342
  0.03846624613502737  0.04820142723683969  0.05840201233473426  0.06783619632983851
  0.07527151712509336  0.08273593277699717  0.09167197920455010  0.10282315464784597
  0.11818867869429291  0.13575205959273615  0.15197692779316052  0.16707373494305539
  0.18147071837055309  0.18941281681836400  0.19850762599704505  0.20686227216706299
  0.21525752409439738  0.22357739021466069  0.23135550597713039  0.23966997229669335
  0.25141017734009347  0.26570026811992392  0.28005365054221282  0.29662917810549971
  0.31096203022093005  0.32486894493042578  0.33877451039500284  0.35298875381238648
  0.36736627665204219  0.38030677833330240  0.39196491112553727  0.40342851238603106
  0.41509447171099589  0.42655266927726626  0.43967408705167599  0.45433490552454336
  0.46792423719959403  0.48052745836222299  0.49208389407713926  0.50398806549577080
  0.51304107104603269  0.52165705081385816  0.53130287032102341  0.54275585776273017
  0.55389631772151604  0.56982903041814859  0.58417341621315722  0.59701023852915658
  0.60777120283418373  0.61865046311396210  0.62712936053050172  0.63380534077329420
  0.64096477249766604  0.64726574513829493  0.65272025784432208  0.65896873195543959
  0.66753501766430301  0.67433888757803440  0.67923351233850127  0.68399042239022012
  0.69130860477491007  0.69999088192501457  0.71061170695512454  0.72380343835136529
  0.73786545792219982  0.74975304735765835  0.76068974077792750  0.77165883621854647
  0.78172077783960847  0.79072230017829737  0.79920967104097229  0.80859657459593481
  0.81881135684280948  0.83091708758578253  0.84924935077861130  0.85972586639939308
  0.86989988251026806  0.88020064456681035  0.88985782946184289  0.89849796703463103
  0.90448443450710281  0.90914906531598105  0.91477639848983494  0.92080191695617275
  0.92707571826420609  0.93380314581314872  0.94089587884765380  0.95044692335472880
  0.96439919871178503  0.97699239348587275  0.98906741735175685  1.00000000000000000
 -0.00252466513787587  0.00807352345451944  0.01854437541562790  0.02836833394677402
  0.03719888072644055  0.04604155473078653  0.05496887510284599  0.06355314205902633
  0.07453706951168768  0.08601025319369349  0.09840073097798213  0.11138835925037313
  0.12407438848222001  0.13565116390475424  0.14550562513220647  0.15277048979997213
  0.15992002735489880  0.16758713006323808  0.17664159621967265  0.18496442313486863
  0.19480300260807631  0.20434570999183699  0.21534703311694306  0.22921609871300638
  0.24325527380212225  0.25818035788574617  0.27492734299097593  0.29183408027052393
  0.30224807863252029  0.31444086985219744  0.32677606376612989  0.33743915843523398
  0.34703439563634886  0.35680808914732443  0.36751611007476198  0.37853721069501667
  0.38929620711093055  0.39946602610352844  0.41072518009029763  0.42321859829496433
  0.43555588051512428  0.44673497552443331  0.45720404845216883  0.47247366545833763
  0.48084326702155217  0.48819639245010249  0.49535726741698810  0.50333897767484437
  0.51152556344718669  0.51900723394333581  0.52600210863783525  0.53362969798513893
  0.54839368614244322  0.56652513386339798  0.58283535947084242  0.59274382134843229
  0.60009445305449227  0.60473175145319524  0.61001852155339520  0.61615987429593211
  0.62164228034164981  0.62741214284331082  0.63805989134242402  0.65086680462873214
  0.66424300386966784  0.67516546892293128  0.68452637968962371  0.69426696916016684
  0.70359011320534925  0.71203694934256467  0.72148996431430390  0.73155866479578713
  0.74036771632358189  0.74745615586463521  0.75442954519811856  0.76172770421390534
  0.77074223491979676  0.78126610477775171  0.79103097965121982  0.80001817390935848
  0.80914850453974518  0.81936768449882447  0.83101338856409057  0.84289515017238803
  0.85387329932121003  0.86441216376224239  0.87494551557228128  0.88554549396966853
  0.89678343006535655  0.90806597895267060  0.92106204180109841  0.93407881686081096
  0.94663696465024294  0.96188044468568856  0.97961637748668329  1.00000000000000000
 -0.00245772540655556  0.00919736695552567  0.02150882358889994  0.03396999254741690
  0.04519857768744991  0.05702452041538620  0.06627736852463208  0.07537523345559356
  0.08583542249948010  0.09521471301770847  0.10436183662909879  0.11531800049398458
  0.12669734799192348  0.13840143135877822  0.15095205393791147  0.16380146198824688
  0.17586487314491550  0.18752119584475002  0.20044445605684810  0.21192367656520067
  0.22164403642132011  0.23164269176764407  0.24188874477384850  0.25067036065012704
  0.25930379200389414  0.26686489354785276  0.28067084469101533  0.29488004415587299
  0.30761232559315010  0.31813819385204706  0.32730754746520974  0.33669757820771917
  0.34572817623026564  0.35596390969806696  0.36830747265536551  0.37842451553615214
  0.38798233506509933  0.39875570548788641  0.41393067191398636  0.43085429201586245
  0.44582679925091462  0.45906924759001394  0.46996518628693057  0.47891537210421908
  0.48726330573680932  0.49667860545686920  0.50785065472829038  0.51860086145888395
  0.53062953748136299  0.54799402565961741  0.56345152988235536  0.57746188710077839
  0.59020390671818479  0.60173208355633856  0.61426850493808138  0.62476505785489800
  0.63130837899407755  0.63604785129113128  0.64129628197700173  0.64676458666981329
  0.65315248872467002  0.66052931456329189  0.66714093948025588  0.67362710044200758
  0.68707065611200246  0.69705540109696551  0.70518707677301540  0.71394751675045909
  0.72204351272986711  0.72920990102520933  0.73554215267085210  0.74276427079566532
  0.74987313184017090  0.75881365572630688  0.77118734541740641  0.78405167882734961
  0.79679871627385801  0.80926154999430444  0.82172881126761488  0.83354193724179726
  0.84584772352140758  0.85873923855666978  0.87165246935517626  0.88399779323821281
  0.89516235944768963  0.90311731197122447  0.91005273440122358  0.91724189750176643
  0.92572335305933795  0.93474864569172977  0.94441063781808599  0.95446167485163413
  0.96664137907111225  0.97929506865908311  0.99010637750584274  1.00000000000000000
 -0.07438222556180810  0.84436169732912680  0.91513750366059632  0.94291573882056123
  0.95841804774692496  0.96447393189449337  0.96880910869439130  0.97251829946776491
  0.97587451182926621  0.97886101689869165  0.98106553380996608  0.98286709687620821
  0.98455077486424747  0.98607782422674883  0.98746799492041348  0.98875737688108800
  0.98984760078224754  0.99068883188061418  0.99146572010253431  0.99219737534249808
  0.99283348912804115  0.99336960444068545  0.99383352762876931  0.99425204692494962
  0.99461245987551605  0.99492986484513657  0.99525033869289670  0.99555848106119438
  0.99586073151243804  0.99615485980393670  0.99642967252197279  0.99668147804711960
  0.99690979122698864  0.99711897038486608  0.99731154850943893  0.99749286273430726
  0.99766783610182719  0.99779689894367984  0.99790768940113850  0.99801218964099414
  0.99811678294264861  0.99822277032352413  0.99832623368187723  0.99842828888431845
  0.99850533658652874  0.99855983907313661  0.99861119765539486  0.99865812683247956
  0.99870736845860497  0.99875766480359962  0.99880807720990838  0.99885704560771038
  0.99890294266064250  0.99894457116519664  0.99898520022516579  0.99902416556563867
  0.99906338971296282  0.99910185923359940  0.99913858046526838  0.99917305237849374
  0.99920499447559341  0.99923613854154825  0.99926720010140180  0.99929351391798704
  0.99931990652312730  0.99934646346580336  0.99937254660999075  0.99939722959096566
  0.99942057574471022  0.99944312722157669  0.99946447312730591  0.99948379717246028
  0.99950355214531561  0.99952260729925035  0.99954098832352023  0.99956086210930772
  0.99957933674202204  0.99959718067636627  0.99961469110185053  0.99963243821514070
  0.99964979165605283  0.99966713900770332  0.99968497425688918  0.99970253648769380
  0.99971985982488876  0.99973698442361580  0.99975390868673208  0.99977212038368934
  0.99979089404665367  0.99980996484286699  0.99983120496456312  0.99985342569395175
  0.99987677971774402  0.99990994373924180  0.99994999847206301  1.00000000000000000
 -0.02642750921548796  0.16231664150653263  0.22079148266085899  0.25005141944128678
  0.27387401566457498  0.30086365767157625  0.32612717174725708  0.34413103852084703
  0.35837903286530115  0.37242829059878352  0.38368235497819086  0.39262832316515284
  0.40264242622099400  0.41424296616285233  0.42669766329567993  0.43798936660248011
  0.44760477967727003  0.45487720879993709  0.46120426213472532  0.46799966952461486
  0.47404484808663916  0.47972434643777856  0.48501973698544587  0.48935198793265855
  0.49377859684156283  0.49925940191136098  0.50486953315132888  0.50990604198790013
  0.51552926347445327  0.52120066562636469  0.52707291899167630  0.53270743691153688
  0.53638404234656034  0.53880238490387722  0.54107582487791972  0.54337336573511230
  0.54584313851944344  0.54862311853107193  0.55102020977738264  0.55374532408367050
  0.55833603503615692  0.56507411478825753  0.57256059045157137  0.57994725527298874
  0.58723335591328996  0.59311342993880956  0.59943256454507576  0.60606916086763640
  0.61237198664113013  0.61737228656124477  0.62202353575135094  0.62651808436693179
  0.62927281654392120  0.63328605278069494  0.63778283504861899  0.64198511058486307
  0.64598377800303963  0.65015355736858138  0.65495240415695888  0.65927295113765771
  0.66371049389052339  0.66778043796861530  0.67209675842865513  0.67723838751930709
  0.68184003939076776  0.68684960230257275  0.69252951891605163  0.69821623274427791
  0.70416033352112661  0.71006073201515840  0.71604513251372859  0.72199749908405064
  0.72810932600151068  0.73449576190554577  0.74081728767343946  0.74679886236225534
  0.75250634227744795  0.75778571533817085  0.76389916259122959  0.76992678301761996
  0.77632204371460900  0.78368979087108692  0.79160069820998080  0.80056723834933763
  0.81131559486802263  0.82344800131297213  0.83665030640550331  0.84934936212580425
  0.85981649988593589  0.86936663575603312  0.87709719593126745  0.88460123697839266
  0.89771603846942782  0.91148145921919732  0.93255968610814322  1.00000000000000000
   9.5419898627918974E-010  -1.0000000000000000     
 T T F F F F T T F F F F F F F F F F F F F F F F T T F F F F T T T T F F F F T T F F F F F F F F F F F F F F F F T T F F F F T T
  <DiscreteSampler_grid>
  grouped_processes
  1 # 1 for a reference and 2 for a running grid.
  10 # Attribute 'min_bin_probing_points' of the grid.
  1 # Attribute 'grid_mode' of the grid. 1=='default',2=='initialization'
  0.0000000000000000 # Attribute 'small_contrib_threshold' of the grid.
  0.5000000000000000 # Attribute 'damping_power' of the grid.
 # binID   n_entries weight   weight_sqr   abs_weight
    13   10   9.428820170715082E-004   8.190403756890952E-006   9.428820170715082E-004
    14   10   9.428820170715091E-004   8.190403756890969E-006   9.428820170715091E-004
    16   10   2.241335145634425E-004   4.633568087974539E-007   2.241335145634425E-004
    17   10   2.241335145634426E-004   4.633568087974543E-007   2.241335145634426E-004
  </DiscreteSampler_grid>
