 -0.00016005365011194  0.02432424877411644  0.04211957337492420  0.05737137539225207
  0.07238155173448248  0.08839970373599933  0.10526691259841256  0.11740736629954882
  0.12547973283804936  0.13272710140822661  0.13936416327428372  0.14633689375966441
  0.15550049594151627  0.16433601615419174  0.17330770458332509  0.18443789632500526
  0.19538858189269648  0.20718738301657985  0.22326507050781150  0.23162297435462559
  0.23716203388143389  0.24096090824921909  0.24320033157470947  0.24600424189718248
  0.24881055616038836  0.25180007103872626  0.25836441720291836  0.26290420077357685
  0.26741957661298099  0.27202490132815449  0.27767496307918710  0.28391794797012626
  0.28897925894835025  0.29422414114057327  0.30027010905307822  0.30931210140248772
  0.31911682854236501  0.32902394087006448  0.33982535049202739  0.35285296570213504
  0.36434367555826291  0.37529919668950601  0.38710553559921962  0.39900469864726068
  0.40984170925438568  0.42043113798418191  0.43164413140511054  0.44365414854788171
  0.45687893934427504  0.47056181933686042  0.48401027085395315  0.49893646525620494
  0.51806133788278319  0.53871137663416024  0.55896240580697387  0.57891169308579893
  0.59928112265920819  0.62056278196533554  0.64355922168735635  0.66630923139172249
  0.68760772686735794  0.70873144974134838  0.72971119819317931  0.74655250927849459
  0.76201349377039806  0.77536244785760622  0.78927271865833293  0.80303565427023293
  0.81616002269297250  0.82730322262634293  0.83661577783561991  0.84289252608345411
  0.85048729292743497  0.85800153485493902  0.86593056421151171  0.87328528540159367
  0.87976613901672973  0.88413149508223798  0.88823899591146149  0.89230814113306089
  0.89755345171995493  0.90410891507726043  0.91125686785173021  0.91813717897840419
  0.92498632491095734  0.93137795548785451  0.93851699845823355  0.94503244058034197
  0.95478041671798930  0.96345949984530199  0.96945602019693577  0.97434682753626511
  0.98005863785403724  0.98736888757409291  0.99170919513181111  1.00000000000000000
 -0.00000489664308816  0.00017750870561223  0.00070942340534968  0.00182990178421183
  0.00364479782134222  0.00578721011432080  0.00840467427424765  0.01242390387614994
  0.01708868893129922  0.02126020701984840  0.02511803248805282  0.02968690262373512
  0.03444909733535116  0.04036136034581905  0.04743671476841257  0.05955106653696295
  0.06935738732744871  0.07908060655643562  0.08926097637704965  0.10038288349331949
  0.11181826862433225  0.12381673356689338  0.13652321414214794  0.14826931257816361
  0.15779251380539838  0.16604300044987064  0.17437331637052542  0.18234109495576001
  0.19016589217653918  0.19799498736206150  0.20601861536691876  0.21774820670706632
  0.23344385590512895  0.25302664617140208  0.27622170274219221  0.30267398583066552
  0.31808380283937043  0.33037339894925277  0.34264878283118144  0.35626497894446912
  0.36621878019831527  0.37608592888115183  0.38585378436797063  0.39599250884337883
  0.40751045081145387  0.42046785276386300  0.43236123689401662  0.44431083842396035
  0.45627992188145355  0.46831846002250826  0.48245960179005543  0.49555635682911470
  0.50662251220196275  0.51780311209110519  0.52805455050823547  0.53947698616778594
  0.55376206805247163  0.57061975827506495  0.58162736055285535  0.59237734077382298
  0.60299956495548479  0.61719621884524867  0.62763096855091183  0.63643318804039017
  0.64431048832056437  0.65078028309838631  0.65623000473005066  0.66180416191814240
  0.66773548560708851  0.67406388146878926  0.68228194523816399  0.69302794956840730
  0.70824527716867647  0.72252142678382325  0.73391075382448534  0.74364952867809075
  0.75305614140141575  0.76231509888009352  0.77199020558550979  0.78050044312039224
  0.78947907806374917  0.79927507483397320  0.80885691233538570  0.81776200766396356
  0.82586610423072415  0.83492055925275566  0.84575928302334547  0.85400132211571722
  0.86173394654503455  0.87176207674780015  0.88471263564310088  0.90330081272842389
  0.92457182873578825  0.94874353914200193  0.97411374331217948  1.00000000000000000
 -0.00470460548046303  0.01556183413320687  0.03095413999177803  0.04258910401817191
  0.05237500653249712  0.06291022354210377  0.07402192578828207  0.08918147812369544
  0.10493445775482525  0.12180269476672173  0.13373686077444019  0.14595475244470588
  0.15709355314818491  0.16911349114807570  0.18067295850078854  0.19297941093537771
  0.20686159865869713  0.21854666653818658  0.23032238417798817  0.24434799416746772
  0.26098054500486123  0.27733715037017720  0.28894944519441174  0.29996351837248530
  0.31001871282619115  0.31417728232167935  0.31983373926944159  0.32535258731302802
  0.33063649294950032  0.33577356586855023  0.34112739741637210  0.35083954436501436
  0.36212809559129278  0.37178546235888182  0.38225044862242963  0.38968502058127619
  0.39731421692858632  0.40671395014383599  0.41782159070434238  0.43001152803726039
  0.44512672215632387  0.46285966952422064  0.47703982993507987  0.48869250190245223
  0.50015867116005341  0.51236656273097247  0.52387046287738148  0.54029003072948312
  0.55694393006190601  0.57371855303176844  0.59037058781603458  0.60393388548790350
  0.60960899174509164  0.61620553389713184  0.62216378439047748  0.62762425031260893
  0.63205983525363263  0.63648455702842621  0.64286874879478118  0.64880468211396336
  0.65366839191682469  0.65886367797303547  0.66398395937326216  0.67300302398433176
  0.68357738851224581  0.69499448398860186  0.70527096606853668  0.71526720937527488
  0.72478989630921298  0.73045278337496855  0.73536293917101991  0.74041435799378941
  0.74956024331264304  0.75910759060220101  0.76702876675367637  0.77523973616923836
  0.78301509232470812  0.78927550713778305  0.79467197215909302  0.80179932981117097
  0.81036822692353372  0.81880356928819542  0.82565037473342362  0.83237413723594145
  0.84732809654899310  0.86810674416060529  0.88479254983738764  0.89968675046873681
  0.91249531968424058  0.92416400432349666  0.93489807970844097  0.94484536277564146
  0.95646505573939755  0.96964164919382678  0.98372509483431936  1.00000000000000000
 -0.00437785479359840  0.01696829789616293  0.03272630346728148  0.04546916941182248
  0.05388142248697455  0.06193345727465256  0.06792869708962465  0.07369626002754286
  0.07931355275385556  0.08449548851665045  0.09020274636806165  0.09597855059870732
  0.10285887628257445  0.11265064836019564  0.12424374008595453  0.13684971529081671
  0.14930432253880807  0.16161481145913831  0.17374436234485269  0.19094741754343367
  0.21015872693700755  0.22607830107897375  0.23546804196276602  0.24158774225953206
  0.24728583974653923  0.25381234293378585  0.25989006289476568  0.26376288944129817
  0.26752657706376259  0.27164137864410920  0.27746805441505451  0.28275461392816786
  0.28794825158435156  0.29955874860636394  0.32463484032524109  0.34774401834566926
  0.35647531512110453  0.36590075019346530  0.37454318927938157  0.38301633780320660
  0.39081586564053367  0.40015836303784358  0.41293916902895977  0.43057044354139773
  0.45216960060060196  0.46512519220652010  0.47325100990018193  0.48163114392030720
  0.49015663989018060  0.49911082560222653  0.50744917847273141  0.51662454324861273
  0.52708578118308680  0.54105134944147470  0.55392218269649596  0.56365528398585785
  0.57526057635778061  0.58801825786572315  0.60358507707516640  0.61786181257314798
  0.63244979471001872  0.64735073734313364  0.66217247945090718  0.67423322376366157
  0.68599860198090834  0.69769395177235694  0.71031045162082407  0.72507446193995628
  0.73779947237638221  0.74867467018247491  0.76078174112046326  0.77225201912140273
  0.77583870435039504  0.77988800347696552  0.78394515599765757  0.78809573691845236
  0.79357612176200576  0.80011375325875855  0.80704748287527195  0.81371333587394323
  0.82119615714236627  0.83062787557665252  0.84716217784639980  0.86588162767474619
  0.87866197525127610  0.89147308123589453  0.90255959806116415  0.91349987815714995
  0.92675670086816198  0.94120959404363636  0.95374176924484433  0.96288944941097965
  0.97093016227227291  0.97926323778647517  0.98898720905940296  1.00000000000000000
 -0.00385242779585580  0.00928406568950184  0.01948202570472488  0.02676749884387005
  0.03328060147602707  0.04253798929069476  0.05108780482058549  0.06025601513170355
  0.06859706592933720  0.07661859398825673  0.08569105044267590  0.09768229524246348
  0.11389490313878781  0.13123906743084041  0.15033767870467582  0.16947257707761884
  0.18831455075341674  0.20829545015510970  0.22894427688862898  0.23862610526915487
  0.24897643418905999  0.25980342738026835  0.26772110075838534  0.27282527308204446
  0.27728998760248896  0.28190618278520285  0.28634829981261262  0.29063098454384478
  0.29546885821668134  0.30200744770047444  0.30933559310389669  0.31616497057966525
  0.32071451277210294  0.32452085929556090  0.32791326855583552  0.33312547215421040
  0.34409713539216158  0.36043925540492755  0.37902197892161532  0.39631968367833414
  0.41290097699487310  0.42672048449057193  0.43833814777041541  0.44945688957555252
  0.45940023228392812  0.47432298412836349  0.49051284979173398  0.50704227053576600
  0.52052364663527695  0.52953787332682445  0.53851507312903901  0.54564736598950947
  0.55292878706814141  0.56184814355268209  0.56804820340391482  0.57429244984280337
  0.57872564474419752  0.58274857453387496  0.59310902642897501  0.60450748362055584
  0.61459682237118418  0.62506710292574330  0.63789521658487847  0.65166113290404748
  0.66502174434503136  0.67845819846809052  0.69295783960132395  0.70854336203583768
  0.72699483369632523  0.73779193553275735  0.74808706057149554  0.75932280977664390
  0.77091982151440075  0.78172204677642110  0.79309839644205327  0.80646606696614587
  0.82069740047694539  0.83299955724350216  0.84434630071192274  0.85444525634496749
  0.86117286885681987  0.86711393186254304  0.87348188287464767  0.88548679461520630
  0.89833083717490159  0.90830767710436633  0.91647378988688644  0.92372597865578765
  0.93077510028545440  0.94003826260430401  0.94961639093042605  0.95937666385959619
  0.96874248232639548  0.97554060228536565  0.98407684684800001  1.00000000000000000
  0.02485097769468539  0.72677455095214227  0.82094765270905323  0.87339320064400638
  0.90700184024061881  0.92902580529521961  0.94259712876059043  0.95165540032473117
  0.95860232343940355  0.96120089382124096  0.96353756650838496  0.96564516057820959
  0.96784385569024978  0.96995522607683249  0.97187214291276347  0.97374494226568409
  0.97556504469269356  0.97718070918199340  0.97872661976699227  0.97999991824703614
  0.98107139646770880  0.98211278780215205  0.98306931283913190  0.98401754095539762
  0.98505375868293343  0.98603059830137807  0.98695580363975588  0.98771828800415473
  0.98838212870146147  0.98898762634444559  0.98960084547194316  0.99014188475448439
  0.99066738515436381  0.99118856298247326  0.99173432476733636  0.99229161532294530
  0.99278839714873590  0.99321857277482561  0.99361304848890530  0.99400476657464487
  0.99438422852993968  0.99475152987654247  0.99511785874027514  0.99547520671247203
  0.99572625502652368  0.99595584767274647  0.99616899734676989  0.99637311956154684
  0.99658040163659678  0.99676245266664532  0.99693014256252632  0.99709102843681929
  0.99725336496929240  0.99743220186679149  0.99757758943525654  0.99771591465311771
  0.99784821852735461  0.99797439502963192  0.99807485893747072  0.99816500815126918
  0.99824823560768283  0.99833511065344893  0.99841445624001224  0.99849133769943765
  0.99856680631396810  0.99863700416934398  0.99870510830616166  0.99876728614064281
  0.99882880052710576  0.99888944553277470  0.99894388339094109  0.99899672728392364
  0.99904451179357512  0.99909183739004614  0.99913747091195837  0.99918273029042981
  0.99922846212970962  0.99927447716316697  0.99931942007748575  0.99936314214171051
  0.99940507090695851  0.99944346713463061  0.99948171900318417  0.99951819349507942
  0.99955466798697468  0.99958985506903164  0.99962447547687483  0.99965875574542695
  0.99969154851876707  0.99972434129210719  0.99975959984032070  0.99979697531419309
  0.99983601148633539  0.99988112201140011  0.99993266994690888  1.00000000000000000
  0.00942730147358714  0.12564857620295999  0.17628608268311879  0.21282776355893426
  0.24222928250710682  0.27426264155503927  0.29802431128665774  0.30991534944178811
  0.32192306410460092  0.33100791881074498  0.33746816683929498  0.34403070654200363
  0.35498479787329912  0.36957302878908238  0.38090874618126969  0.38869382943041414
  0.39553569316304504  0.40216026713320613  0.40962993001285647  0.41838918459038249
  0.42656926671650441  0.43387970097868295  0.44162804722070315  0.45109484032366864
  0.46310880925138076  0.47753590302327409  0.49236695378626377  0.50481123326280741
  0.51176228806588941  0.51906426689111662  0.52584669648464255  0.53278227687454072
  0.53904016738922644  0.54225979638133404  0.54594367005973687  0.54968760731770738
  0.55324455978065801  0.55772373618856741  0.56306904993236495  0.56758343026383629
  0.57162412515139871  0.57496270265959504  0.57878648353568762  0.58296647972983873
  0.58868304442726926  0.59540979036518527  0.59996841530746381  0.60361187563306085
  0.60694257681185093  0.61056391832351331  0.61562889225964623  0.62051344939798969
  0.62382314445397569  0.62689679568067602  0.63023192984917753  0.63357290273383737
  0.63670110508283873  0.63912613995791312  0.64144110687607370  0.64388019414408904
  0.64674616728897161  0.65043946814183307  0.65420715824717046  0.65768479749468256
  0.66114317504194320  0.66415125000034048  0.66733403031645022  0.67117342390178558
  0.67521693784708081  0.67958505612314213  0.68299627625669324  0.68638652290400515
  0.69369747748210087  0.70166063686609459  0.71053006371667349  0.71912871858775684
  0.72572462083631006  0.73161259903898590  0.73745312374632932  0.74368809343438602
  0.75021974904530708  0.75654486575787483  0.76240182155083192  0.76957372305790661
  0.77774590370405572  0.78684602155384631  0.79608078860882237  0.81062027556247751
  0.82580965253432070  0.84369718816462114  0.85964419215497379  0.87283187258136008
  0.88578232690787073  0.90285374910638805  0.93347469943816808  1.00000000000000000
   8.7833641607013296E-008  -1.0000000000000000     
 T T F F F F T T F F F F F F F F F F F F F F F F T T F F F F T T T T F F F F T T F F F F F F F F F F F F F F F F T T F F F F T T
  <DiscreteSampler_grid>
  grouped_processes
  1 # 1 for a reference and 2 for a running grid.
  10 # Attribute 'min_bin_probing_points' of the grid.
  1 # Attribute 'grid_mode' of the grid. 1=='default',2=='initialization'
  0.0000000000000000 # Attribute 'small_contrib_threshold' of the grid.
  0.5000000000000000 # Attribute 'damping_power' of the grid.
 # binID   n_entries weight   weight_sqr   abs_weight
    13   10   1.374554088170190E-001   7.561683348201961E-002   1.374554088170190E-001
    14   10   1.374554088170190E-001   7.561683348201950E-002   1.374554088170190E-001
    16   10   2.082997691622420E-001   1.736741376324840E-001   2.082997691622420E-001
    17   10   2.082997691622419E-001   1.736741376324837E-001   2.082997691622419E-001
  </DiscreteSampler_grid>
