 -0.00008044114792396  0.01878813857867734  0.03296456902632854  0.04443157657459284
  0.05506941594219331  0.06555514563520559  0.07656100461939265  0.08881677509973845
  0.10110238710240302  0.11109090298392474  0.11961427593409404  0.12873446538608119
  0.13794546329872329  0.14607997511840676  0.15389913695620264  0.16237456719326596
  0.17323724841724464  0.18548465500767755  0.19701779826524465  0.20723865804604941
  0.21684848240455862  0.22703246980530936  0.23747378651176901  0.24776950413886500
  0.25768095686226333  0.26807395641565479  0.27933026176857639  0.29130428883482185
  0.30276549191267943  0.31402124083479582  0.32488081528194568  0.33532956717409163
  0.34596608971967019  0.35594825287078613  0.36605256737904684  0.37575035492781361
  0.38481904069355222  0.39439158378814165  0.40460255076133156  0.41596001162446539
  0.42680662344646786  0.43659871364262137  0.44685703223851581  0.45702822784740749
  0.46729575599070644  0.47808354760893446  0.48962454878871370  0.50124890036912484
  0.51150600898242360  0.52078116793206353  0.52923507496139233  0.53835227945337061
  0.54793969654508501  0.55787182563073912  0.56742414578912082  0.57603406961166981
  0.58439182137663948  0.59260057943994215  0.60167009802322635  0.61188163938361073
  0.62252861519123437  0.63355345881540170  0.64474164382152233  0.65512703627694391
  0.66790963824747684  0.68045747560989422  0.69328211167358000  0.70574002890859300
  0.71763846395270303  0.72917183276600961  0.74027065552308979  0.75113221322873969
  0.76201558699248040  0.77258988757325098  0.78271090209589678  0.79292862261359265
  0.80371988221674040  0.81481151838478316  0.82545931998393141  0.83728831349329591
  0.85004593333448164  0.86034719831625783  0.86836260778096352  0.87601461085973187
  0.88454550814753441  0.89392565933273527  0.90218598535392924  0.91004897627765402
  0.91947966499425271  0.93157893407333203  0.94388012069296412  0.95560427562468420
  0.96597210901052288  0.97594710412051988  0.98684700508328860  1.00000000000000000
 -0.00003612065362393  0.00084623437376106  0.00287543106587276  0.00591437182917530
  0.00912128651216395  0.01335517206603903  0.01825895316026509  0.02291958613401003
  0.02817670915943167  0.03482442109522096  0.04078741164632381  0.04666678166815895
  0.05241914256331549  0.05873755918650599  0.06529657012270476  0.07217791604273145
  0.07973256128506567  0.08753350162040913  0.09495049201844709  0.10300195123922712
  0.11217760913794105  0.12064122504805519  0.12905538611681791  0.13735844913299966
  0.14527809303264252  0.15294436562202660  0.16025396454752458  0.16729097346767122
  0.17424021737878487  0.18191163493267740  0.18999244107639232  0.19859192243462029
  0.20754231875470769  0.21613326269791613  0.22439921014007391  0.23255963509975908
  0.24054923322746305  0.24841660402701152  0.25884251125719282  0.27007170741337566
  0.28072585163703706  0.29129366386768640  0.30249307301153444  0.31448741516944168
  0.32667892059521564  0.33794679647965808  0.34921927955008669  0.36064551488426277
  0.37202498099929876  0.38294932136742527  0.39388443185631866  0.40523916898589130
  0.41726444380833461  0.42972875046139397  0.44171342693631321  0.45273813515082956
  0.46393022424235247  0.47571262770082751  0.48874560672568401  0.50162490009436667
  0.51446442219241573  0.52720633361473801  0.53991990465223250  0.55286118084769909
  0.56637086716495100  0.58036864012894096  0.59449681870656490  0.60734474620678369
  0.61953384716798598  0.63160848407875514  0.64379719133298374  0.65638420853419088
  0.66954841763715078  0.68332434836661715  0.69735588600095721  0.71263453129313792
  0.72810120956707336  0.74210562642760891  0.75569530095966320  0.76904696424588392
  0.78252729231748097  0.79611593825336791  0.80970994387824458  0.82329487018790926
  0.83695688256191914  0.85098967867931685  0.86447594247598547  0.87785371964748282
  0.89169070680143259  0.90634572864343965  0.92198007986596620  0.93826401190065822
  0.95402254257952812  0.96948804010454603  0.98486139069351186  1.00000000000000000
 -0.00359763187103101  0.01093326340662441  0.02545770110465254  0.04021419694493111
  0.05521257330418944  0.06983347765547991  0.08267461835963347  0.09253695977895632
  0.10138193372998677  0.11132627120794580  0.12304416004983255  0.13352098542458951
  0.14365840406994604  0.15343216822917125  0.16300100976556572  0.17262547462634226
  0.18239342158956504  0.19145144511425696  0.19975601479720070  0.20848800593700734
  0.21894579954688731  0.23144211841273987  0.24448334308803371  0.25672723459047375
  0.26814681442360411  0.27917714059674698  0.28975146794234369  0.29947775688131462
  0.30863524649633051  0.31861503437098448  0.32999416446499608  0.34243184693136997
  0.35504244561075410  0.36890816980059660  0.38273903528879721  0.39694611194763973
  0.41122667484307135  0.42449615548066127  0.43606933847360424  0.44586513571664327
  0.45484060794441211  0.46401178344540495  0.47377409837187756  0.48450396897622539
  0.49526284391573722  0.50546304632673789  0.51546479686032110  0.52570574383057600
  0.53646502295177734  0.54794936521440274  0.56013698315247729  0.57318873061341591
  0.58448881021610111  0.59241744164660026  0.59985399364395675  0.60794461421704726
  0.61714426462669447  0.62712146021835402  0.63589920025376445  0.64405226027925699
  0.65342293773162785  0.66392989870402830  0.67302521383912994  0.68169590533267188
  0.69077534545980845  0.69959836332951386  0.70781090113491896  0.71606535353367984
  0.72494083070802906  0.73558119528736154  0.74684691071337417  0.75644652441700322
  0.76517002389647493  0.77396707987519586  0.78255046389897842  0.79115634655253086
  0.79994763951508452  0.80847809136870630  0.81910053102390745  0.83111357150757981
  0.84286424188281228  0.85477463871935400  0.86625218888870781  0.87704851761314040
  0.88611148456811606  0.89524604612111480  0.90526972721683374  0.91599804728439849
  0.92653993888904151  0.93762948597335427  0.95065200218365642  0.96164980642730569
  0.97155119694047010  0.98106399402797184  0.99009834886637493  1.00000000000000000
 -0.00171096645902475  0.00898529822416535  0.01703770950169404  0.02502899480799751
  0.03340134750805561  0.04222977468888315  0.05167125917756126  0.06218231108531052
  0.07392527546986660  0.08638690872455532  0.09853393468508592  0.11058808723609539
  0.12191623161614325  0.13244469978924081  0.14327926495658272  0.15377053379104683
  0.16412342461809154  0.17444705289386234  0.18505239269275067  0.19533066847752800
  0.20536990953426104  0.21549795371225947  0.22508745009423661  0.23662151003518087
  0.24853968107202282  0.26118804874785256  0.27395468601896961  0.28846422001716698
  0.30300187363474707  0.31567127247649279  0.32666041807776747  0.33717442323941549
  0.34662826083442189  0.35578985132391439  0.36512088279570643  0.37443739223131561
  0.38455033289880869  0.39562055845752025  0.40656318789354856  0.41781299833712243
  0.42841987500731454  0.43897474148341398  0.44932086761643586  0.46107513812256562
  0.47479426375419082  0.48836854658193951  0.50124014432170461  0.51391311127112171
  0.52699566806440112  0.53971383059474920  0.55151548382115201  0.56390662791729740
  0.57538689501976858  0.58718236691238457  0.59945397985562032  0.61323159768147806
  0.62736889926781403  0.63932130731118952  0.65127537616365949  0.66334770291373124
  0.67497386476026311  0.68701695759986481  0.69943718209871730  0.71208831238235937
  0.72435738660535542  0.73565179177991202  0.74592187101157015  0.75612976708398905
  0.76598923749420111  0.77541314314510257  0.78386827319108066  0.79290250196987311
  0.80177829523009214  0.81207680063867593  0.82236081104745529  0.83259127276048883
  0.84210396402979282  0.85113823184914483  0.86013410029771586  0.86887159297550942
  0.87750397327541330  0.88693393289561562  0.89693337200185130  0.90575069145637532
  0.91441896585323612  0.92170899570125031  0.92850122766855947  0.93560387716840199
  0.94229909274381918  0.94925643749988442  0.95711604940463180  0.96547248918291773
  0.97381879214575051  0.98213439676488978  0.99121480933813788  1.00000000000000000
 -0.00323789808123086  0.01033139354693688  0.02386169075734526  0.03805390562774302
  0.05221503435368415  0.06504572598781493  0.07560160217833602  0.08507351774156424
  0.09496505630880138  0.10535751035257834  0.11662779541137061  0.12815948700876972
  0.13961995044498099  0.15072211537907135  0.16144160325973575  0.17230746058630711
  0.18320797937539332  0.19355066145058697  0.20253218780556825  0.21131209565889325
  0.22006490333252138  0.22908260254630783  0.23879932733840692  0.24951797099684939
  0.26149076826093237  0.27289020877542780  0.28250528314066958  0.29191959867118156
  0.30171688013050879  0.31146577505452117  0.32081991540455951  0.32995853785327900
  0.34017524996548765  0.35190626823570420  0.36363016595554093  0.37486520181358030
  0.38591284234278483  0.39642119722782559  0.40603266428109691  0.41541677741677369
  0.42484087991558706  0.43393923254121053  0.44238585609646158  0.45114588948845608
  0.46185756533671835  0.47386131925893032  0.48392689096147851  0.49393462042144676
  0.50316745424499842  0.51107160665048623  0.51871342020032851  0.52625671533488394
  0.53378246257465023  0.54144044738920016  0.54994232513987473  0.55841725973305734
  0.56788029060078837  0.57870030647191206  0.58944926432600986  0.59946001064943111
  0.60906665960822437  0.61864801055229446  0.62854659457989870  0.63810757127407358
  0.64805583928826149  0.65939581685679016  0.67107750710551084  0.68187677245265477
  0.69270911668781554  0.70187172098020045  0.71162279846439114  0.72129330160165850
  0.73213553082517324  0.74498677469289087  0.75702493536068582  0.76782177135363416
  0.77870391438192532  0.79001725317067062  0.80243069230956965  0.81610650231663728
  0.83011996646525732  0.84400181059201163  0.85790569205125078  0.87169296439583321
  0.88397165397240896  0.89310187534934216  0.90217821418795419  0.91098341266580896
  0.92006288310180129  0.92998821535701426  0.94090304405865444  0.95307262168051998
  0.96550543803251132  0.97665487575861576  0.98854271104293556  1.00000000000000000
 -0.09615561446710172  0.83096581916789913  0.90641149380482089  0.93692651945650884
  0.95390791866720870  0.96147012931482456  0.96570124811592528  0.96933595843836640
  0.97248109070763433  0.97535080695026477  0.97790485831922958  0.98001174761878529
  0.98175871267640247  0.98333529014165943  0.98475360388312161  0.98601579826205188
  0.98715581650410444  0.98819269141008870  0.98910663775324081  0.98994636142644987
  0.99072031305294095  0.99139666413864069  0.99199424733527886  0.99254370660092750
  0.99304441879392491  0.99350480072987224  0.99392217702819674  0.99429899725696713
  0.99465019867486282  0.99497942281130014  0.99529069393874847  0.99558913012864225
  0.99586378944474485  0.99610557654905252  0.99632889576473471  0.99653512749835915
  0.99672249766623411  0.99689450977009342  0.99706115036472520  0.99721687845215912
  0.99735922722438164  0.99748332056640032  0.99760383447911638  0.99772060523621275
  0.99783283946577528  0.99793662384854775  0.99803044719283862  0.99811656855898157
  0.99819962883221292  0.99828117848649667  0.99835847142227285  0.99843374598863621
  0.99850807784396178  0.99858042084588905  0.99863916917364182  0.99869335563081585
  0.99874518614181795  0.99879547771881938  0.99884468385652581  0.99889267650921187
  0.99893803058833208  0.99898205561093756  0.99902496503992688  0.99906643208235502
  0.99910731761449811  0.99914647482329977  0.99918383127844790  0.99922026144430276
  0.99925494099110324  0.99928857052206621  0.99932149564581885  0.99935171588045490
  0.99938056319431634  0.99940814049124305  0.99943537603336186  0.99946186297288364
  0.99948762954187753  0.99951316229642484  0.99953784331332907  0.99956178863778011
  0.99958544538507632  0.99960886395082826  0.99963205428954915  0.99965483769116970
  0.99967750973975078  0.99970004295311077  0.99972265357353762  0.99974535822470612
  0.99976830098964686  0.99979128910261161  0.99981464262503550  0.99984293625141585
  0.99987262782669251  0.99990516846111721  0.99994815807096948  1.00000000000000000
 -0.02220461311855423  0.12612358730511822  0.18485767575729453  0.22473205168606974
  0.25734586884626887  0.28286200752836338  0.30377297883225002  0.32329414544251678
  0.34026882615062559  0.35527536290853040  0.36901588589471135  0.38214318860755547
  0.39502910924684820  0.40758416135305636  0.41918310776810341  0.42837840534161392
  0.43686411533909836  0.44302975104969028  0.44879363596391986  0.45524216116820881
  0.46174731550952142  0.46780413864890347  0.47368990767157193  0.47930821909037680
  0.48459542767070246  0.48991772976715775  0.49543668936655155  0.50082041234440489
  0.50640204004586642  0.51149471507797029  0.51614012389539099  0.52087350263747101
  0.52611288840018533  0.53167853574360147  0.53758434965839452  0.54355782039094824
  0.54951172816672555  0.55514303571816193  0.56058689979062482  0.56620577134541217
  0.57202677840989147  0.57781260763287312  0.58346643556964184  0.58910325624300586
  0.59467553915852633  0.60011650496507829  0.60537332101785779  0.61040892736878527
  0.61514607499300644  0.62037019189677989  0.62595812771834636  0.63125067761665787
  0.63624596662228894  0.64100632211985964  0.64558779544337874  0.65016087403078260
  0.65476757881401526  0.65934931623670712  0.66403448038781121  0.66900087347225046
  0.67420684888994187  0.67963322035606821  0.68498111271079598  0.69016053204503758
  0.69533059340752423  0.70057564244088555  0.70600104530276531  0.71152041425879275
  0.71683784669574979  0.72204968848910123  0.72721589549676591  0.73227794475182506
  0.73749248903573894  0.74302861812822618  0.74864666156829640  0.75427692132912016
  0.75995558799525487  0.76501243727610835  0.77002496294939993  0.77493420490627463
  0.77979290255280898  0.78489621200795190  0.79050901887985314  0.79767635830638872
  0.80592630026132395  0.81455444599894955  0.82380919320321966  0.83358222231187673
  0.84325568578781240  0.85309272763787336  0.86304103271429100  0.87294257236181449
  0.88481175799641110  0.90004430990808260  0.92234998201221952  1.00000000000000000
   4.8216311357000109E-009  -1.0000000000000000     
 T T F F F F T T F F F F F F F F F F F F F F F F T T F F F F T T T T F F F F T T F F F F F F F F F F F F F F F F T T F F F F T T
  <DiscreteSampler_grid>
  grouped_processes
  1 # 1 for a reference and 2 for a running grid.
  10 # Attribute 'min_bin_probing_points' of the grid.
  1 # Attribute 'grid_mode' of the grid. 1=='default',2=='initialization'
  0.0000000000000000 # Attribute 'small_contrib_threshold' of the grid.
  0.5000000000000000 # Attribute 'damping_power' of the grid.
 # binID   n_entries weight   weight_sqr   abs_weight
    13   10   1.996217802613369E+002   3.674430696266834E+005   1.996217802613369E+002
    14   10   1.996217802613382E+002   3.674430696266881E+005   1.996217802613382E+002
    16   10   3.031344243012863E+002   8.473247169962025E+005   3.031344243012863E+002
    17   10   3.031344243012885E+002   8.473247169962153E+005   3.031344243012885E+002
  </DiscreteSampler_grid>
