  0.00188882531388195  0.01438921038074360  0.02754958670079043  0.03919609386979878
  0.05017640163005492  0.06102428800253534  0.07138244458298067  0.08215249683527799
  0.09385941117761622  0.10587274495215218  0.11753011594239486  0.12893828500336652
  0.14000704367177680  0.14996998326680266  0.15889649443324133  0.16786709407620379
  0.17783486686959291  0.18805383199924811  0.19718038302983576  0.20640926588798389
  0.21669186991316616  0.22725449182150950  0.23700364992775250  0.24660947745868286
  0.25768376547399485  0.26983671835254047  0.28199608980305602  0.29406319777009615
  0.30642872048449021  0.31895018896817379  0.33188394113690367  0.34506744668027112
  0.35820050716366680  0.37139421088153246  0.38487698221188776  0.39885884241621222
  0.41288697374529332  0.42646117349969859  0.43795383263154358  0.44598501034137672
  0.45386548223796480  0.46153472823376734  0.46902160237048973  0.47743748319173063
  0.48666890387634998  0.49503679656856808  0.50266520951771154  0.51392704652448185
  0.52732475735577811  0.53943480071057748  0.54951730443901314  0.55912948300520926
  0.56865267992356605  0.57828578016860055  0.58858963228487915  0.59905012172934835
  0.60902687856627713  0.61937927528082104  0.62999022133759974  0.63998167108851611
  0.65133515566319589  0.66395643577194852  0.67680766977632456  0.68944174121007473
  0.70115797061118779  0.71198815167695551  0.72261474961146088  0.73377866580045292
  0.74472081324425232  0.75444454045249865  0.76365596061436802  0.77353881969551719
  0.78332142328366428  0.79305746565498159  0.80220190535440272  0.81131078171050963
  0.82059155721213672  0.83009744552509723  0.83982377187284929  0.84917185509425397
  0.85775975969958196  0.86621720598839536  0.87520703757857166  0.88496149002234004
  0.89627684366122473  0.90911781835166394  0.92055943597376522  0.92951594412198169
  0.93748494596061527  0.94551677552734303  0.95413657013948439  0.96304717257682515
  0.97184548184457409  0.98040954628416688  0.99280091599140086  1.00000000000000000
 -0.00003804162528887  0.00087743604316703  0.00333129193292037  0.00766946296156829
  0.01303688644550512  0.01791569751287144  0.02262628092763723  0.02759523491342972
  0.03309521916295347  0.03903755853072490  0.04465792470591508  0.05112533205602235
  0.05963437323244882  0.06874612145832940  0.07746513952118898  0.08691822245997448
  0.09491702817359361  0.10265486218858409  0.11087081256292644  0.11907562909852512
  0.12701743363403151  0.13570650898299125  0.14593330889785583  0.15480954098394017
  0.16277262337728354  0.17102276756472068  0.18002795353559156  0.18943444728868622
  0.19950705212168970  0.20928393807442836  0.21936671770524041  0.23021370872731037
  0.24091431246623926  0.25241552415128449  0.26407837252030814  0.27587485609066847
  0.28787155664209041  0.30050002371673629  0.31281768960494877  0.32241672644918823
  0.33037601897685026  0.33792147586812182  0.34539161184004186  0.35300006183396199
  0.36175034701783493  0.37149536390838772  0.38103333403842171  0.39031817482900455
  0.39965082766588700  0.40981647026453005  0.42078028693571368  0.43149300964055398
  0.44163981376027794  0.45139566565773626  0.46138663390195789  0.47272734782352394
  0.48769809438973749  0.50176667927207685  0.51542502020546765  0.52841902064608992
  0.54106385845611604  0.55359637747584167  0.56593202463940462  0.57798493401390316
  0.58944337013886183  0.60072017711004944  0.61230575691489431  0.62392373058709616
  0.63483336917580135  0.64512316456021868  0.65510993054568634  0.66532506850408446
  0.67681827932467142  0.68884024236370200  0.70080024452976120  0.71309997679559911
  0.72512936629043090  0.73761914204912049  0.75125360203473401  0.76556286148486086
  0.78002923047495387  0.79444476187308832  0.80870421503708589  0.82264229660988952
  0.83659994941109461  0.85085997031376648  0.86536731142634837  0.87983927763317349
  0.89423956825444162  0.90873556266565414  0.92334726537635670  0.93833942926052338
  0.95353299735745778  0.96889432868974346  0.98439652697515700  1.00000000000000000
 -0.00319232408343124  0.01064210296016122  0.02304540219543423  0.03430304025713612
  0.04440878238521006  0.05376769611227597  0.06375923960360175  0.07450483772958530
  0.08493377124871825  0.09465958924550438  0.10407785123276993  0.11369544174593353
  0.12372145781302836  0.13451079206397168  0.14618404318455416  0.15767264590630473
  0.16821509449049044  0.17819249460548295  0.18836099869673220  0.19913737264730169
  0.21053846905219434  0.22210610958761307  0.23364615354279136  0.24537682141084519
  0.25714521019789416  0.26861309775690789  0.27954737877101787  0.29015811613483605
  0.30051207768967553  0.31052134356176914  0.32046597852853209  0.32896902408066953
  0.33679532693789799  0.34516154439493257  0.35468135250380400  0.36623119390403913
  0.37683100303039102  0.38617143217993516  0.39468382687022457  0.40468862923481846
  0.41550723507997750  0.42608566763375499  0.43586951844302430  0.44907099496665376
  0.46206636538934515  0.47404107415836710  0.48431841329562592  0.49357507228715669
  0.50266863624217994  0.51228211984314531  0.52350076382133748  0.53649652981539675
  0.54884142027924920  0.56030011330592999  0.57166193375071905  0.58246143406451778
  0.59358163105999784  0.60414024284722223  0.61832537595736292  0.63405641411670921
  0.64791532765447046  0.65926277251593590  0.67069269508899465  0.68210072992365156
  0.69309604059065466  0.70268559644997253  0.71252203578363005  0.72170643049786254
  0.73080972058232063  0.73959270664376131  0.74926218441853987  0.76152364820055296
  0.77543352676726496  0.78917890238641242  0.80192171737466422  0.81357174315967229
  0.82500458160516021  0.83632618852516893  0.84811274639146450  0.85831295880309444
  0.86780054024751474  0.87655434379966046  0.88404191080845462  0.89050428410077287
  0.89724416680104435  0.90495948152237626  0.91246445973891843  0.91994093667370624
  0.92855425119503110  0.93590570498206638  0.94493386795954071  0.95649962965195534
  0.96840911494995530  0.97952021388936661  0.98992931805968676  1.00000000000000000
 -0.00062554604387104  0.00549821546752667  0.00982350697496801  0.01412240324296954
  0.01934602036893837  0.02546032183409339  0.03129048232565607  0.03696038717858841
  0.04264845140835263  0.04930564680180909  0.05652292284872220  0.06490193000220548
  0.07406427024544608  0.08339183678828488  0.09239636236363752  0.10110930864454737
  0.11006024811579371  0.11913321765406092  0.12716860868493704  0.13387159460072809
  0.14018339132002861  0.14693138531590941  0.15506606419222646  0.16360138150727055
  0.17143226254166702  0.17841133150718302  0.18516700961900232  0.19330656319194175
  0.20280464717912480  0.21151272057426840  0.22034382701624119  0.22879023673901694
  0.23826752457830305  0.24850527208055118  0.26010655957641099  0.27169336482155726
  0.28344441092589157  0.29584807163805982  0.30846772425094010  0.32106978145371162
  0.33360461347290438  0.34623497140545556  0.35927919096715299  0.37200312640699168
  0.38529257848138077  0.39867553729512673  0.41225768418320435  0.42751847643352181
  0.44268790412271269  0.45765560100271008  0.47330667696620937  0.48954941932050089
  0.50539496030002107  0.52053780297355079  0.53550194340845791  0.55063765283164523
  0.56604473064973193  0.58365296776070086  0.59867775292019365  0.61191369393360506
  0.62483947770339732  0.63807406048247517  0.65325602304843688  0.66747416142887317
  0.68042355771211871  0.69247741850250533  0.70421569632513470  0.71656240433000096
  0.72814689603888649  0.73771846497884508  0.74584329839538843  0.75392894744208538
  0.76202831924386627  0.77077795364598156  0.78064407797442825  0.79038783610906060
  0.80047522940694404  0.81040891200216203  0.82007372951468871  0.83012564178485193
  0.84080005135500335  0.85055522587747145  0.86003640295505801  0.86910905498948665
  0.87942626427653436  0.88994083998436113  0.90033854431670679  0.91031493629947435
  0.92023750514531433  0.93035723316913865  0.94040495232526933  0.95042638592781292
  0.96047468975727490  0.97262406372231969  0.98601685280791262  1.00000000000000000
 -0.00203358100399471  0.00832564727070985  0.01797628030282412  0.02909542925594125
  0.03931585175900039  0.04875817127068804  0.05824798922977877  0.07152149777267995
  0.08510402214578860  0.09855499292327873  0.11135730492572075  0.12418646546718409
  0.13710171474930619  0.14974634959233477  0.16190106453577371  0.17348590475667111
  0.18422238407038502  0.19444723554451454  0.20447186767672385  0.21370199736036158
  0.22299412415992806  0.23299709071659058  0.24320442766652353  0.25214983267809626
  0.25966842584505878  0.26719727046623409  0.27468558259660736  0.28228683627927614
  0.29070050091369626  0.29905712844665799  0.30640791082434699  0.31492883277667016
  0.32639395431152118  0.33960892966601630  0.35268756146891600  0.36457755657880586
  0.37709648188954958  0.39006514211966464  0.40113775360232534  0.41317817400170098
  0.42566408116916093  0.43754039453299731  0.44884576857172392  0.46042890472229397
  0.47273673062095051  0.48559418144705729  0.49797606683832307  0.50907104589918006
  0.51923216544294748  0.52917601795726443  0.53919667073216448  0.54873931944155230
  0.55827535505079695  0.56870415154597842  0.57998758473572709  0.59091214516500912
  0.60103367061970481  0.61177102010848772  0.62289958171942028  0.63342159715787871
  0.64278695928273410  0.65079024960628906  0.65861445905797444  0.66720665290808812
  0.67671467388191975  0.68583623230640567  0.69603431357161494  0.70674259745056112
  0.71764950845996334  0.72814868268653055  0.73919838564322526  0.75038566931686757
  0.76163029037542440  0.77230189516821668  0.78198500238114321  0.79214417836521622
  0.80312990486564184  0.81216013410004306  0.82113297104408811  0.83009504115498656
  0.83898966332367730  0.84902500095131772  0.86077408758376750  0.87219392784485705
  0.88324132438841862  0.89335310838932136  0.90355390575433181  0.91418629144380059
  0.92476768984669622  0.93551645555362895  0.94643744243858030  0.95868102099688968
  0.97035953731829683  0.98123125870100203  0.99087271487407014  1.00000000000000000
 -0.06933758667314997  0.83455454916616945  0.90945943348643365  0.94075381219238252
  0.95736635752823929  0.96284640112538245  0.96697618441779287  0.97053510322874381
  0.97372114108579266  0.97650867562085886  0.97896853106164139  0.98082576212545192
  0.98249896703836181  0.98400496209873678  0.98536628084496225  0.98660294989831754
  0.98770525455397906  0.98870002093857812  0.98958426165325231  0.99038190605574239
  0.99108824352587754  0.99173647492851558  0.99233650787393246  0.99288540081461829
  0.99338482885181068  0.99384492549861125  0.99427230162903901  0.99466578591964183
  0.99502676986140015  0.99535261069386760  0.99563564962777340  0.99590113151321646
  0.99613584480801354  0.99635164872853554  0.99655721655937379  0.99675265072521524
  0.99693163338464530  0.99709919195956798  0.99725421726000574  0.99739772726580223
  0.99752788610663401  0.99764950637767558  0.99776615611998765  0.99787811906222090
  0.99798611389848801  0.99807410490787207  0.99815828533931683  0.99824052038583999
  0.99831843925784636  0.99839212504573105  0.99846294762953436  0.99853206256559668
  0.99860168136178040  0.99865944435055953  0.99871302965121611  0.99876481284288998
  0.99881354839677350  0.99886121408598882  0.99890781629156422  0.99895245676820377
  0.99899566880882962  0.99903787455503790  0.99907727696287019  0.99911589085382368
  0.99915318354185290  0.99918851982344814  0.99922351844240898  0.99925748410356940
  0.99929060980737960  0.99932314649785525  0.99935129452460536  0.99937826091071447
  0.99940521271880123  0.99943121869287721  0.99945686266517131  0.99948212552164850
  0.99950659982342871  0.99953054667491403  0.99955414184100122  0.99957735363661049
  0.99959965513114224  0.99962156747755093  0.99964346416183503  0.99966514199984025
  0.99968671707397472  0.99970851433119656  0.99973036364043855  0.99975229006015676
  0.99977524183272704  0.99979804103386916  0.99982069610754232  0.99984682095644162
  0.99987490488275299  0.99990595127099791  0.99994745980995603  1.00000000000000000
 -0.01992461408524308  0.11888150251579833  0.18200654203394973  0.22317829361939623
  0.25354408255702909  0.27290812069718068  0.28810886644888001  0.30255341540435915
  0.31582026022647902  0.32809047158589966  0.33832941817805984  0.34732874844035538
  0.35644411462904291  0.36502982380562254  0.37307346680266373  0.38109144795305350
  0.38894621405802421  0.39628736188427338  0.40520671669621566  0.41397028252599133
  0.42232750875651281  0.43056331768278389  0.43823372001307342  0.44539336378436317
  0.45237747699692477  0.45944867804834766  0.46661217924196813  0.47378814331525254
  0.48102468145009197  0.48826637194012101  0.49535276573690123  0.50213381062021356
  0.50848135569564734  0.51462578224809474  0.52060655544544510  0.52658036409721498
  0.53240813614317162  0.53788368219350302  0.54315276058336759  0.54834721414033238
  0.55360043232772405  0.55891251410236387  0.56384233556327290  0.56841951190215612
  0.57299281064442675  0.57756443096670218  0.58214558786844239  0.58658095586611714
  0.59214582512825742  0.59785403523849479  0.60328463340281124  0.60851217758500165
  0.61354357202866305  0.61827667998914770  0.62307314029165795  0.62838564140638331
  0.63410780767187780  0.63995419103704010  0.64545705615987714  0.65109015621597999
  0.65686431819159707  0.66272888020303022  0.66860672305413116  0.67442627390465570
  0.68047999340788001  0.68672870527177199  0.69307414039364301  0.69990850112559910
  0.70729320581102750  0.71370556806673613  0.71967951428914745  0.72561712271734369
  0.73145245956630855  0.73657481290969995  0.74218194227526046  0.74822891262880176
  0.75424545165453893  0.76001629761401024  0.76559442755723917  0.77122304466780411
  0.77675158801362354  0.78243344017507299  0.78804593882609741  0.79372875240061491
  0.79980380670273732  0.80617350632041063  0.81294733989638424  0.82019760155213906
  0.82817834617102604  0.83647372055427405  0.84525621209102386  0.85511644131436459
  0.86887488802994772  0.89105448558550826  0.92277641516595033  1.00000000000000000
   7.7685455862083108E-009  -1.0000000000000000     
 T T F F F F T T F F F F F F F F F F F F F F F F T T F F F F T T T T F F F F T T F F F F F F F F F F F F F F F F T T F F F F T T
  <DiscreteSampler_grid>
  grouped_processes
  1 # 1 for a reference and 2 for a running grid.
  10 # Attribute 'min_bin_probing_points' of the grid.
  1 # Attribute 'grid_mode' of the grid. 1=='default',2=='initialization'
  0.0000000000000000 # Attribute 'small_contrib_threshold' of the grid.
  0.5000000000000000 # Attribute 'damping_power' of the grid.
 # binID   n_entries weight   weight_sqr   abs_weight
    13   10   4.793054969519587E-001   1.495086189200807E+000   4.793054969519587E-001
    14   10   4.793054969519591E-001   1.495086189200810E+000   4.793054969519591E-001
    16   10   6.215340174048015E-001   2.493576303642109E+000   6.215340174048015E-001
    17   10   6.215340174048023E-001   2.493576303642114E+000   6.215340174048023E-001
  </DiscreteSampler_grid>
