  0.00261461908311171  0.01249820652243092  0.02406687495088384  0.03624415010644137
  0.04777739223091573  0.05918057362552694  0.07076492685437107  0.08307930931722407
  0.09605036938824245  0.10974798541686369  0.12394239471618355  0.13793911027483718
  0.15154990939348922  0.16247624707998221  0.17444419985237003  0.18459393935399437
  0.19495517565700302  0.20430395361760748  0.21424363100922914  0.22684030406648406
  0.23974710490829718  0.25142825007476766  0.26133222483682073  0.27024500394717205
  0.27840123478332607  0.28641586130560737  0.29588927055061248  0.30343312984536563
  0.31142536141356625  0.32145878887647561  0.33276963645878715  0.34287396354317334
  0.35177004195701073  0.35869493009366588  0.36569544719149560  0.37351769705263926
  0.38127122155306359  0.38875978971098035  0.39643093573576887  0.40385168450053266
  0.41135852805191797  0.42145165390173150  0.43468943581923081  0.44839242330131951
  0.46250541717534321  0.47632098118166644  0.48942423568421661  0.50107848749880646
  0.51070189324758586  0.51987185712732875  0.53097785284802879  0.54304795858794230
  0.55402058073677396  0.56482306722927023  0.57785115383922225  0.59066248146072209
  0.60273639128983159  0.61467232508645264  0.62715780894387330  0.64005055392155197
  0.65276006945489662  0.66555944839232006  0.67849415381691003  0.69146090482514433
  0.70433491503403134  0.71686759732746619  0.72862740551585947  0.73813634704808562
  0.74800112576737676  0.75818893108779573  0.76788190334932482  0.77720937533449475
  0.78743758889352256  0.79713938711816168  0.80590581207220413  0.81517436333360105
  0.82410156664051715  0.83179499636368393  0.83953672685472047  0.84792828720335267
  0.85676084917145690  0.86573358265199163  0.87419146375861212  0.88245363793279619
  0.89045000599765101  0.90037356748805886  0.91048661589347202  0.92226713210219857
  0.93587845319149665  0.94778448855505970  0.95847491765903126  0.96813986137543939
  0.97761198054670273  0.98767170735915699  0.99194751580632079  1.00000000000000000
 -0.00003693227678795  0.00087529380780758  0.00358189652286280  0.00728864864303189
  0.01232020381446586  0.01804161846093613  0.02312943687772652  0.02882496742629492
  0.03585318435841039  0.04372806751252756  0.05203289328158893  0.06134978145735439
  0.07103565948917297  0.08102715987566382  0.09183989384151067  0.10298880205625645
  0.11404450585524470  0.12517383580188587  0.13608492676337658  0.14720870536144781
  0.15880353024021604  0.16807004815597645  0.17553985793076649  0.18269361847052373
  0.19068493314942422  0.19880756975258479  0.20675212807849674  0.21460948757903836
  0.22301515495088545  0.23211974178627032  0.24129480561681202  0.25105756100729842
  0.26145011068919544  0.27221429340147463  0.28343910642695064  0.29493823216737403
  0.30643582719764489  0.31782727756095208  0.32842540133602111  0.33874950545143068
  0.34963868199645726  0.36109797113793085  0.37278083497964165  0.38576733166588856
  0.39837303497054088  0.41072389370536827  0.42311096906846246  0.43574636371156755
  0.44875799050886278  0.46152659203577567  0.47633704901537760  0.49115025746794833
  0.50562128208305435  0.51959663014414414  0.53256645648627920  0.54292421708064686
  0.55193864727445940  0.56277718158578138  0.57376940021265221  0.58465020155608449
  0.59494485131185237  0.60532147247316648  0.61555124996192934  0.62566165116352690
  0.63602441163853529  0.64682349685751950  0.65769847636244849  0.66877636929194118
  0.67993162218260128  0.69084186044896245  0.70152405683813113  0.71236015298071187
  0.72355744051731608  0.73471749222970983  0.74592059378710651  0.75723176849623486
  0.76722448620667449  0.77865327747618218  0.79158496900540043  0.80431610571251766
  0.81624873452590319  0.82835985714789817  0.84091106443797392  0.85401882453966105
  0.86744427081310660  0.88057068309620268  0.89260331611592814  0.90347263710324788
  0.91402807261402952  0.92488494699060853  0.93597225935357653  0.94725095920727465
  0.95890317370401001  0.97106387224487223  0.98426525812281451  1.00000000000000000
 -0.00090609687888780  0.00490076405646147  0.01119394639792932  0.01837728552997748
  0.02679210666541012  0.03566264859841819  0.04447767872016743  0.05809262231151394
  0.07175952569886411  0.08389925075427027  0.09538193359755157  0.10720477240693096
  0.11915174344398495  0.13126739242886865  0.14439805689523125  0.15789880776457738
  0.16847736945771072  0.17535702439742734  0.18169981034839414  0.18853491703945302
  0.19610173980887768  0.20355436677736197  0.21054211644514720  0.21748447871159440
  0.22545659113380570  0.23639462600063163  0.24902158301327640  0.26081738477736782
  0.27109962910499957  0.28086496179401965  0.29115565899140250  0.30282696936438935
  0.31520768389765241  0.32636611565056028  0.33603377185083433  0.34591796555689047
  0.35576532960729135  0.36557901103594487  0.37594344368080701  0.38808747584598857
  0.40123757965633999  0.41386825501386021  0.42587096615431985  0.43754067894026349
  0.44851216915756476  0.45887999025772208  0.46927965092526025  0.47960416605393491
  0.49052340613175616  0.50469276692213838  0.51633155609711900  0.52754405297266183
  0.53866884322961917  0.54964852674531339  0.56071222798008347  0.57392321231539867
  0.58744090219078049  0.59976999045116342  0.61141997196803555  0.62253268729005606
  0.63462788127402703  0.64693613758525614  0.65928271587769582  0.67056468511469869
  0.68036470446340302  0.68886270322721932  0.69684351613189222  0.70514791421401424
  0.71399549529416328  0.72226517745688090  0.73223361387258079  0.74534394413320992
  0.75951974206567541  0.77184463650858226  0.78443419768359823  0.79729637702611389
  0.81051572517781389  0.82379230766512557  0.83679944572076348  0.84899026294748681
  0.86031456326145772  0.87086571250493350  0.87976188525684385  0.88792093714566667
  0.89723191848681427  0.90663394818327891  0.91532753144432888  0.92331255874164153
  0.93119167067341868  0.94132172298891859  0.95215296597645604  0.96194596011001343
  0.97107944915798183  0.97964663074015423  0.98994079325747897  1.00000000000000000
 -0.00112798468739848  0.00643968944966307  0.01265341148099864  0.01890716795394821
  0.02481897721341254  0.03057792498465289  0.03579103350012395  0.04057159545652075
  0.04657762010321927  0.05301082098424377  0.05956585813388592  0.06649973656241355
  0.07356878246153241  0.07971021157793644  0.08668370066299425  0.09521153051413919
  0.10456137225647821  0.11570816557354489  0.12704233879162649  0.14034303577596155
  0.15024936512623210  0.15797370160352328  0.16566848323518582  0.17369556426877134
  0.18252964577692826  0.19200488575633137  0.20151202745243263  0.21222097886881741
  0.22510157369587733  0.23921946920385762  0.25295212745365120  0.26652564446572552
  0.28043997470221516  0.29311838745806568  0.30411912316690132  0.31475751437434019
  0.32652614123104490  0.33788121000527604  0.34837603822213870  0.35985025041026364
  0.37228085395941379  0.38506700216398754  0.39903948069902728  0.41722530231285332
  0.43493144020405627  0.45013993076361536  0.46216016059549242  0.47428103042520364
  0.48622337847933678  0.49866384595745727  0.51184865958953452  0.52520256598285642
  0.53872415521080408  0.55340015053268876  0.56855219099165000  0.58461432996853691
  0.60234305843449321  0.61662171829532242  0.62961362378211450  0.64305563222609963
  0.65589194402061524  0.67075406803203452  0.68688008533795875  0.70306776475230881
  0.71556186104823905  0.72652350268320609  0.73727102720020488  0.74770733249288013
  0.75854096694509643  0.76903923588568479  0.78031648242784080  0.78987464924189332
  0.79705307132992065  0.80389473236798326  0.81090302797810287  0.81824596062304567
  0.82632505328665529  0.83382378090942955  0.84100959483944715  0.84768122850834449
  0.85459235480279494  0.86620035332480494  0.87824207825844081  0.88857375997949384
  0.89784969106291168  0.90630200901214264  0.91424533427672483  0.92171076005294772
  0.92890512115996282  0.93631184109881260  0.94449298850902241  0.95183733004418802
  0.96112382742669211  0.97233517573184536  0.98533597953762864  1.00000000000000000
 -0.00255468047310697  0.01005004557902894  0.01949046611406269  0.02860607816693681
  0.03808377162768307  0.04721224888150857  0.05698807434618813  0.06785961133688001
  0.07935805305395532  0.09051623077746515  0.09874241002582601  0.10837937551105141
  0.11798634735181414  0.12770507845041654  0.13827993619918352  0.14748050310678401
  0.15626289391327006  0.16605616682239188  0.17608070101695095  0.18744654966304752
  0.20047501510609345  0.21365609610012379  0.22655189816823804  0.23928223139458193
  0.25295672246095002  0.26739786552953870  0.28136071052816836  0.29431838906429103
  0.30609852711099339  0.31776980356057882  0.32900273555886173  0.34155996316317733
  0.35293035746094109  0.36382296844800527  0.37437778336968947  0.38425349373290119
  0.39500947160583710  0.40699615133847145  0.41963718250018922  0.43312324173652988
  0.44769275583877732  0.46296114631286472  0.47791043863316274  0.49440223933189847
  0.50933367682066444  0.52266595901788881  0.53474734060413387  0.54626373757515356
  0.55765108663755214  0.56927312994899837  0.58145012211076508  0.59313568893434243
  0.60436592131609090  0.61607844960014746  0.62847629178456876  0.64197859283425451
  0.65042905332922873  0.65763021522180076  0.66557736017633251  0.67332245947106140
  0.68109214154715725  0.68882749948276789  0.69529710481927365  0.70181701771033178
  0.70899734089107769  0.71724871257684564  0.72425972880007305  0.72984065702814582
  0.73520946813299592  0.74139419701038367  0.74923409424629794  0.75756478060861188
  0.76632174237575612  0.77501362427856690  0.78371698801624801  0.79305678287899228
  0.80306959138344103  0.81146003033340142  0.82203269096248099  0.83194318359971486
  0.84143900516251968  0.85148160807467366  0.86156592473985483  0.87321468083818510
  0.88635170407449926  0.89802000563504236  0.90771533622981160  0.91731332281183420
  0.92702458728636083  0.93650279605791642  0.94598163630701926  0.95613351159423521
  0.96574701101252058  0.97807512896823745  0.98901735671429913  1.00000000000000000
 -0.06924991086655587  0.83950126516332713  0.91471510394107769  0.94485746258959824
  0.95958221654841724  0.96393648631361906  0.96794958663387065  0.97146426497684912
  0.97451381569425022  0.97719928391119526  0.97945106299589890  0.98129584580804985
  0.98296008475276864  0.98446340746067407  0.98579290862554436  0.98699790945665622
  0.98805682003823370  0.98901276508705360  0.98989058928753360  0.99065635335040358
  0.99133799628442765  0.99195827934999259  0.99252293335437525  0.99303584191620475
  0.99349772380633461  0.99392221968838013  0.99431097447874539  0.99467430538187152
  0.99500205322665458  0.99531297254876328  0.99559122159519020  0.99584762895519230
  0.99608658278351669  0.99631161273892277  0.99652227346726174  0.99671899263511932
  0.99690011928932087  0.99706894661212864  0.99722981785445952  0.99737852617470257
  0.99751384552238331  0.99764093080108696  0.99776028058267108  0.99787450340026873
  0.99797998055229864  0.99807424723742866  0.99815918647108348  0.99823824449861664
  0.99831472280907319  0.99838981303886043  0.99846194679577893  0.99853239349988299
  0.99860039368179676  0.99866588422008151  0.99872967320893480  0.99877592300842899
  0.99882220405128008  0.99886752622337638  0.99891137989084677  0.99895380513458243
  0.99899512359219234  0.99903431320108183  0.99907288271806849  0.99911093105809823
  0.99914794039131027  0.99918434805820200  0.99921978794350019  0.99925426661618655
  0.99928781928433752  0.99931989109501818  0.99935107087667541  0.99938147779780040
  0.99940774279160238  0.99943398991764687  0.99946003452653764  0.99948517562065109
  0.99951021522092365  0.99953458343571933  0.99955785937088304  0.99958078340533130
  0.99960344481568764  0.99962584312977154  0.99964786491544377  0.99966976666079976
  0.99969154178377562  0.99971251504522873  0.99973343740622089  0.99975430725771719
  0.99977617478513914  0.99979844082696723  0.99982120549671027  0.99984655196487893
  0.99987439499354713  0.99990607166073286  0.99994773395967729  1.00000000000000000
 -0.02147028936855386  0.12568382426574309  0.19397693570794142  0.23859591679943534
  0.26333132352700822  0.28536313849986245  0.30494536467591626  0.32058846723589762
  0.33516693440413664  0.34820103706696254  0.35961861928627387  0.37099743502494037
  0.38269412079993587  0.39310485064984446  0.40281601227825214  0.41253115941996699
  0.42224274431567121  0.43155723987843625  0.44001523562777234  0.44778846180964327
  0.45495709182953986  0.46121543674483417  0.46562849469104778  0.47137573231834567
  0.47753672091694460  0.48360979952508509  0.48975396512182012  0.49499506081311401
  0.49942693674627359  0.50388839187860246  0.50824832039535417  0.51305763283628236
  0.51847947221113233  0.52394345281529842  0.53031409416376063  0.53581749946946156
  0.54135024400713549  0.54697193475336880  0.55254030522024178  0.55823900501626755
  0.56387742908114058  0.56918662187240132  0.57408598663374233  0.57875362581011136
  0.58356496874082986  0.58886021481402351  0.59476427731247805  0.60091008940986979
  0.60722353378369243  0.61329125770295101  0.61952801235743504  0.62619660119956244
  0.63296876979887506  0.64006556823627181  0.64601940058134377  0.65084718957962540
  0.65506901401188633  0.65915865331844181  0.66319241129232109  0.66733118253227819
  0.67160466266250907  0.67584791433357805  0.68024323663877140  0.68483211015610590
  0.68926466151550303  0.69382426581075207  0.69839659548426170  0.70324706625332334
  0.70850029017076943  0.71397151248775947  0.71977953743854783  0.72607618831089094
  0.73264770127620582  0.73894185511058863  0.74508756971558632  0.75132173792960433
  0.75768289770793595  0.76414074958925182  0.77057539486904891  0.77693027215001920
  0.78349761591798806  0.79044423037907663  0.79647857665615363  0.80146861137851766
  0.80722852197379491  0.81383621129000239  0.82083120264390508  0.82754100001276887
  0.83474824331191433  0.84231903623895998  0.84977033033660199  0.85925533800709175
  0.87101493683787001  0.89227008479956926  0.92400838979747213  1.00000000000000000
   4.4867476538616363E-010  -1.0000000000000000     
 T T F F F F T T F F F F F F F F F F F F F F F F T T F F F F T T T T F F F F T T F F F F F F F F F F F F F F F F T T F F F F T T
  <DiscreteSampler_grid>
  grouped_processes
  1 # 1 for a reference and 2 for a running grid.
  10 # Attribute 'min_bin_probing_points' of the grid.
  1 # Attribute 'grid_mode' of the grid. 1=='default',2=='initialization'
  0.0000000000000000 # Attribute 'small_contrib_threshold' of the grid.
  0.5000000000000000 # Attribute 'damping_power' of the grid.
 # binID   n_entries weight   weight_sqr   abs_weight
    13   10   1.142542073841951E-002   1.205541573313853E-003   1.142542073841951E-002
    14   10   1.142542073841950E-002   1.205541573313851E-003   1.142542073841950E-002
    16   10   1.425483598454285E-002   1.876822851416032E-003   1.425483598454285E-002
    17   10   1.425483598454284E-002   1.876822851416029E-003   1.425483598454284E-002
  </DiscreteSampler_grid>
