  0.00278638490960635  0.01279224929232928  0.02434760001709701  0.03441155734768368
  0.04367172244006781  0.05399723196121714  0.06392003396583837  0.07431670657567399
  0.08518264810105529  0.09701736235560929  0.10761210309725094  0.11663077423610112
  0.12549562991938190  0.13451363470380495  0.14410170095280964  0.15401369209108282
  0.16329282782450777  0.17199136863301778  0.18186716439908734  0.19249642033566308
  0.20410788288497636  0.21618658151437015  0.22862199089597185  0.24165282460667706
  0.25411542214709876  0.26451123319562131  0.27458520072418469  0.28427439752786321
  0.29442776623325628  0.30449698428089927  0.31410264933677218  0.32460178155129105
  0.33554608309903006  0.34711649612079543  0.35940833244639397  0.37265847156770149
  0.38652237014730773  0.39920162577532986  0.40955130576924548  0.41912343822662917
  0.42828271442491006  0.43784054575401987  0.44807874272400483  0.45897251523816412
  0.46907639966926928  0.47771084661568397  0.48629848635159700  0.49534212451319726
  0.50575783187419909  0.51502556969696167  0.52430092104084403  0.53642069823015903
  0.54857254735461880  0.56115286897864769  0.57273565315053043  0.58261011055003964
  0.59257343391733719  0.60262313370552167  0.61321010817751020  0.62422290832736926
  0.63597239268148109  0.64871106455497696  0.66045809862629923  0.67170239601643833
  0.68134245880815181  0.69197804242688432  0.70363709209778791  0.71542139940400229
  0.72627497838740951  0.73971477226010307  0.75218561312152943  0.76388273683432562
  0.77420610843893645  0.78506864486940364  0.79726688852827787  0.80896867314217857
  0.81914837648340522  0.82987546422710090  0.84253710407864069  0.85539674569134827
  0.86777021334738247  0.87894442823374674  0.88918026951541407  0.89928219153377464
  0.91029181798139580  0.92028122337840890  0.92908959258177048  0.93735881544949817
  0.94625903537722533  0.95499696660849798  0.96323348430834199  0.97090378753335960
  0.97792731656881493  0.98764036879027406  0.99202929754521396  1.00000000000000000
 -0.00004334786045926  0.00091127930413797  0.00340128294666132  0.00682009804893688
  0.01129858547816827  0.01633778646743657  0.02278961734624631  0.02965489945914242
  0.03703065909076787  0.04453204461939446  0.05267053795531614  0.06133727921069397
  0.06931072980297280  0.07683472564631877  0.08485366343503088  0.09370099956680009
  0.10257982655908160  0.11088292460986661  0.11948798659728974  0.12788581888566281
  0.13585088970881554  0.14457081945990230  0.15452947964466715  0.16616047639545239
  0.17963252405817931  0.19285104338120157  0.20523474526725963  0.21692821499139500
  0.22837781531055781  0.23974111182401400  0.25092081943193068  0.26184209446971990
  0.27262324314765807  0.28362479860511425  0.29488101694743624  0.30618596008446497
  0.31745777655897439  0.32900834770788778  0.34078322300937003  0.35230302050592172
  0.36319531878611966  0.37434562970097307  0.38542783620905341  0.39704866207725875
  0.40877772595763784  0.42024408896219551  0.43131249538988314  0.44198865185528341
  0.45257014577232391  0.46322805359425645  0.47349905317397845  0.48370330631403990
  0.49534250375727279  0.50706571351669294  0.51823725832315404  0.52959826271602184
  0.54150175236715858  0.55360334206333739  0.56487788385478366  0.57584434449150690
  0.58691637672200814  0.59822340074343405  0.60959444038313748  0.62150084161815122
  0.63578378284504955  0.64984321618623864  0.66376806493161089  0.67631516879579834
  0.68791737867973513  0.69866527409233381  0.70865271639160898  0.71845749014554705
  0.72851010612088463  0.73918956302489924  0.75043969080342876  0.76147505719690178
  0.77221521741839916  0.78311105172383066  0.79438941370142491  0.80637049375739767
  0.81909581156233713  0.83238998482107662  0.84469378509099224  0.85620438433457036
  0.86747684575871620  0.87865732346408176  0.88955573225155848  0.90056976011243783
  0.91199831803690523  0.92408345689616878  0.93665036368810772  0.94909820764675901
  0.96161511510319109  0.97432803016012137  0.98699716422242667  1.00000000000000000
 -0.00189339920826908  0.00784494505549483  0.01602971203003443  0.02432612419886852
  0.03308882446447681  0.04348718982146890  0.05621206073160680  0.06914988477407760
  0.08123522334326379  0.09324072131803648  0.10465381787071215  0.11642516972823264
  0.12721319767839545  0.13852291247444515  0.14956973013906744  0.16068919676827811
  0.17214963384156634  0.18398109940630730  0.19594580627819161  0.20716389855461728
  0.21699239464938977  0.22605317168747097  0.23515234366384466  0.24520136420877950
  0.25587986275816438  0.26629442452428770  0.28044464299219074  0.29441279996034253
  0.30809827697765585  0.32226794344675225  0.33569744890217973  0.34679194568028365
  0.35809671720398523  0.36903020715375745  0.37989247836337320  0.39027844048556343
  0.40058406618897857  0.40872380222386495  0.41717164296169507  0.42564458300307728
  0.43549838536467628  0.44691260088597284  0.45782817624964994  0.46970789533159135
  0.48185803794584420  0.49413197088680583  0.50660452004068757  0.51934941339609153
  0.53144000023918481  0.54296886061947536  0.55387325901332740  0.56471843787910014
  0.57736860894835207  0.59006808736621585  0.60116252864074970  0.61226259515040538
  0.62365649515472776  0.63552049629540563  0.64800626525330685  0.65996310929101498
  0.66998796011383188  0.67835629598678560  0.68651148615581925  0.69508908038032668
  0.70428538914404670  0.71350791138126624  0.72247470470885988  0.73003347809839558
  0.73586828569174612  0.74283445843367857  0.75014729938957725  0.75691477685474085
  0.76367752390120403  0.77065554185466256  0.77721498279852652  0.78332136199298685
  0.79067710146783166  0.80160026796275052  0.81402277158466274  0.82596300359426622
  0.83736053986258030  0.84875906968902981  0.86014607332076565  0.87159604685335379
  0.88326932598812125  0.89429324477044281  0.90514739234574926  0.91548538096015586
  0.92526176992521958  0.93532763984438627  0.94529427994141524  0.95579065493622828
  0.96690688193028207  0.97847098082935013  0.98886656838047948  1.00000000000000000
 -0.00139965654175019  0.00689344683503665  0.01459319586018938  0.02234766612938149
  0.03094153196893475  0.04020656988783454  0.05010956223060898  0.06001097056317540
  0.06816256300817791  0.07576242832629417  0.08364407453433950  0.09194158104373235
  0.10166574175428134  0.11202064800541919  0.12256249235162517  0.13383860799543948
  0.14613721686131315  0.15906014768152471  0.17165194202074865  0.18232291011203819
  0.19391934489836099  0.20506106463775392  0.21624710651094831  0.22814408589241864
  0.24016028481176357  0.25142618128483912  0.26197846681301890  0.27335110394946088
  0.28350488830839154  0.29323398904511072  0.30443148317378199  0.31569058736558919
  0.32750327001129620  0.34082088837176205  0.35479341150330085  0.36985740675880896
  0.38659995496785698  0.40717891961905356  0.42333911219227593  0.43558588887449673
  0.44811536519808731  0.45931253572643460  0.46850333073880518  0.47814284304204696
  0.48797644205392809  0.49701923455547992  0.50586821887901257  0.51505174895006034
  0.52532672139651004  0.53948757203827435  0.55305435183170248  0.56544959576563725
  0.57738310858920527  0.58875723953368042  0.60010515985815116  0.61470521142988543
  0.62930925762825651  0.64227107247459836  0.65475377671734292  0.66764029745744702
  0.68081896142403497  0.69420728558536848  0.70777180855287103  0.72106022397836889
  0.73373641515602539  0.74590352872539378  0.75795828623266981  0.76926008677612723
  0.77937927625272874  0.78890181845106289  0.79845544613932973  0.80822121715060136
  0.81779239816693583  0.82761916569430616  0.83802353052477219  0.84905860304289160
  0.86088966561352021  0.87342541478722702  0.88588091211367370  0.89686337425369578
  0.90461776136044980  0.91198121296751966  0.91896053250146725  0.92558606609579730
  0.93225248859691012  0.93890394477150219  0.94529991701510907  0.95137489034323597
  0.95733467693480223  0.96219123077358137  0.96686608388966810  0.97253610912498123
  0.97867653120817588  0.98502815376596897  0.99238108274239401  1.00000000000000000
 -0.00259283615305643  0.01006134596874591  0.02239398990565054  0.03396658012373787
  0.04657440158408582  0.05972369418890086  0.07115206634113348  0.08122256059551672
  0.09087946845774368  0.09987246034831677  0.10844587477824114  0.11713021421929136
  0.12599491259323112  0.13562387384085528  0.14539838157795049  0.15701896934988641
  0.16875979277950814  0.17977070476114057  0.19067159960178101  0.20165858456862801
  0.21262267363800841  0.22333706744143775  0.23534719513852617  0.24880530584746707
  0.26224686356985510  0.27490714154595125  0.28704330663432454  0.29883982387475055
  0.31065943377395122  0.32258899299170352  0.33449968958783516  0.34644451805606408
  0.35868865133743932  0.37063380509802629  0.38124483969650474  0.39063984604579555
  0.40034011586431500  0.41054177361610955  0.41969861041632345  0.43034193058370740
  0.44105798732019097  0.45032826993823782  0.46104100668335979  0.47154722738297145
  0.48193251977477081  0.49355656524394148  0.50411640609755326  0.51839155586851549
  0.53251892132227163  0.54568528519186665  0.55791213784639448  0.56967577476707276
  0.58088437675064719  0.59084039102534902  0.60029079064697444  0.60964970211641289
  0.61942714175072577  0.62925178418823924  0.63759968064739092  0.64536027412927266
  0.65415862962974325  0.66535971972718955  0.67786660391814701  0.69014064554197063
  0.70164184747400860  0.71254975581608393  0.72379156535023814  0.73619088143243461
  0.74928536764860054  0.76193972139220789  0.77369499138846221  0.78533388002525761
  0.79582344446407560  0.80417818049873346  0.81408550667586532  0.82420843673438826
  0.83331027675070424  0.84095267995402045  0.84794517951556525  0.85439186189622474
  0.86119703422951011  0.86798560746924958  0.87523117068662659  0.88228213044151826
  0.88855377195419138  0.89509536666695122  0.90623206695975655  0.91772623855421542
  0.92923385052924790  0.94117763136459298  0.95091732989496680  0.96017859016613505
  0.96941542005668357  0.97821398436391382  0.98944046987391487  1.00000000000000000
 -0.05801971070143280  0.83502231812740080  0.91274378142145685  0.94341750404501246
  0.95878633269330793  0.96377576526334041  0.96804770226109971  0.97171531697277946
  0.97483549736868580  0.97758496383104609  0.97988344443053876  0.98171851106212693
  0.98338022550976678  0.98481440743740500  0.98613920413127354  0.98733671865356565
  0.98839608141937296  0.98931512208019123  0.99013884396430740  0.99089378095004843
  0.99157782414704243  0.99218973453264037  0.99275050736967163  0.99326375460594152
  0.99372833123240678  0.99415648388830924  0.99454521991102718  0.99489812897166485
  0.99522275217475520  0.99552506584272316  0.99580313886517369  0.99605599667694789
  0.99629001873605794  0.99650656179468122  0.99669984216906726  0.99688131161244986
  0.99705590436183800  0.99721669732966245  0.99735857536495354  0.99748794946618435
  0.99761064332902960  0.99772948554771290  0.99784439567577576  0.99795072878226732
  0.99804296892088085  0.99812926862072193  0.99821351809990744  0.99829566302333173
  0.99837448929363315  0.99844995217352606  0.99852243198943902  0.99859012540849168
  0.99865094025479995  0.99870390797385500  0.99875285165437178  0.99880080589785425
  0.99884812079226803  0.99889306706395653  0.99893693612722700  0.99897954069854300
  0.99902077052637039  0.99906038230458760  0.99909896552776756  0.99913626913622711
  0.99917246869207588  0.99920797159713415  0.99924207923515518  0.99927512096296778
  0.99930708446863536  0.99933721834644706  0.99936537338851816  0.99939264104078374
  0.99941976915477593  0.99944669621015925  0.99947339189830975  0.99949976350421155
  0.99952414271239864  0.99954831298247415  0.99957217889488192  0.99959475626444816
  0.99961679552433036  0.99963847111449744  0.99965996182816608  0.99968110039600711
  0.99970195807715811  0.99972276767224244  0.99974371707591980  0.99976479252637407
  0.99978622303680076  0.99980764291812818  0.99982904608425238  0.99985484951528458
  0.99988219035051185  0.99991149340952568  0.99995167242953453  1.00000000000000000
 -0.02528841008903764  0.13969852508053193  0.19974401253240881  0.23871887741427528
  0.26745265828647818  0.29216999434206259  0.31510169183926295  0.33494235081330653
  0.35087630595903030  0.36419014394567328  0.37586272436936635  0.38654236730009889
  0.39720368237774728  0.40850507594694352  0.42078121183523820  0.43345289478351562
  0.44167571462766853  0.44902320148881247  0.45577233082069329  0.46194259311089003
  0.46782024700368430  0.47409484377562711  0.47993349298081661  0.48540366191988676
  0.49076820434718277  0.49614551053425737  0.50179999011551024  0.50751414663881378
  0.51301608233777019  0.51853969501762176  0.52455303142887466  0.53158867090207218
  0.53857678676863607  0.54511169025574113  0.55142685285151516  0.55773100463704761
  0.56406530306555891  0.56975206727151284  0.57565216792076102  0.58137221990350396
  0.58711203345832053  0.59306037771578179  0.59898302708601803  0.60486108351662526
  0.61063484293567460  0.61673587641967098  0.62298618006704753  0.62935470783638492
  0.63581619482073026  0.64222321419790251  0.64833431610299286  0.65420985287784150
  0.65986380599920402  0.66551648149705522  0.67141099007886784  0.67723469288702831
  0.68301997199503528  0.68864392772113348  0.69371456653226660  0.69857261342171006
  0.70316865054802458  0.70768055880032832  0.71233882126059234  0.71715093668675101
  0.72217282074645572  0.72721181379334643  0.73136886622342157  0.73510579790498065
  0.73928415393890301  0.74305485300913410  0.74662394147375255  0.75036394990841149
  0.75347058058445782  0.75659437965259757  0.75975904524589766  0.76346852295724099
  0.76763474574896151  0.77173067287034769  0.77571090239296958  0.78003572967372936
  0.78473171613551684  0.78914427228105788  0.79446046464424647  0.80112480242069306
  0.80812034249673770  0.81494212541976452  0.82170993067298537  0.82865220056345590
  0.83663597498338493  0.84619689624099081  0.85645988547085317  0.86725901697788055
  0.87938075672042582  0.89645059579210085  0.92838409844756187  1.00000000000000000
   1.0106485748455654E-010  -1.0000000000000000     
 T T F F F F T T F F F F F F F F F F F F F F F F T T F F F F T T T T F F F F T T F F F F F F F F F F F F F F F F T T F F F F T T
  <DiscreteSampler_grid>
  grouped_processes
  1 # 1 for a reference and 2 for a running grid.
  10 # Attribute 'min_bin_probing_points' of the grid.
  1 # Attribute 'grid_mode' of the grid. 1=='default',2=='initialization'
  0.0000000000000000 # Attribute 'small_contrib_threshold' of the grid.
  0.5000000000000000 # Attribute 'damping_power' of the grid.
 # binID   n_entries weight   weight_sqr   abs_weight
    13   10   1.862658132130620E+000   3.426311265991033E+001   1.862658132130620E+000
    14   10   1.862658132130627E+000   3.426311265991056E+001   1.862658132130627E+000
    16   10   4.515397940891576E-001   2.013966917589129E+000   4.515397940891576E-001
    17   10   4.515397940891590E-001   2.013966917589141E+000   4.515397940891590E-001
  </DiscreteSampler_grid>
