  0.00132790985320375  0.01598936390383636  0.02896128681710881  0.04215092182942655
  0.05531839903004952  0.06668575841469790  0.07624532442243051  0.08582587554362134
  0.09568945355438169  0.10583380163697134  0.11686544833113663  0.12858489989721811
  0.14011667628034191  0.15131071695083642  0.16288621788012361  0.17436243477526359
  0.18523074135170872  0.19606364377376814  0.20691473360645760  0.21803944283044219
  0.22923227547835934  0.23994403994972774  0.25073329622048379  0.26164553000441382
  0.27225043245070418  0.28356915070463640  0.29559965633821739  0.30816902151913539
  0.32163565750335538  0.33350541587607851  0.34197951580103497  0.34991893713875899
  0.35816662580387987  0.36679810518979150  0.37522502054204410  0.38316197534657648
  0.39091005461461248  0.40001995885606334  0.41151953587640022  0.42188451613067068
  0.42848955387554422  0.43653517542657111  0.44461954238278051  0.45191853459192011
  0.45921166950389863  0.46653727377826776  0.47396533187441697  0.48416855396650560
  0.49867642018427089  0.51360990411709051  0.52476668310590191  0.53598663579880734
  0.54680566334387604  0.55661117119489223  0.56745522946286464  0.57866488205013766
  0.58984460138309946  0.60113461042688043  0.61304507588964596  0.62517846924874865
  0.63622655744576717  0.64971136824582676  0.66258366795264323  0.67267316934657484
  0.68125033106945876  0.69012657731806715  0.69988404618097921  0.70993311611763221
  0.71959310354815242  0.72902617717948404  0.73841273077531189  0.74799992974299134
  0.75681218066823752  0.76530280325230704  0.77343788349639409  0.78227951030973386
  0.79174684320869382  0.80273111153723264  0.81476577143018625  0.82829462796871145
  0.84125473654184324  0.85211274294731965  0.86293782702105637  0.87337740138157016
  0.88529542500314418  0.89853026221238019  0.90714152754100064  0.91572993569683570
  0.92418345407396052  0.93314950499755855  0.94216866115070719  0.95076191555681822
  0.96013422475546262  0.97172203007427316  0.98517677855703156  1.00000000000000000
 -0.00004537371805581  0.00096785186574385  0.00359171214771637  0.00753328497942157
  0.01276642493532628  0.01886127167636134  0.02522382481425082  0.03096828960385969
  0.03759698673113333  0.04556930011572449  0.05396462718784974  0.06258905010547930
  0.07307723475633340  0.08230509845043135  0.09068046944435126  0.09989487023918289
  0.10840928225836308  0.11689319723724323  0.12700268179233917  0.13772594177838318
  0.14874186014218718  0.15971955559674270  0.16941262353645700  0.17818874448926247
  0.18656430796403531  0.19452730417009834  0.20254699205643481  0.21086863888335547
  0.21927650597820780  0.22683353307893703  0.23393593283474642  0.24105273215350007
  0.24952917984718859  0.25853144265494543  0.26915241590745886  0.28149338773114302
  0.29460827985539501  0.30793678824572435  0.32069898952056153  0.33215716621739788
  0.34301289012397823  0.35424578442558913  0.36512171683476319  0.37567063837697268
  0.38539919280890467  0.39462951447008776  0.40378555950148526  0.41304617039864916
  0.42310990673306609  0.43369825120943412  0.44409281031447850  0.45432864390148636
  0.46420691762980265  0.47403123077691706  0.48431865696345267  0.49425792468249818
  0.50465696029080476  0.51478036655740544  0.52506788590195708  0.53643781404454438
  0.54900447562121268  0.56187636335838442  0.57466830239591726  0.58766107019247871
  0.60070042574680571  0.61246294484618935  0.62324700570328506  0.63432376230781162
  0.64556901086986618  0.65645358914584395  0.66781430458514179  0.68082769251297248
  0.69296118447709454  0.70457861738284089  0.71612351503039606  0.72770396829543726
  0.73929865951214868  0.75104435433306826  0.76338007826442100  0.77644087617827884
  0.78950597115799737  0.80201659064439379  0.81398003749115444  0.82589458299934748
  0.83802379428899731  0.85065151937118255  0.86321476319647950  0.87600585688977139
  0.88997456534825126  0.90486633478335310  0.92013271258150831  0.93556956875236585
  0.95131204231346511  0.96742029421895448  0.98378158260887738  1.00000000000000000
 -0.00437588869002683  0.01230421346026838  0.02807102623099768  0.04316366099682210
  0.05782169978754209  0.07228921859186532  0.08694452180059599  0.09982089766757979
  0.11321962763977424  0.12668604005899131  0.13943444591244833  0.15088746182134100
  0.16126007511896640  0.17168163879839327  0.18235210084126308  0.19255712441317072
  0.20229027349205270  0.21229878143082714  0.22282204249410428  0.23223403759568592
  0.23999673622936649  0.24726699589320855  0.25452273612206788  0.26171995729026892
  0.26939095572287131  0.27731532957053878  0.28502461492696030  0.29359115497387644
  0.30422701730806723  0.31524010915241202  0.32687909440435281  0.33684929604861918
  0.34442288255057274  0.35292862581426532  0.36217159533746773  0.37159501937843875
  0.37943618423184483  0.38662956038635038  0.39380258750619607  0.40119409519474514
  0.40857110516546141  0.41599184738940775  0.42291058761552719  0.42999550354039351
  0.43758597136067767  0.44743309873822867  0.45840336708140328  0.46940280036033755
  0.48002754214413423  0.49054920267452784  0.50053853979433593  0.51075507828968780
  0.52158683701749242  0.53236354710708134  0.54199426382563787  0.55071145271823618
  0.55987634607242742  0.56909084493475293  0.57862802771569433  0.58981787775666039
  0.60159021355488285  0.61038569828926292  0.61991060914647589  0.62919251040725144
  0.63906874279517978  0.64986989860009126  0.66045742528381290  0.67021695420329719
  0.68412137681461516  0.69634522811842181  0.70841742137801644  0.72027350594361494
  0.73128451533356653  0.74221434739440351  0.75259706432092244  0.76212278556631141
  0.77196878281549475  0.78220098097016932  0.79279081094278758  0.80394835667583731
  0.81607666806823786  0.82950125615736392  0.84368017791903382  0.85851935091775189
  0.87305717550547157  0.88650147850251548  0.89907785220386982  0.91115177912742051
  0.92250143095489057  0.93356637417039756  0.94502839120245097  0.95582311105537865
  0.96674388083210017  0.97749987719129283  0.98819787239229240  1.00000000000000000
 -0.00184323205684273  0.00791532955213045  0.01644828283252454  0.02514174726999469
  0.03411814229791581  0.04308591263635207  0.05168415988488744  0.05995442296810490
  0.06851744587993350  0.07761916167651500  0.08739170040051032  0.09946213267704368
  0.11250782404539236  0.12391160730730190  0.13479161106430951  0.14609366752001915
  0.15765715731329238  0.16900070362067324  0.17958905388651081  0.18937425598207130
  0.19899834168214361  0.20874885647084196  0.21863451296212430  0.22877400398990172
  0.23945122047923856  0.24986089679541446  0.25983277170426045  0.26947111621386488
  0.28206925624159679  0.29491845988480297  0.30830941082955371  0.32180789705306273
  0.33545939638707956  0.34956158363854062  0.36381810791567420  0.37728397440300354
  0.38957564348422086  0.40347353366239547  0.41886112069423537  0.43359578945169508
  0.44854521530735048  0.46370824494986057  0.47922066008095976  0.49489969351886226
  0.51014036566861520  0.52596387117604060  0.54182771431653864  0.55602998021019845
  0.56916053397014166  0.58177022520094457  0.59534591549330873  0.60987459144874145
  0.62525297173412964  0.64240991979616058  0.65835410294390107  0.67379568490708219
  0.68843457489210202  0.70218751824396575  0.71509322515543672  0.72668783365869294
  0.73806909199481208  0.74885761371872994  0.75927465746937550  0.76989816890011298
  0.78095871784974658  0.79268814570171298  0.80470426641462023  0.81548428438712961
  0.82484651013258770  0.83410193253918685  0.84345279811505258  0.85203544669814157
  0.85819921610084093  0.86363591717068222  0.86973876498848490  0.87621165505560916
  0.88234941047280546  0.88804010908878717  0.89403879734555436  0.90046846533284597
  0.90655279473820782  0.91225064248569199  0.91801782365008300  0.92409866593303058
  0.93000754660230822  0.93542350028329879  0.94055103732211254  0.94581098340175362
  0.95077856465862975  0.95666825396994615  0.96219802209221938  0.96830182498250994
  0.97391290452445534  0.98052376429842247  0.98937809985390124  1.00000000000000000
 -0.00211395249606373  0.00886577498203617  0.01833860640423449  0.02817567899777707
  0.03878197284325124  0.04863394077391417  0.05814910733220666  0.06651099324896168
  0.07388153394591093  0.08155854935314691  0.08969456960069115  0.09852411400515770
  0.10727965564478452  0.11574130855314110  0.12423561495012611  0.13812537964175475
  0.15361259667520727  0.16749366545349753  0.17906641696859030  0.18977176166062687
  0.20088810389596121  0.21223945621980017  0.22406914588774984  0.23658126578431832
  0.24954227300994641  0.26245608637743101  0.27345100945050921  0.27940209575104619
  0.28715738432267562  0.29412606992290191  0.30046564904277862  0.30777448034731969
  0.31577387711889693  0.32338061338605351  0.33137070264937557  0.33989568880625898
  0.34855655723652906  0.35855222382666541  0.37040221397026163  0.38271832302164960
  0.39520608062115109  0.40776608482325699  0.42004977936723076  0.43204227961150876
  0.44230894894111056  0.44991971325835911  0.45878764878912326  0.46647746321335831
  0.47400781737610442  0.48220297263306766  0.49116251337785855  0.49974626674996958
  0.50827417794139595  0.51725949924628389  0.52628972899561755  0.53472475191303692
  0.54293626194838995  0.55093173499688253  0.55737292372037783  0.56538627634611782
  0.57669475999230990  0.58936786361370497  0.60179539267423632  0.61410479219215997
  0.62529484082824160  0.63626888333303466  0.64759834513516279  0.65973626934539620
  0.67299246418932179  0.68686530082949304  0.70120971184268843  0.71497215661297620
  0.72756112227850456  0.74009319791500527  0.75272020722317490  0.76565825728348613
  0.77802719346851157  0.78964759400974083  0.80131782704653409  0.81316460827685155
  0.82338121761322258  0.83290475952834753  0.84233930334710794  0.85153258699174539
  0.86119709879021655  0.87172719901440754  0.88293679140837922  0.89508336346261441
  0.90868851115988858  0.92345127363574553  0.93827130383364332  0.95184656262241607
  0.96410611145115233  0.97658730709874875  0.98852723020343469  1.00000000000000000
 -0.07506734280758798  0.83421581419331781  0.91561386658415023  0.94663197832841106
  0.96001733469034667  0.96451690768322595  0.96858648179683493  0.97204845626727077
  0.97503594120532888  0.97767063162777434  0.97986617803416920  0.98167224158414557
  0.98326220498572714  0.98466068840208243  0.98592769016507442  0.98708940710806548
  0.98813003804484412  0.98905149073855658  0.98988703960274393  0.99063945152888855
  0.99130698598241973  0.99191365164613066  0.99246690003530680  0.99297421842610889
  0.99343526496889523  0.99385760193064665  0.99425277010463486  0.99462403323157167
  0.99497420025198857  0.99530357829833227  0.99558571885948421  0.99584795767199752
  0.99609103633024410  0.99631545513376674  0.99652710076763418  0.99672729365152724
  0.99689550934726945  0.99705473557845348  0.99720614024830478  0.99734823142618612
  0.99747683357071415  0.99759667017727360  0.99771131641057631  0.99782106702919182
  0.99792524684635697  0.99802265227363229  0.99810739071348753  0.99818625127927474
  0.99826240785704934  0.99833641249377758  0.99840832898542498  0.99847807602689975
  0.99854570328317993  0.99861250687754377  0.99867532381662816  0.99873043288284002
  0.99877947963596525  0.99882723917382776  0.99887413648690748  0.99891822310362643
  0.99896143476971178  0.99900382514122721  0.99904469371021121  0.99908540563399095
  0.99912505554125297  0.99916375670194923  0.99920178457936815  0.99923772314139747
  0.99927272757150620  0.99930679971215908  0.99933799286317593  0.99936911788450788
  0.99939954447801727  0.99942757801040061  0.99945542536831977  0.99948247356022157
  0.99950815369962032  0.99953337594928060  0.99955804498920309  0.99958187261190512
  0.99960503145701773  0.99962802208397328  0.99965090981085203  0.99967311982449192
  0.99969509098194875  0.99971689481932857  0.99973859844463819  0.99976025963584525
  0.99978205304209100  0.99980405535554484  0.99982628161256237  0.99985264444858579
  0.99988052379776193  0.99991031627551363  0.99995108503045060  1.00000000000000000
 -0.02547603851909296  0.13433343708043563  0.18514628249749207  0.23193983691846182
  0.26898308017499128  0.29405846219927195  0.31139176022782145  0.32707865757750093
  0.34102996652505774  0.35487667305390808  0.36773261944380420  0.38002627127426697
  0.39150903909800544  0.40227503207495885  0.41315423045019362  0.42333373233098515
  0.43238861003251589  0.44056359211268603  0.44856960359050929  0.45592524694791819
  0.46370382232861990  0.47126097083131863  0.47908808891207261  0.48664911803598548
  0.49364393665960787  0.50042004097058013  0.50707945487697526  0.51371914325725609
  0.52038903076325504  0.52714748545729606  0.53394406228531766  0.54075768640266120
  0.54753535029757627  0.55416510907963501  0.56058883473385512  0.56700879337886323
  0.57324637334799677  0.57927554995222796  0.58526453577128745  0.59117048970701980
  0.59705872423090900  0.60345869684669584  0.60991965873013654  0.61622142022584347
  0.62211184610152193  0.62755248679527209  0.63271179246035969  0.63772372891171902
  0.64276497129436927  0.64773399312023816  0.65128592043715716  0.65570439136696723
  0.66010063960379972  0.66439492031335323  0.66860029463635384  0.67263438743094095
  0.67646176435852046  0.68020329610992070  0.68400683278692564  0.68785152062351107
  0.69178684308054250  0.69565599458878313  0.69974351185077077  0.70392485342827049
  0.70847022658562930  0.71388091149245636  0.72002369377836306  0.72572141464085815
  0.73191452347351416  0.73806213392496200  0.74373485865024169  0.74879020380022188
  0.75298364638780058  0.75655860209052306  0.76050642600620211  0.76523786694048457
  0.77010347795705347  0.77485420451065690  0.77963264711661717  0.78443877979436716
  0.78919874451932837  0.79398921007270162  0.79898802338851715  0.80416452081314738
  0.80901998538633457  0.81497652353260996  0.82309539731916059  0.83176373621528998
  0.84097811554405777  0.85091281846216238  0.86100042781255515  0.87161571336490329
  0.88405814603978239  0.90039245230705423  0.92894243109955776  1.00000000000000000
   1.3703719813164352E-009  -1.0000000000000000     
 T T F F F F T T F F F F F F F F F F F F F F F F T T F F F F T T T T F F F F T T F F F F F F F F F F F F F F F F T T F F F F T T
  <DiscreteSampler_grid>
  grouped_processes
  1 # 1 for a reference and 2 for a running grid.
  10 # Attribute 'min_bin_probing_points' of the grid.
  1 # Attribute 'grid_mode' of the grid. 1=='default',2=='initialization'
  0.0000000000000000 # Attribute 'small_contrib_threshold' of the grid.
  0.5000000000000000 # Attribute 'damping_power' of the grid.
 # binID   n_entries weight   weight_sqr   abs_weight
    13   10   9.515151355384551E-003   1.970877280450509E-004   9.515151355384551E-003
    14   10   9.515151355384537E-003   1.970877280450500E-004   9.515151355384537E-003
    16   10   2.742294196951166E-003   1.639842654468088E-005   2.742294196951166E-003
    17   10   2.742294196951162E-003   1.639842654468081E-005   2.742294196951162E-003
  </DiscreteSampler_grid>
