  0.00253549618728309  0.01272313615812930  0.02537989322769333  0.03740179147349765
  0.04850156728052073  0.05866473698734836  0.06895150544854470  0.08022527335371363
  0.09124300491115422  0.10292280075830278  0.11598641123693669  0.12948017868938719
  0.14262280288726764  0.15574812408686847  0.16909877934026590  0.18197650661586917
  0.19348320092567828  0.20414911079975157  0.21580259673599075  0.22767510033171440
  0.23859243012662162  0.24976078591740267  0.26279112927183190  0.27524692067644008
  0.28586402275382905  0.29507166228566251  0.30425311438905678  0.31452541819237384
  0.32542626256362034  0.33627212943276058  0.34653482808370134  0.35964097205238199
  0.37319656987808547  0.38599323465297602  0.39860335991358126  0.41083377833200263
  0.42244917519631991  0.43393703716020215  0.44627037375113809  0.45941440607569756
  0.47058160712777641  0.48317341581982992  0.49481513510606595  0.50738152828246696
  0.52043783415396228  0.53342254054840932  0.54547989583379153  0.55631290486156315
  0.56643649543608021  0.57614251930054439  0.58579527458181058  0.59565331796656673
  0.60562687923855996  0.61496939567120978  0.62364406492074409  0.63223628457071046
  0.64110570252878640  0.65115460678674209  0.66149194399764233  0.67106805120011359
  0.68035312767636991  0.68849590257408011  0.69804628170640182  0.70724810138101213
  0.71500977983247449  0.72295835681499676  0.73171747344561677  0.73966084060239112
  0.74603994536975837  0.75229919286899283  0.75956627189812576  0.76672179779336624
  0.77511453099415040  0.78429251662100674  0.79343903008216821  0.80411162975414641
  0.81508032168330147  0.82558097007261178  0.83590829545133172  0.84688313994919950
  0.85736369179210126  0.86699122741427170  0.87613580310528638  0.88522822438669235
  0.89459248006632919  0.90455586935227472  0.91381350582860688  0.92528079014953468
  0.93733174127020824  0.94875445828615534  0.95909373363088568  0.96755431037866857
  0.97689342762928455  0.98612537361345687  0.99211252350100343  1.00000000000000000
 -0.00003232044584505  0.00077221979640661  0.00296069463138786  0.00620985890479178
  0.01009649446638685  0.01588180714099106  0.02152518802821127  0.02724470474690292
  0.03394254183973459  0.03998570500692390  0.04550038668515392  0.05105711075522913
  0.05709214843436302  0.06360001091419483  0.06989675454974156  0.07719834556766524
  0.08554062346704316  0.09447474786064095  0.10379612412678206  0.11331629613542130
  0.12271053708173901  0.13151096625733066  0.13989462406913714  0.14822811201711661
  0.15648974913851654  0.16479704902225470  0.17166048776804016  0.17819782297228287
  0.18507012672494075  0.19224823542752817  0.19983769944381391  0.20685909844454467
  0.21381824573926606  0.22127314335618664  0.22905719509618341  0.23718251356175932
  0.24563723785523020  0.25498787432144576  0.26352039986663867  0.27174531752095232
  0.27909609116283435  0.28701149869700393  0.29519483304344213  0.30367933220373367
  0.31287084159083683  0.32264163467031998  0.33281926860935679  0.34265198313045525
  0.35269776480732296  0.36420221326035968  0.37690753903857643  0.38993350366571572
  0.40237081809430952  0.41353147632138076  0.42531385835308277  0.43796142448894237
  0.45118106470565522  0.46473927921144093  0.47834759172020358  0.49091996478975092
  0.50347895527203768  0.51650575614133276  0.53028311555027685  0.54437883557840638
  0.55823027936275937  0.57179576577549351  0.58499745714924145  0.59811521618552044
  0.61121146479936583  0.62431487072606962  0.63733314696950905  0.64993005134666249
  0.66331667842887510  0.67691655867472289  0.69104041612093015  0.70551261518276953
  0.72020699628979856  0.73517013403058074  0.75074329936908102  0.76398800049313131
  0.77728541854499256  0.79091029473724883  0.80443174893190861  0.81763249566898388
  0.83041433269274689  0.84317797545504236  0.85645468747025189  0.87017470665453545
  0.88464105970205187  0.89911575041830982  0.91286861392096763  0.92727530093008814
  0.94531722236082172  0.96357842483279721  0.98171355283136585  1.00000000000000000
 -0.00372841070930002  0.01336028787513203  0.02446696755315904  0.03430027679368847
  0.04421988454235627  0.05611964591497640  0.06631100859289894  0.07528843929992439
  0.08442125111210333  0.09369064084974033  0.10243917614221879  0.11128737498500969
  0.12045127780985626  0.13094295908320253  0.14331244221080994  0.15494034795391401
  0.16627533289617191  0.17729323213052384  0.18781786012949903  0.19831791917800837
  0.20924500078564073  0.22355623502950173  0.23606659034132316  0.24738043391846851
  0.25809827792444651  0.26853736940328021  0.27945604189689272  0.29082689975311554
  0.30252683813458969  0.31494355419598763  0.32867407335397947  0.34376765085367816
  0.35908969655592454  0.37157633586738698  0.38330266133581881  0.39413940039240802
  0.40288148198593365  0.41081566065121228  0.41900808972292813  0.42762986683349524
  0.43760891992463979  0.44735261624564815  0.45712653533734160  0.46764435689500577
  0.47801484933520089  0.48690980712499693  0.49525248992513415  0.50476793939618647
  0.51443107101240471  0.52206387374391627  0.52936981574392628  0.53636461288567183
  0.54453764747052857  0.55681793299395843  0.56790209232851185  0.57842300175903261
  0.58975852949051433  0.60156149117355062  0.61360957588309661  0.62356203237174812
  0.63199386094102172  0.64021097476818911  0.64643211431850123  0.65299156075826448
  0.66041613310561220  0.66724496969273472  0.67408667764651442  0.68166236371692956
  0.69012057380843150  0.70062827019238405  0.71173416153332247  0.72245096631328909
  0.73321667309449245  0.74358314123859715  0.75504422040204233  0.76645731236526893
  0.77797227092350996  0.78944307887868370  0.80164846829051439  0.81415119056001406
  0.82605208179554590  0.83764934870140395  0.84947534608822639  0.86171702508848280
  0.87405055109718921  0.88609563650633516  0.89749981063882367  0.90806795770263837
  0.91834394649594742  0.92927950482322264  0.94053388761466139  0.95128453164471527
  0.96186148149329154  0.97288593585229755  0.98462531898080319  1.00000000000000000
 -0.00186943870645876  0.00816692716273262  0.01737479860279020  0.02618689905185203
  0.03493575768418041  0.04369665433157192  0.05271717793662057  0.06230604602068478
  0.07300570756960265  0.08543974143300627  0.09902160455553261  0.11198716327923960
  0.12390074689572712  0.13487869137463232  0.14446654552239277  0.15216810080329216
  0.16026494313536568  0.16978460789518662  0.17889707230217197  0.18726753620514189
  0.19492353609633989  0.20282771807584518  0.21305765171742982  0.22459935706049888
  0.23574029897786630  0.24656057836980011  0.25900498023793284  0.27274568174795250
  0.28603516215829672  0.29675531165026048  0.30746028251014956  0.31815305822108292
  0.32939618708768170  0.34253502991538914  0.35614158989108108  0.37003922937005546
  0.38538520182688774  0.40047286804350923  0.41582825194455453  0.43208130548160567
  0.44800304156411419  0.46011193298115222  0.47282275185372508  0.48514220453949192
  0.49789417617063547  0.51028217446377422  0.52146075320253682  0.53316961578469380
  0.54503879827007229  0.55784912399865028  0.57140388392909436  0.58380496217112099
  0.59517854113124857  0.60684370839857538  0.61865954283343361  0.62952577423373413
  0.64023982118833767  0.65071892301133216  0.66067289699939136  0.67072065492478250
  0.68011382227589889  0.68917016328859615  0.69888192891548406  0.70897844225967011
  0.71890035641243655  0.72972556103659481  0.74311107004976729  0.75661081790294460
  0.76789554965469542  0.77776070223503557  0.78784249136036599  0.79784009691328928
  0.80746550489852087  0.81764864025937456  0.82777170911845921  0.83655135831473926
  0.84479390136573795  0.85363476749231326  0.86245140831476885  0.87032539200870518
  0.87764409529240117  0.88507302084129036  0.89268402253729318  0.90047160857757347
  0.90878111514408944  0.91749578359854334  0.92593408589874604  0.93391690293888996
  0.94117068174003371  0.94782728765254110  0.95433311109796781  0.96084027786374682
  0.96749528669372786  0.97514504719497930  0.98540368186143201  1.00000000000000000
 -0.00119615702140002  0.00526057863041661  0.01446405984522585  0.02331271464854799
  0.03270922927938110  0.04293468086684621  0.05431157681290116  0.06591200284463337
  0.07716579494192830  0.08991177512676517  0.10067478325085874  0.11110215196867902
  0.12115288321822941  0.13143639152304426  0.14127486375836687  0.15184926816964603
  0.16219142773414300  0.17282677145167030  0.18588327300838992  0.20020573496817787
  0.21251477070135663  0.22198768453745626  0.23068703248349409  0.23930758644223082
  0.24809994095900822  0.25681271645118220  0.26448147142512402  0.27335759043567059
  0.28493395171953495  0.29594247156745823  0.30271749446606783  0.30981198632653534
  0.31783171963155443  0.32623091342481164  0.33404319064160753  0.34183552256446226
  0.34930515809254203  0.35724342991070424  0.36885159629111952  0.38095025833113078
  0.39388877710331005  0.40608815498548884  0.41660884947779447  0.42663251402295077
  0.43641320524472099  0.44591127959397608  0.45441766208255291  0.46414531644165863
  0.47550575412154894  0.48647198401068970  0.49705942114051538  0.50813288664091305
  0.51938488023667939  0.53169666586906317  0.54316541327095824  0.55365408140298433
  0.56441646572508397  0.57504029274664548  0.58546171917558354  0.59657022208727717
  0.60719924931147251  0.61869286888093744  0.63029275952805830  0.64157781506518186
  0.65292730442234415  0.66437114886033455  0.67547806191390047  0.68619589968547812
  0.69639623677910445  0.70600563285268192  0.71654293317451823  0.72710899867615919
  0.73811006098023435  0.74979413935109929  0.76105916433524756  0.77137526454152794
  0.78164528914188358  0.79213318146691991  0.80451658175548413  0.81867216688377420
  0.83319724630449321  0.84639998907860503  0.85736785552931638  0.86927813605745674
  0.87932895732489247  0.88890607673260869  0.89837889945166782  0.90857515980676740
  0.91892100030162727  0.92882744434185849  0.93880202383164335  0.94977254256940280
  0.96117196074487321  0.97263404591512759  0.98483362579563938  1.00000000000000000
 -0.07648714102489813  0.83689778283432581  0.90998199129861168  0.94091813113022671
  0.95726133436856464  0.96268056561766913  0.96681228317495882  0.97043575695881545
  0.97360196518659703  0.97643790716117629  0.97888927482137278  0.98084944615335978
  0.98256473390266497  0.98408651184014229  0.98542986578135838  0.98662626803812470
  0.98770211887127879  0.98870064822870707  0.98959177662497821  0.99039523610876445
  0.99112479949248822  0.99178207361336757  0.99238583046972073  0.99294163164572236
  0.99344379976482822  0.99389711245248891  0.99430194200989963  0.99467276853590425
  0.99501080445344747  0.99531542633073633  0.99559020962231537  0.99585061641717976
  0.99609467412289576  0.99632172474834990  0.99653928993684271  0.99673000888367314
  0.99690602712641030  0.99707191760355696  0.99723063856605221  0.99737562797945578
  0.99750425228562689  0.99762985564072626  0.99775009038002405  0.99786810763349210
  0.99797129995304923  0.99806361870090354  0.99814940462048107  0.99823172788422310
  0.99831145525158804  0.99838803419693267  0.99846130839651148  0.99853152890950081
  0.99859728847653395  0.99865776020557473  0.99871224508085465  0.99875950585989237
  0.99880543597333615  0.99885062703929806  0.99889440574652533  0.99893639161295078
  0.99897766609550176  0.99901761511752152  0.99905700402483077  0.99909587244708553
  0.99913413945813712  0.99917127391267324  0.99920763459845174  0.99924305937705760
  0.99927698556777944  0.99930972740330348  0.99934124074648090  0.99937138347078291
  0.99939935302753558  0.99942668412578528  0.99945339185586934  0.99947924067985661
  0.99950498855122261  0.99953016368279590  0.99955465957255751  0.99957889706484460
  0.99960199196713384  0.99962418875510795  0.99964602777880318  0.99966777565393883
  0.99968941898320984  0.99971077818886489  0.99973192839742919  0.99975308544549712
  0.99977500449820556  0.99979708305562598  0.99981943584638411  0.99984478809613775
  0.99987302947704526  0.99990535544546810  0.99994642262119715  1.00000000000000000
 -0.02214091236829711  0.12841020251911800  0.18213089677272226  0.22387673991861165
  0.25651318592498190  0.28120694435567928  0.30393454315451596  0.32444067650254987
  0.33986818445709577  0.35177443471829439  0.36237542474844076  0.37183532908227013
  0.38069066423896469  0.38930330692797810  0.39859747975606186  0.40811318720058065
  0.41664251911476102  0.42586231526231222  0.43493296580794144  0.44446489870190842
  0.45288333044201501  0.46033898465568834  0.46736033484314293  0.47418665142165883
  0.48083573702011972  0.48752999110832512  0.49459547485048022  0.50110736817421542
  0.50745997268165655  0.51370003578062085  0.51976446374627805  0.52603757984172428
  0.53247843667905725  0.53890634500081014  0.54513729892987439  0.55098781600077906
  0.55639848396689062  0.56166142654052564  0.56660118815166616  0.57160743504698641
  0.57663539662567909  0.58166826438069230  0.58667255542876406  0.59161157544423082
  0.59636955061540109  0.60131794646018899  0.60703941285456242  0.61351473821664060
  0.62006986182109902  0.62599984095500472  0.63141412606795100  0.63646373772650844
  0.64130668297637194  0.64617161428305991  0.65136393196027409  0.65656768457795101
  0.66152719234315471  0.66707893529122619  0.67272205958396514  0.67858706155005521
  0.68472585969103816  0.69047010721727264  0.69502926942370213  0.69938329644172204
  0.70288093219372649  0.70616025515343372  0.70941423663521341  0.71272189016921195
  0.71613625588691410  0.72056648772351328  0.72545742016030845  0.72984987571903237
  0.73434244705131402  0.73893499820489894  0.74426530444632311  0.74833460443673006
  0.75503762046620759  0.76223993792105738  0.76917781555020748  0.77567526120407093
  0.78208263432777669  0.78864853698814119  0.79513032625299496  0.80168591902413333
  0.80855253740847688  0.81521405055942464  0.82200717978636084  0.82945738434135330
  0.83755050637245421  0.84650983581232131  0.85693948722648339  0.86776136224727463
  0.87926258820885828  0.89428165904729917  0.92329634133147187  1.00000000000000000
   4.4339650387513170E-010  -1.0000000000000000     
 T T F F F F T T F F F F F F F F F F F F F F F F T T F F F F T T T T F F F F T T F F F F F F F F F F F F F F F F T T F F F F T T
  <DiscreteSampler_grid>
  grouped_processes
  1 # 1 for a reference and 2 for a running grid.
  10 # Attribute 'min_bin_probing_points' of the grid.
  1 # Attribute 'grid_mode' of the grid. 1=='default',2=='initialization'
  0.0000000000000000 # Attribute 'small_contrib_threshold' of the grid.
  0.5000000000000000 # Attribute 'damping_power' of the grid.
 # binID   n_entries weight   weight_sqr   abs_weight
    13   10   8.770125692806989E+000   7.366457311624175E+002   8.770125692806989E+000
    14   10   8.770125692807008E+000   7.366457311624205E+002   8.770125692807008E+000
    16   10   1.099150266274365E+001   1.157118354699503E+003   1.099150266274365E+001
    17   10   1.099150266274367E+001   1.157118354699508E+003   1.099150266274367E+001
  </DiscreteSampler_grid>
