 -0.00005723825397878  0.01874575989848762  0.03288113529482199  0.04432090532968837
  0.05501291110755636  0.06562819452819846  0.07673362235345957  0.08890139529813394
  0.10099349856584992  0.11106196644205335  0.11959673347883368  0.12880773458668798
  0.13809985649133932  0.14637683269541957  0.15437138643850773  0.16300344694311605
  0.17390271443789640  0.18611782529835844  0.19729307652096795  0.20749332348167751
  0.21742934467085431  0.22768890966570582  0.23795428110829384  0.24790951432390035
  0.25763342522906352  0.26778613023491543  0.27892395207576620  0.29057652351831159
  0.30200837221438614  0.31337638361768544  0.32446217257410381  0.33519680903869215
  0.34577807543990524  0.35651856852357527  0.36745574931128466  0.37812706202355162
  0.38820129189026648  0.39831542902313050  0.40953099232835521  0.42116062032588142
  0.43168929394077482  0.44148162205949920  0.45287922508928541  0.46397909402280296
  0.47537061593121255  0.48692980248391510  0.49817273986901550  0.50801591531034407
  0.51742827052571061  0.52641896572180735  0.53485043164583024  0.54361451962117990
  0.55315967347117478  0.56332700216749143  0.57262894239111306  0.58091222175975998
  0.58921357714176159  0.59838251362339245  0.60853909971851461  0.61868089779563518
  0.62878751284708290  0.63900541358481500  0.64881909343180610  0.66041515043254617
  0.67352517564087744  0.68686039337619953  0.69960192870678883  0.71155060606742326
  0.72303463311966054  0.73449142985597882  0.74553965344404882  0.75610915244004340
  0.76653019230935227  0.77678050821337030  0.78728730926457047  0.79850749279275224
  0.81011204466831033  0.82092648212101116  0.83095383115352228  0.84284267059577911
  0.85435160405494659  0.86308753781383918  0.87090309636699836  0.87866641068097640
  0.88724409015988492  0.89604803093827201  0.90426981658311789  0.91259920826594176
  0.92138674013911626  0.93240318409245670  0.94361330082193173  0.95479959524351354
  0.96561219517108676  0.97573075303374113  0.98667166179036658  1.00000000000000000
 -0.00003668343797445  0.00085389633395263  0.00292831399944420  0.00594626628016303
  0.00914207513296369  0.01350877892437283  0.01838377753494128  0.02308441448622946
  0.02853809851118089  0.03514499593288346  0.04107375504545400  0.04689689461126922
  0.05269211582576358  0.05901168173258447  0.06562138101839898  0.07257226389836535
  0.08005369541920973  0.08762904658690689  0.09513731984091621  0.10332468823694031
  0.11256365495258577  0.12092926283567738  0.12937976929491529  0.13783258119945110
  0.14601493014746519  0.15391694804660122  0.16153570907141399  0.16874344757465048
  0.17573927467116687  0.18351338569329009  0.19173257362050736  0.20049595176292348
  0.20936975961938140  0.21794596273510006  0.22640750741889334  0.23474654815491791
  0.24266746874100917  0.25155904380406657  0.26287604310927248  0.27440471906361957
  0.28535692776119248  0.29624859226530798  0.30783661771729326  0.32009528206322224
  0.33179821189860781  0.34285354566435466  0.35465647871425221  0.36626045396478979
  0.37766864982422721  0.38886397702954822  0.39999021936515072  0.41180682756488363
  0.42442318510214772  0.43700882464986118  0.44890004208540696  0.46016952183156784
  0.47280477316214459  0.48558203967580432  0.49846186143861837  0.51147046786412309
  0.52450687996245005  0.53750803524532542  0.55077822957993794  0.56438652261449329
  0.57861685738166990  0.59257805520841911  0.60597448620502681  0.61881565481065259
  0.63130929364144317  0.64406742139384443  0.65659176888242621  0.66938852712614494
  0.68247914174477520  0.69588127951273726  0.71007402145734988  0.72556073936902710
  0.74030041175511074  0.75422007927938428  0.76772321741072846  0.78009488395819238
  0.79148812401838209  0.80307017434005468  0.81467410268802809  0.82628875818378023
  0.83832830111363787  0.85074414508641316  0.86282915071700472  0.87473206431026451
  0.88740469956319468  0.90157784288281584  0.91762592029132040  0.93481251817598099
  0.95129603156880760  0.96761874144334348  0.98388896756677102  1.00000000000000000
 -0.00237024193774570  0.00841497931555440  0.02008707285834470  0.03199621337904785
  0.04499129339055907  0.05875108951559662  0.07214995600867227  0.08397641297353661
  0.09421281244925633  0.10425527351729107  0.11473792614950760  0.12500278493366881
  0.13499514286936473  0.14527860602312959  0.15554481089174366  0.16531152672348803
  0.17518634073453529  0.18498210653741604  0.19394523853644080  0.20234929742744776
  0.21102449631688977  0.22173549213895072  0.23463239715238085  0.24750096717923389
  0.25994139716383319  0.27184921253170619  0.28237521792781067  0.29145707360154266
  0.29948664644263884  0.30760890715221817  0.31755159434215496  0.33001017047067260
  0.34282172259249821  0.35687508956142139  0.37180077985410792  0.38661917704405041
  0.40108792493591616  0.41487650090099804  0.42725922279272394  0.43860866804872661
  0.44796792534936969  0.45716913882716642  0.46656331047631516  0.47693419330716236
  0.48800499538670966  0.49863491546614802  0.50875024781644462  0.51907489224750181
  0.53020198287403519  0.54226052681185855  0.55350629742834079  0.56567950111516341
  0.57750916059920010  0.58761974544415163  0.59559645438914155  0.60337030578183481
  0.61256013882887528  0.62247524040018576  0.63215668056966856  0.64007624258243057
  0.64817663779247703  0.65774585391139917  0.66742920796325211  0.67630715064667768
  0.68541537462316848  0.69491212071232555  0.70378561679814544  0.71211580331573321
  0.72050645763758037  0.72916718832382643  0.74026772252577633  0.75037796578652238
  0.75896035205618184  0.76800215872252120  0.77718033595818004  0.78591421654423665
  0.79500342780954791  0.80398174523802446  0.81355361575569352  0.82448545906871984
  0.83614639447748851  0.84803271885023734  0.85993899759464310  0.87151904541080716
  0.88151286819223384  0.89055424668607719  0.90054857996073512  0.91132804704179837
  0.92191216084852123  0.93232529408394504  0.94386752666902762  0.95663490462956302
  0.96900795201643630  0.97976805514728649  0.99020656863568901  1.00000000000000000
 -0.00181658888986383  0.00903587337762012  0.01711145761554366  0.02507872650135553
  0.03336446006130106  0.04214630294174327  0.05151163026234318  0.06171185115701894
  0.07325463321845277  0.08599661914631941  0.09760570455638490  0.11028804874001624
  0.12184052806271449  0.13299699639864598  0.14403791635040930  0.15470888426739554
  0.16503168010050387  0.17519267703017061  0.18565081242847778  0.19611130659896195
  0.20639494719932125  0.21650592400006999  0.22746349012634956  0.24015421883422744
  0.25384460527196762  0.26796120410719138  0.28235780074060779  0.29666777008255124
  0.31015334171928044  0.32173762571784936  0.33217307568801285  0.34236757592227718
  0.35215792201290708  0.36158120187525716  0.37140192515136661  0.38158495055724739
  0.39215511923012697  0.40302675990085185  0.41417262353837470  0.42547584707909913
  0.43588984698365418  0.44668392678401908  0.45614068527678847  0.46669484695273733
  0.47880544321483209  0.49208385132788468  0.50524256088698494  0.51794424527445326
  0.52987129682354650  0.54121942131418643  0.55253589483941679  0.56542162738278390
  0.57704879275246024  0.58920060593900137  0.60182448527963150  0.61720982992581552
  0.63064884042901193  0.64249620172529098  0.65481677956544659  0.66686021591698519
  0.67924820786611972  0.69127002112473757  0.70416565692712396  0.71662131916681904
  0.72879234595886311  0.73972103694110103  0.75013225227582359  0.76000850883602267
  0.76973187732283788  0.77842963386714015  0.78708698130400179  0.79634902742242064
  0.80601038913624479  0.81688754922667228  0.82717253181283179  0.83730904259363259
  0.84690504618931683  0.85588186709132119  0.86456300377526918  0.87260798012934737
  0.88040289395464633  0.88889189500318344  0.89694714220857585  0.90404430247265322
  0.91294022778017025  0.92080379748997199  0.92792008101181700  0.93520553721031119
  0.94193515170008890  0.94888470519151091  0.95670954185427826  0.96511489794665062
  0.97348972869054884  0.98172434698808764  0.99101992183900811  1.00000000000000000
 -0.00324379381368039  0.01042233341885347  0.02390818379609024  0.03767139096272212
  0.05153982472965764  0.06436851195690560  0.07512102197755866  0.08489482499117124
  0.09500868643982517  0.10545981448244025  0.11661179199589403  0.12835150104250734
  0.14018152941296466  0.15164585174639336  0.16261549834152625  0.17315400333862571
  0.18399282724185539  0.19447591417907176  0.20487394172312290  0.21528081754761519
  0.22471934410172639  0.23396438644936746  0.24397651906994680  0.25484464899899284
  0.26634391273148306  0.27710704002667075  0.28707893339589585  0.29683429596026450
  0.30629606406342214  0.31546072992371749  0.32463111639960579  0.33467289438269110
  0.34592392902505342  0.35759774060860750  0.36899918548586663  0.38025304321392533
  0.39150747649768014  0.40143106489887587  0.41047711755501243  0.41952172604888749
  0.42883359318444852  0.43817886932357025  0.44715917473974892  0.45660668346561922
  0.46852386069211382  0.47980532412715143  0.49027369488631106  0.50018477342218370
  0.50846633524501994  0.51630025595318019  0.52418305204787274  0.53204037850202113
  0.53993292149271799  0.54862854588567622  0.55713183855673043  0.56617282953152603
  0.57702787827222723  0.58805952580107868  0.59854425798021382  0.60841695653774286
  0.61804502522276406  0.62802542290446151  0.63775383652960937  0.64783806673249911
  0.65836989607409435  0.66885957776135196  0.67951610059641321  0.68995330173522962
  0.69970407696305004  0.70929702381118387  0.71896052122987664  0.73014959628373988
  0.74288892896223646  0.75496748891309295  0.76570197316575739  0.77636422283120943
  0.78725323544043857  0.79863637372868923  0.81169436086793634  0.82705445308791781
  0.84093079015077132  0.85602101221544580  0.87009389133242587  0.88211138245969156
  0.89219838876357938  0.90131730752020300  0.91018399122786353  0.91934684323380045
  0.92935960547814389  0.94068141683416617  0.95169507667681619  0.96178608176366565
  0.97156099948065600  0.98085789259057810  0.99035408344158227  1.00000000000000000
 -0.09715389322200207  0.83387518878698974  0.90789425506986277  0.93807683052349311
  0.95505333324018216  0.96195305445073065  0.96617739634341582  0.96979918262871112
  0.97293781822968328  0.97579898308907642  0.97830894820611669  0.98033330676726937
  0.98207501457119128  0.98361997751609209  0.98501984724213976  0.98627754437827875
  0.98741937765021615  0.98843162196088741  0.98931979875413156  0.99013827872996518
  0.99089192573707052  0.99155737710092540  0.99216101947730240  0.99271196872145717
  0.99321212512103707  0.99366881131101581  0.99407435535095057  0.99443866792266167
  0.99478465286695372  0.99511259057863144  0.99542236058624545  0.99571333665801676
  0.99597663029732464  0.99620318162155697  0.99641946385331537  0.99661789938715684
  0.99679815411942496  0.99696752423585444  0.99713221198518098  0.99728395999996944
  0.99741780927861168  0.99754442747671934  0.99766734556272096  0.99778724490963422
  0.99789817859383090  0.99799626369284433  0.99808822949049758  0.99817238852427681
  0.99825390988526996  0.99833385614273962  0.99841090222584672  0.99848433417218341
  0.99855441092279629  0.99861823505792457  0.99867515854717048  0.99872707639291347
  0.99877648551282217  0.99882561881588239  0.99887346310147840  0.99892047732542089
  0.99896591681291413  0.99900969804242890  0.99905209908571635  0.99909260389822507
  0.99913216191330256  0.99917073238864285  0.99920684763386958  0.99924198727538738
  0.99927596698542365  0.99930821675332482  0.99933855332733168  0.99936811831750949
  0.99939690556870198  0.99942372744677499  0.99945030473157526  0.99947639503917518
  0.99950123162365245  0.99952575103497820  0.99954984922763090  0.99957300572006746
  0.99959571230296929  0.99961820596575068  0.99964051082176286  0.99966253036246244
  0.99968440840117356  0.99970623005012271  0.99972812506326392  0.99975007882738887
  0.99977245095064615  0.99979489418314837  0.99981742529925322  0.99984463320671113
  0.99987369391888836  0.99990529570684095  0.99994824120938341  1.00000000000000000
 -0.02221472705486443  0.13055648066985273  0.19140990969404856  0.23070980240161809
  0.26222110107279117  0.28791570269522948  0.30798526601232301  0.32403590590996728
  0.33879454430063660  0.35210558899078120  0.36540174811540466  0.37902435751013136
  0.39317776122804504  0.40673167810082395  0.41881837745432743  0.42888005982543959
  0.43703689766925991  0.44339131613621113  0.44911087423287466  0.45550369609116337
  0.46208985984113893  0.46841776776927480  0.47449136958720073  0.48013391779913550
  0.48533124980998871  0.49073405402579595  0.49627769223603735  0.50185767128640069
  0.50721107987079406  0.51210484725424998  0.51661542283712791  0.52117065424348485
  0.52641411581149178  0.53176061290168353  0.53761349268542757  0.54402419088441611
  0.55004172196780510  0.55582033849398005  0.56164059746250550  0.56754268653113960
  0.57349392267202781  0.57959885091453101  0.58568213541615932  0.59160341417336071
  0.59736249173719203  0.60274090684684400  0.60767485959021250  0.61244975040108118
  0.61719484486235798  0.62233133670789176  0.62780479264760958  0.63296483106206014
  0.63787982508633001  0.64261672403889081  0.64724123335628003  0.65187716751940816
  0.65655609312756980  0.66120864605518370  0.66593584968136599  0.67102235736379123
  0.67622436658562979  0.68168254973916675  0.68707349573474408  0.69228729378115861
  0.69754926664300387  0.70294677220677526  0.70844612629937753  0.71388949649064737
  0.71902048806943775  0.72401551328868030  0.72888539529359575  0.73363071021815496
  0.73870332530055960  0.74431052010075671  0.74989543460138064  0.75540846280539997
  0.76094679300623036  0.76601766567929930  0.77096575879119045  0.77574937560038693
  0.78045408153709483  0.78536689373162816  0.79101959618857731  0.79831413507746418
  0.80665144067944095  0.81526262581115816  0.82442385014043551  0.83413231983602276
  0.84398236036392038  0.85379021216913376  0.86348245207716501  0.87321550004406534
  0.88512334750703503  0.90053660214713926  0.92299830467863397  1.00000000000000000
   4.4865768637126409E-010  -1.0000000000000000     
 T T F F F F T T F F F F F F F F F F F F F F F F T T F F F F T T T T F F F F T T F F F F F F F F F F F F F F F F T T F F F F T T
  <DiscreteSampler_grid>
  grouped_processes
  1 # 1 for a reference and 2 for a running grid.
  10 # Attribute 'min_bin_probing_points' of the grid.
  1 # Attribute 'grid_mode' of the grid. 1=='default',2=='initialization'
  0.0000000000000000 # Attribute 'small_contrib_threshold' of the grid.
  0.5000000000000000 # Attribute 'damping_power' of the grid.
 # binID   n_entries weight   weight_sqr   abs_weight
    13   10   2.008614550518877E+001   3.720279494887048E+003   2.008614550518877E+001
    14   10   2.008614550518891E+001   3.720279494887099E+003   2.008614550518891E+001
    16   10   2.520700695824866E+001   5.859101579878981E+003   2.520700695824866E+001
    17   10   2.520700695824884E+001   5.859101579879068E+003   2.520700695824884E+001
  </DiscreteSampler_grid>
