  0.00119610952898178  0.01540343109075998  0.03069572846900179  0.04253349762040116
  0.05099703405316928  0.05885770608627684  0.06663171361320912  0.07500951380861434
  0.08343700687054080  0.09116227392488087  0.09855544390450362  0.10683123864025688
  0.11719147918360509  0.12959556042862377  0.14305329625681629  0.15638548228801791
  0.16941791172697607  0.18247317547487490  0.19595698922965671  0.20989107035443552
  0.22396425070311807  0.23805668740807134  0.25134762282929612  0.26273325700694528
  0.27263206652424565  0.28216519190734368  0.29062960114643055  0.29876367618697347
  0.30707729140429990  0.31571043672384613  0.32564125074532024  0.33480587019326413
  0.34325437619167826  0.35205195477193996  0.36096758805401530  0.36975174706419767
  0.37910480569343968  0.38964337269841925  0.40046731220561727  0.40981906538374152
  0.41856672885285329  0.42741598574025308  0.43573642405677765  0.44541835631167859
  0.45717385425379659  0.46779046802930935  0.47805943071201717  0.48827785489824044
  0.49884908955391971  0.51035431359940231  0.52234022543480663  0.53281185297082967
  0.54240565453104161  0.55148051561154421  0.56070692685899648  0.57006931210383016
  0.57951207787540326  0.58912529816682790  0.59941499325924885  0.61149575163199765
  0.62463732015645612  0.63683187928722340  0.64912501786417565  0.66109305584307965
  0.67386427471578392  0.68547699699095443  0.69396465456363943  0.70054601093403024
  0.70736953138471004  0.71445533611153356  0.72221626249479898  0.72957308034068824
  0.73667943796938828  0.74398263155917788  0.75211793909656510  0.76236688790753504
  0.77371048430542699  0.78565446452759036  0.79998427231340341  0.81577873588273808
  0.82998987821241532  0.84287666948014695  0.85467171918344198  0.86490830672085073
  0.87437860282518087  0.88466411233457987  0.89593498284631667  0.90869427275838688
  0.92297059097762513  0.93680261915453455  0.94809212475172289  0.95653318684119770
  0.96598307305706588  0.97535177584577837  0.98534079243300399  1.00000000000000000
 -0.00003968114854415  0.00095952665311946  0.00353731582489721  0.00707037952917434
  0.01225684690331133  0.01865981056960202  0.02378697676266004  0.02914433633143630
  0.03557719451479062  0.04313560842464408  0.05084325284450745  0.05841255843432519
  0.06618917421611667  0.07411411431732400  0.08256494656961225  0.09074554436305934
  0.09847980591727727  0.10665590612290596  0.11636514564044885  0.12631730462213070
  0.13611880137919016  0.14608655980900448  0.15530529589153017  0.16409366406927989
  0.17379345506013166  0.18315120352147471  0.19208633406642869  0.20016420819636416
  0.20804808556304086  0.21636140066216569  0.22521556420862690  0.23461250385036581
  0.24558807361816265  0.25905662101049992  0.27486225308632800  0.29172856576254053
  0.30889582137619459  0.32163734555083229  0.33273693825726286  0.34430899969226075
  0.35534519622634103  0.36525968802186060  0.37477645388381686  0.38368868660199984
  0.39197619618672463  0.40046896817194605  0.40970316687080111  0.41934390339006949
  0.42905389544763067  0.43835214816585955  0.44789596740151322  0.45771811619320257
  0.46733188475841225  0.47650917599305226  0.48555310409210661  0.49441555462377362
  0.50319827568759290  0.51203761635047307  0.52114570684710571  0.53127339356951397
  0.54262616302977629  0.55612634240445391  0.57277938935095618  0.58736959000499733
  0.59977142479801604  0.61100291894038095  0.62252070452388109  0.63445752101155728
  0.64646954421005243  0.65880444883520506  0.67200598324836014  0.68642631410296961
  0.70215572560870343  0.71613716906793412  0.72970071810476522  0.74310115327116288
  0.75615174466450186  0.76899747978242627  0.78181793035130409  0.79507288923638708
  0.80855823381351899  0.82219379864174114  0.83610290322965175  0.84983786144597773
  0.85954796230654651  0.86952771628803771  0.88063323197546339  0.89354022951425327
  0.90783037170543557  0.92187575967339497  0.93541382328995037  0.94843541415885457
  0.96115000368795822  0.97395205856662004  0.98694702113413502  1.00000000000000000
 -0.00318378554225543  0.01069767509205415  0.02365369479193594  0.03607219833770692
  0.04801116166669003  0.05871516937029030  0.06810899492367416  0.07730407211141270
  0.08659769802562432  0.09618701997570478  0.10548922052694032  0.11554989554362488
  0.12701959548282488  0.13755260789523474  0.14840520147681927  0.15970214269857902
  0.17057939060364916  0.18204665329083689  0.19429605092200611  0.20619355050596527
  0.21808519047256553  0.23039702487484703  0.24248452183295149  0.25370395959059083
  0.26458108797113211  0.27568637311956329  0.28651466784359597  0.29716145663700128
  0.30905891270113317  0.32159432545623068  0.33313046830589527  0.34640990497447588
  0.35608312480913007  0.36284829191225348  0.36965761933501134  0.37707306003960045
  0.38419715884011202  0.39190870737116723  0.39900352746953582  0.40556998115384207
  0.41230730269525018  0.41858656026799373  0.43204470227898911  0.44301130818420786
  0.45430405124170326  0.46567430755339245  0.47678878899610949  0.48800530509713924
  0.49898659148266966  0.50994696466504164  0.52186725065096651  0.53528393598861179
  0.54741982061664729  0.55753029183422942  0.56706857890861517  0.57624131770606324
  0.58640778528402027  0.59649837511997339  0.60621040510229973  0.61664065935197165
  0.62795729679531564  0.63933234818563611  0.64952568701771751  0.65919446733680254
  0.66845305408010103  0.67840756961967219  0.68991679676037609  0.70037578352331287
  0.71046003473959241  0.71924116815703287  0.72844358034141621  0.73877823227106443
  0.74981033853243728  0.76271882389541468  0.77586612074978500  0.78766927371551332
  0.79783544751245394  0.80783803886340100  0.81705639734172919  0.82599084578188398
  0.83520563766918421  0.84455021932878549  0.85419209945576324  0.86314622901057525
  0.87170919227084531  0.87961333789965368  0.88714513257631555  0.89562460599148619
  0.90784782954080723  0.92161556446190596  0.93487441713010089  0.94742661299080200
  0.95974793944985304  0.97251464436656243  0.98606457594520880  1.00000000000000000
 -0.00086427505943510  0.00521452018129060  0.01098083152458191  0.01632265100540815
  0.02197475196936048  0.02808016366137435  0.03449577208278271  0.04253313687534768
  0.05284455046699727  0.06497691155784063  0.07917707322171082  0.09211650666798291
  0.10431080718407744  0.11579328277324098  0.12671094754542020  0.13731334685350974
  0.14744344444116006  0.15783817361541089  0.16752551868038612  0.17638905394364571
  0.18578314446505140  0.19602317058673510  0.20646277573053229  0.21735731795716762
  0.22846580799118393  0.24106246513216922  0.25464360002877523  0.26755837730328752
  0.27776501763589423  0.28651726172387548  0.29681055631604253  0.30716800388392629
  0.31727830426506348  0.32711315804909380  0.33807839140380175  0.35047987637294609
  0.36251728946952783  0.37397918226435667  0.38406668768928787  0.39326726652354033
  0.40341382248325230  0.41547671544308745  0.42820989632319284  0.44090986424544815
  0.45415198914977589  0.46623602868509301  0.47767315869492066  0.48921805528455442
  0.50065938982562797  0.51263795934024625  0.52640015759135350  0.54230790541957763
  0.55983723345608494  0.57580697650347545  0.58981535346404335  0.60428362212869802
  0.61923666773617070  0.63419875772552214  0.64855361236006082  0.66132376823595551
  0.66989710325469409  0.67606161199046644  0.68359574101109011  0.69075328723731289
  0.69837162042727785  0.70554915905210480  0.71274598736797323  0.72080936534966378
  0.72707068592397051  0.73827792025728745  0.75241460675806782  0.76549422531988043
  0.77944401051262491  0.79239244711163481  0.80480999067752046  0.81775714225281104
  0.83035320056439921  0.84064293847813931  0.84915607886795674  0.85778287374425877
  0.86578210348110241  0.87316411257920445  0.87980182395047024  0.88679686131860935
  0.89455612019208752  0.90227783691993024  0.90960798180571589  0.91670051857734425
  0.92440175593799612  0.93319901819959583  0.94248643838853663  0.95192693745812729
  0.96269528727129539  0.97448186498247735  0.98694151805327635  1.00000000000000000
 -0.00283332925410956  0.00907667783775150  0.02153203629595619  0.03437498075193525
  0.04751468905630973  0.06064465093388721  0.07314337070220031  0.08424533030435352
  0.09449716322945075  0.10490611222875357  0.11449688911785666  0.12440996674871997
  0.13563496278952150  0.14645936194708142  0.15742613448978465  0.16819828138732945
  0.17941873878528591  0.19037121180330868  0.19997980624729458  0.20823504608821053
  0.21622559090021287  0.22416150157834608  0.23345530327833172  0.24266905038742498
  0.25300639194304253  0.26477471838666727  0.27698712138630449  0.28979004767422267
  0.30336371049446553  0.31663254913062633  0.32800869363314217  0.33737483806943969
  0.34638744489127266  0.35550886463021297  0.36426606627879543  0.37342166077887556
  0.38443193879771115  0.39587697565167151  0.40717464425018862  0.41931998477841903
  0.43178569607409778  0.44321461002012075  0.45327081044003864  0.46465463277148289
  0.47540571584188013  0.48553106356473125  0.49586423588809353  0.50709703138592876
  0.51975516291889245  0.53294667644926175  0.54648469094541108  0.56071007330390010
  0.57375806093521975  0.58520848662334579  0.59598917799855156  0.60715258816136175
  0.61836182380834570  0.62750730755603501  0.63448386893055664  0.64141015694568648
  0.64855922009926870  0.65558999891049408  0.66262959908393881  0.66997606780619512
  0.67809525432524975  0.68548398864250693  0.69454610350008106  0.70520774000623809
  0.71610245573143305  0.72741769637442821  0.73878534454576983  0.75002691060800064
  0.76107345181937658  0.77224526145658323  0.78444999391184222  0.79667674015145684
  0.80882588562191970  0.82158837818213493  0.83433229134742348  0.84673525711967224
  0.85837579293644983  0.86853056351415781  0.87668051878301734  0.88372992010430762
  0.89147922649236921  0.89964072505669557  0.90729616912396616  0.91439298748244324
  0.92185164399052122  0.93044643935454163  0.94004126971113300  0.95122830908036027
  0.96342161741579668  0.97559309918972414  0.98783473753266937  1.00000000000000000
 -0.06250771344901623  0.83609907122732519  0.91705988035366914  0.94699336480629759
  0.96017336731567093  0.96471006366550305  0.96885286545533045  0.97243445005319729
  0.97548887556045549  0.97810801793143010  0.98029502283581005  0.98211216396459800
  0.98375561708862047  0.98514136621314019  0.98643261459817178  0.98757921665640935
  0.98862181927288206  0.98955043550065369  0.99037396118961685  0.99112276199331573
  0.99179932751384126  0.99241902354413836  0.99297528207914332  0.99348258076691764
  0.99393374808310764  0.99433339137925481  0.99470900404763707  0.99506607078033538
  0.99540175214427928  0.99571502245448407  0.99600497153848999  0.99626737052796976
  0.99650599818152141  0.99672357789815746  0.99692287958358428  0.99711085599844007
  0.99728171367250862  0.99743055224328314  0.99756723131547143  0.99769973750272134
  0.99782853675259509  0.99794498339808424  0.99803952400105578  0.99812627142767185
  0.99820976586058974  0.99829046646380493  0.99836850029821922  0.99844318908079199
  0.99851693913228601  0.99858557168051998  0.99864829196601190  0.99870364220880115
  0.99875056457067379  0.99879790918795430  0.99884305489697156  0.99888645774333606
  0.99892870794227095  0.99897024343061547  0.99901120165386259  0.99905015862670876
  0.99908845259540291  0.99912595615550981  0.99916263224920565  0.99919845348395298
  0.99923279772752638  0.99926575329447065  0.99929727795213297  0.99932707819742661
  0.99935538936886259  0.99938259725747780  0.99940887210714147  0.99943461980704829
  0.99945977208155234  0.99948428802888145  0.99950803985955328  0.99953038838358477
  0.99955259150863851  0.99957463868748930  0.99959560566119021  0.99961656400211596
  0.99963733848407565  0.99965710155562670  0.99967669502799261  0.99969618605708066
  0.99971560102061652  0.99973501527090269  0.99975444919037648  0.99977402961046380
  0.99979413908479364  0.99981462491174067  0.99983544792542101  0.99985851551174676
  0.99988388184958887  0.99991300596552546  0.99995155848629880  1.00000000000000000
 -0.02818517463092913  0.14553440422570751  0.20169350340165063  0.24170020941976772
  0.27044627357481676  0.29412229694207326  0.31586418978522363  0.33620229828929149
  0.35375783161333130  0.36882441592017029  0.38101794252245913  0.39125472762877556
  0.40147368617137880  0.41164493241029637  0.42187784117104599  0.43056168866484201
  0.43781166402723443  0.44606621544898134  0.45432490306635803  0.46273504098113349
  0.47180539739917504  0.48076057769236707  0.48909304768582590  0.49731267813660596
  0.50574839763906543  0.51430322287597174  0.52222586342354205  0.52702586049860700
  0.53152068987835654  0.53623903995985955  0.54099343402586864  0.54570173341795991
  0.55153888525997863  0.55687098495844833  0.56201072707132971  0.56697936550470240
  0.57202174314799770  0.57724162919856714  0.58232907480017360  0.58749876500701226
  0.59295910378236705  0.59839173262050371  0.60389101906129794  0.60953162920115089
  0.61580028788732033  0.62160531800328211  0.62647869969383907  0.63060209966713776
  0.63394701318067748  0.63668665997658702  0.63930018434952074  0.64187673917605637
  0.64467740836625775  0.64835080401237455  0.65212995010677988  0.65600844907542522
  0.65994284335884457  0.66377491196818650  0.66767648011404646  0.67179672293076864
  0.67611523709731336  0.68026865935256298  0.68387310179763261  0.68755959354610552
  0.69202149908246657  0.69698442857303489  0.70244371160852903  0.70778840049028136
  0.71337293315654859  0.71831765581087592  0.72356280105518833  0.72940165338008900
  0.73569849096491613  0.74212772653994730  0.74831362030558435  0.75397126784278856
  0.75905240108825367  0.76398394937232639  0.76879089184735783  0.77394798873555670
  0.77965913732110148  0.78597105105910992  0.79253350985218474  0.79926704749425992
  0.80596722394628850  0.81287789061323812  0.82134047137732036  0.83134377359488232
  0.84010165858883057  0.84914254978867409  0.85922143907293258  0.86924156885109716
  0.88009577542478334  0.89429298560199977  0.92063156219325015  1.00000000000000000
   2.2935127168289120E-007  -1.0000000000000000     
 T T F F F F T T F F F F F F F F F F F F F F F F T T F F F F T T T T F F F F T T F F F F F F F F F F F F F F F F T T F F F F T T
  <DiscreteSampler_grid>
  grouped_processes
  1 # 1 for a reference and 2 for a running grid.
  10 # Attribute 'min_bin_probing_points' of the grid.
  1 # Attribute 'grid_mode' of the grid. 1=='default',2=='initialization'
  0.0000000000000000 # Attribute 'small_contrib_threshold' of the grid.
  0.5000000000000000 # Attribute 'damping_power' of the grid.
 # binID   n_entries weight   weight_sqr   abs_weight
    13   10   6.250067342567434E-001   2.582729190763343E+000   6.250067342567434E-001
    14   10   6.250067342567449E-001   2.582729190763366E+000   6.250067342567449E-001
    16   10   9.629694134161236E-002   6.160100483794705E-002   9.629694134161236E-002
    17   10   9.629694134161262E-002   6.160100483794763E-002   9.629694134161262E-002
  </DiscreteSampler_grid>
