  0.00132790985320428  0.01598936390383479  0.02896128681710565  0.04215092182942105
  0.05531839903004427  0.06668575841469336  0.07624532442242611  0.08582587554361736
  0.09568945355437904  0.10583380163697063  0.11686544833113839  0.12858489989722247
  0.14011667628034755  0.15131071695084494  0.16288621788013313  0.17436243477527252
  0.18523074135171980  0.19606364377378008  0.20691473360646889  0.21803944283045285
  0.22923227547837052  0.23994403994973848  0.25073329622049623  0.26164553000442975
  0.27225043245072533  0.28356915070466038  0.29559965633823976  0.30816902151915759
  0.32163565750337902  0.33350541587609395  0.34197951580104996  0.34991893713877698
  0.35816662580389935  0.36679810518981010  0.37522502054205875  0.38316197534659119
  0.39091005461462869  0.40001995885608765  0.41151953587642087  0.42188451613068406
  0.42848955387555998  0.43653517542658721  0.44461954238279383  0.45191853459193265
  0.45921166950391085  0.46653727377827869  0.47396533187443296  0.48416855396652930
  0.49867642018429525  0.51360990411711027  0.52476668310592223  0.53598663579882810
  0.54680566334389091  0.55661117119491021  0.56745522946288285  0.57866488205015587
  0.58984460138311734  0.60113461042689831  0.61304507588966184  0.62517846924875820
  0.63622655744577228  0.64971136824582620  0.66258366795264190  0.67267316934657218
  0.68125033106945465  0.69012657731806015  0.69988404618096889  0.70993311611761967
  0.71959310354813899  0.72902617717947149  0.73841273077530245  0.74799992974298457
  0.75681218066823241  0.76530280325230182  0.77343788349638898  0.78227951030973131
  0.79174684320869360  0.80273111153723120  0.81476577143018392  0.82829462796870301
  0.84125473654183947  0.85211274294731987  0.86293782702106037  0.87337740138157283
  0.88529542500314651  0.89853026221237220  0.90714152754099797  0.91572993569683481
  0.92418345407396019  0.93314950499755789  0.94216866115070508  0.95076191555681588
  0.96013422475545884  0.97172203007426972  0.98517677855702945  1.00000000000000000
 -0.00004537371805582  0.00096785186574437  0.00359171214771652  0.00753328497942086
  0.01276642493532317  0.01886127167635586  0.02522382481424636  0.03096828960385553
  0.03759698673112852  0.04556930011571739  0.05396462718784253  0.06258905010546320
  0.07307723475632494  0.08230509845041870  0.09068046944433759  0.09989487023917193
  0.10840928225835042  0.11689319723722499  0.12700268179232166  0.13772594177836553
  0.14874186014217011  0.15971955559672460  0.16941262353643857  0.17818874448924604
  0.18656430796401904  0.19452730417008396  0.20254699205642399  0.21086863888334789
  0.21927650597820217  0.22683353307893350  0.23393593283474484  0.24105273215350442
  0.24952917984719625  0.25853144265496003  0.26915241590747130  0.28149338773115962
  0.29460827985541121  0.30793678824573478  0.32069898952057030  0.33215716621740909
  0.34301289012399194  0.35424578442560783  0.36512171683478323  0.37567063837699138
  0.38539919280891949  0.39462951447010264  0.40378555950150158  0.41304617039866692
  0.42310990673308696  0.43369825120945227  0.44409281031449432  0.45432864390149785
  0.46420691762981142  0.47403123077692549  0.48431865696346299  0.49425792468250757
  0.50465696029081653  0.51478036655741555  0.52506788590196785  0.53643781404455670
  0.54900447562122523  0.56187636335839741  0.57466830239592936  0.58766107019248948
  0.60070042574681337  0.61246294484619246  0.62324700570328684  0.63432376230781096
  0.64556901086986340  0.65645358914584084  0.66781430458513291  0.68082769251296538
  0.69296118447708699  0.70457861738283545  0.71612351503039484  0.72770396829544159
  0.73929865951215945  0.75104435433308536  0.76338007826444043  0.77644087617829671
  0.78950597115801202  0.80201659064440711  0.81398003749116776  0.82589458299936214
  0.83802379428901552  0.85065151937120365  0.86321476319650248  0.87600585688979760
  0.88997456534828123  0.90486633478338407  0.92013271258153395  0.93556956875238628
  0.95131204231348043  0.96742029421896492  0.98378158260888271  1.00000000000000000
 -0.00437588869002660  0.01230421346026752  0.02807102623099547  0.04316366099681828
  0.05782169978753674  0.07228921859185911  0.08694452180058965  0.09982089766757481
  0.11321962763977066  0.12668604005898873  0.13943444591244661  0.15088746182133936
  0.16126007511896434  0.17168163879839060  0.18235210084125886  0.19255712441316461
  0.20229027349204473  0.21229878143081646  0.22282204249409104  0.23223403759567390
  0.23999673622935627  0.24726699589319914  0.25452273612205806  0.26171995729026121
  0.26939095572286376  0.27731532957053240  0.28502461492695425  0.29359115497387206
  0.30422701730806523  0.31524010915241540  0.32687909440435686  0.33684929604862601
  0.34442288255057946  0.35292862581427198  0.36217159533747073  0.37159501937843975
  0.37943618423184244  0.38662956038634810  0.39380258750619374  0.40119409519474281
  0.40857110516545886  0.41599184738940254  0.42291058761552430  0.42999550354038951
  0.43758597136067684  0.44743309873822434  0.45840336708139773  0.46940280036032972
  0.48002754214412735  0.49054920267452351  0.50053853979433172  0.51075507828968325
  0.52158683701748565  0.53236354710707257  0.54199426382562899  0.55071145271822453
  0.55987634607241099  0.56909084493473105  0.57862802771566424  0.58981787775662964
  0.60159021355484688  0.61038569828923672  0.61991060914644791  0.62919251040722446
  0.63906874279515313  0.64986989860006372  0.66045742528378160  0.67021695420325333
  0.68412137681457330  0.69634522811838506  0.70841742137798724  0.72027350594359207
  0.73128451533355021  0.74221434739438841  0.75259706432090812  0.76212278556629975
  0.77196878281548309  0.78220098097015722  0.79279081094277581  0.80394835667582543
  0.81607666806822388  0.82950125615734904  0.84368017791902028  0.85851935091774034
  0.87305717550546114  0.88650147850250782  0.89907785220386416  0.91115177912741208
  0.92250143095488124  0.93356637417039079  0.94502839120244664  0.95582311105537898
  0.96674388083210328  0.97749987719129749  0.98819787239229673  1.00000000000000000
 -0.00184323205684254  0.00791532955213153  0.01644828283252558  0.02514174726999627
  0.03411814229791599  0.04308591263634901  0.05168415988488193  0.05995442296809811
  0.06851744587992646  0.07761916167651001  0.08739170040050732  0.09946213267704124
  0.11250782404539085  0.12391160730730014  0.13479161106431231  0.14609366752002501
  0.15765715731330071  0.16900070362068359  0.17958905388652224  0.18937425598208443
  0.19899834168215896  0.20874885647085772  0.21863451296213990  0.22877400398991879
  0.23945122047925843  0.24986089679543422  0.25983277170427999  0.26947111621388442
  0.28206925624162710  0.29491845988483317  0.30830941082958641  0.32180789705309121
  0.33545939638710826  0.34956158363857093  0.36381810791570623  0.37728397440302858
  0.38957564348424933  0.40347353366243283  0.41886112069426934  0.43359578945173000
  0.44854521530738478  0.46370824494989432  0.47922066008099623  0.49489969351889901
  0.51014036566865306  0.52596387117608034  0.54182771431657517  0.55602998021022598
  0.56916053397016775  0.58177022520096822  0.59534591549333338  0.60987459144876177
  0.62525297173414818  0.64240991979617867  0.65835410294390495  0.67379568490708497
  0.68843457489210169  0.70218751824396752  0.71509322515544316  0.72668783365869549
  0.73806909199481185  0.74885761371873061  0.75927465746937872  0.76989816890011997
  0.78095871784975612  0.79268814570172330  0.80470426641463588  0.81548428438714526
  0.82484651013259991  0.83410193253919662  0.84345279811506024  0.85203544669814690
  0.85819921610084449  0.86363591717068600  0.86973876498848823  0.87621165505561227
  0.88234941047280979  0.88804010908879372  0.89403879734556213  0.90046846533285374
  0.90655279473821526  0.91225064248570054  0.91801782365009277  0.92409866593304124
  0.93000754660231832  0.93542350028330823  0.94055103732212220  0.94581098340176417
  0.95077856465864163  0.95666825396995792  0.96219802209222993  0.96830182498251849
  0.97391290452446211  0.98052376429842869  0.98937809985390712  1.00000000000000000
 -0.00211395249606343  0.00886577498203440  0.01833860640423161  0.02817567899777653
  0.03878197284325846  0.04863394077392279  0.05814910733221935  0.06651099324897171
  0.07388153394592267  0.08155854935316069  0.08969456960070817  0.09852411400517319
  0.10727965564479819  0.11574130855315541  0.12423561495015116  0.13812537964180061
  0.15361259667524740  0.16749366545353389  0.17906641696863126  0.18977176166066564
  0.20088810389599704  0.21223945621983442  0.22406914588778257  0.23658126578435451
  0.24954227300998183  0.26245608637746165  0.27345100945052109  0.27940209575106034
  0.28715738432268634  0.29412606992291129  0.30046564904278739  0.30777448034733113
  0.31577387711890686  0.32338061338606183  0.33137070264938273  0.33989568880626375
  0.34855655723653345  0.35855222382666746  0.37040221397025785  0.38271832302164399
  0.39520608062114426  0.40776608482325355  0.42004977936723242  0.43204227961151193
  0.44230894894111644  0.44991971325835767  0.45878764878912281  0.46647746321335837
  0.47400781737610620  0.48220297263307210  0.49116251337786426  0.49974626674997047
  0.50827417794139540  0.51725949924628223  0.52628972899561632  0.53472475191303614
  0.54293626194839184  0.55093173499688242  0.55737292372037872  0.56538627634611627
  0.57669475999230546  0.58936786361370774  0.60179539267423998  0.61410479219216474
  0.62529484082825215  0.63626888333304787  0.64759834513517545  0.65973626934540430
  0.67299246418932468  0.68686530082949282  0.70120971184268333  0.71497215661297131
  0.72756112227850711  0.74009319791501116  0.75272020722318400  0.76565825728350145
  0.77802719346851679  0.78964759400974582  0.80131782704654186  0.81316460827686599
  0.82338121761323957  0.83290475952836307  0.84233930334712137  0.85153258699175560
  0.86119709879022666  0.87172719901441609  0.88293679140838499  0.89508336346261752
  0.90868851115988825  0.92345127363574209  0.93827130383363777  0.95184656262240885
  0.96410611145114533  0.97658730709874386  0.98852723020343314  1.00000000000000000
 -0.07506734280759025  0.83421581419331592  0.91561386658414834  0.94663197832840906
  0.96001733469034589  0.96451690768322496  0.96858648179683404  0.97204845626726999
  0.97503594120532822  0.97767063162777379  0.97986617803416864  0.98167224158414512
  0.98326220498572670  0.98466068840208198  0.98592769016507387  0.98708940710806503
  0.98813003804484356  0.98905149073855603  0.98988703960274338  0.99063945152888810
  0.99130698598241929  0.99191365164613010  0.99246690003530635  0.99297421842610845
  0.99343526496889467  0.99385760193064610  0.99425277010463442  0.99462403323157123
  0.99497420025198813  0.99530357829833183  0.99558571885948399  0.99584795767199719
  0.99609103633024376  0.99631545513376651  0.99652710076763384  0.99672729365152690
  0.99689550934726912  0.99705473557845326  0.99720614024830445  0.99734823142618578
  0.99747683357071393  0.99759667017727338  0.99771131641057609  0.99782106702919160
  0.99792524684635675  0.99802265227363218  0.99810739071348731  0.99818625127927452
  0.99826240785704912  0.99833641249377736  0.99840832898542486  0.99847807602689964
  0.99854570328317960  0.99861250687754355  0.99867532381662794  0.99873043288283991
  0.99877947963596514  0.99882723917382765  0.99887413648690737  0.99891822310362632
  0.99896143476971166  0.99900382514122721  0.99904469371021121  0.99908540563399084
  0.99912505554125308  0.99916375670194923  0.99920178457936804  0.99923772314139747
  0.99927272757150620  0.99930679971215897  0.99933799286317593  0.99936911788450788
  0.99939954447801727  0.99942757801040061  0.99945542536831977  0.99948247356022168
  0.99950815369962032  0.99953337594928060  0.99955804498920309  0.99958187261190512
  0.99960503145701773  0.99962802208397328  0.99965090981085203  0.99967311982449192
  0.99969509098194875  0.99971689481932857  0.99973859844463830  0.99976025963584525
  0.99978205304209100  0.99980405535554484  0.99982628161256226  0.99985264444858568
  0.99988052379776193  0.99991031627551374  0.99995108503045060  1.00000000000000000
 -0.02547603851908932  0.13433343708043688  0.18514628249757675  0.23193983691853134
  0.26898308017504247  0.29405846219929327  0.31139176022785520  0.32707865757753657
  0.34102996652508843  0.35487667305393533  0.36773261944383651  0.38002627127430161
  0.39150903909803075  0.40227503207499671  0.41315423045022553  0.42333373233101473
  0.43238861003255097  0.44056359211270879  0.44856960359052972  0.45592524694793368
  0.46370382232864182  0.47126097083134394  0.47908808891209781  0.48664911803601590
  0.49364393665963957  0.50042004097060822  0.50707945487700101  0.51371914325727996
  0.52038903076328091  0.52714748545731849  0.53394406228533875  0.54075768640268218
  0.54753535029759881  0.55416510907965788  0.56058883473387355  0.56700879337888033
  0.57324637334801487  0.57927554995224662  0.58526453577130733  0.59117048970704389
  0.59705872423093531  0.60345869684671483  0.60991965873015641  0.61622142022586723
  0.62211184610154324  0.62755248679528641  0.63271179246037501  0.63772372891173656
  0.64276497129438337  0.64773399312025171  0.65128592043717159  0.65570439136698189
  0.66010063960381349  0.66439492031336589  0.66860029463636439  0.67263438743095061
  0.67646176435853034  0.68020329610993102  0.68400683278693586  0.68785152062352339
  0.69178684308055383  0.69565599458879335  0.69974351185077910  0.70392485342827926
  0.70847022658563819  0.71388091149246791  0.72002369377837594  0.72572141464086859
  0.73191452347352559  0.73806213392497488  0.74373485865025146  0.74879020380023020
  0.75298364638780946  0.75655860209052916  0.76050642600621121  0.76523786694049567
  0.77010347795706446  0.77485420451066778  0.77963264711662761  0.78443877979437693
  0.78919874451933747  0.79398921007271017  0.79898802338852482  0.80416452081315337
  0.80901998538634112  0.81497652353261740  0.82309539731916748  0.83176373621529776
  0.84097811554406410  0.85091281846216726  0.86100042781256025  0.87161571336490939
  0.88405814603978838  0.90039245230705889  0.92894243109956132  1.00000000000000000
   8.5648248832277431E-009  -1.0000000000000000     
 T T F F F F T T F F F F F F F F F F F F F F F F T T F F F F T T T T F F F F T T F F F F F F F F F F F F F F F F T T F F F F T T
  <DiscreteSampler_grid>
  grouped_processes
  1 # 1 for a reference and 2 for a running grid.
  10 # Attribute 'min_bin_probing_points' of the grid.
  1 # Attribute 'grid_mode' of the grid. 1=='default',2=='initialization'
  0.0000000000000000 # Attribute 'small_contrib_threshold' of the grid.
  0.5000000000000000 # Attribute 'damping_power' of the grid.
 # binID   n_entries weight   weight_sqr   abs_weight
    13   10   5.946969597115344E-002   7.698739376759800E-003   5.946969597115344E-002
    14   10   5.946969597115336E-002   7.698739376759764E-003   5.946969597115336E-002
    16   10   1.713933873094478E-002   6.405635369015969E-004   1.713933873094478E-002
    17   10   1.713933873094475E-002   6.405635369015935E-004   1.713933873094475E-002
  </DiscreteSampler_grid>
