 -0.00107331859358615  0.01927973846864421  0.03565928141514325  0.04880439814978410
  0.05986084424384111  0.06985151679742453  0.07943179686972630  0.09128443981158471
  0.10385830143093722  0.11604235441039956  0.13027843546787299  0.14314297866868020
  0.15487500631576365  0.16697335706150485  0.17982789163039087  0.19073026993608908
  0.19896911873814771  0.20751961518161785  0.21567424098955473  0.22290695318880660
  0.23149153910629203  0.24193968091677873  0.25014585209631235  0.25840535519253666
  0.26776176031537935  0.27676553601846371  0.28629757023779484  0.29699043214853893
  0.30831868338204033  0.31957962063680356  0.32910631327932388  0.33687443396920813
  0.34518191660257280  0.35305496992296070  0.36089993843129481  0.36877133573993143
  0.37680548491567190  0.39392453980470227  0.41233405565382575  0.42418129911541264
  0.43386478532501793  0.44367041892932835  0.45414814973166862  0.46556507195401636
  0.47798122066056381  0.49085412416102953  0.50300527372844828  0.51571951250790371
  0.53077714527004538  0.54794561200303105  0.56751420512012563  0.57842336734010236
  0.58647672633803216  0.59416324021503064  0.60283553351566854  0.61116361291775689
  0.61918263665912465  0.62428867398372145  0.62894645452936604  0.63315261864926975
  0.63710337289478458  0.64466797588519398  0.65413758380810572  0.66382955795098919
  0.67237199465450248  0.67891624977444209  0.68460018126411915  0.69081610274217276
  0.69925083735144355  0.70906022996698947  0.71738417251770126  0.72622513918319642
  0.73443154956620327  0.74309418243196157  0.75190677769121617  0.76141929072061576
  0.77033792393063183  0.78301584414356218  0.80041203361234670  0.81588694181733679
  0.83013051715447317  0.84365351595534543  0.85634582815943949  0.87009443713633505
  0.88324628307925190  0.89593437909739282  0.91099809783652663  0.92267099249357587
  0.93101128219751916  0.93814918909536071  0.94516931257767600  0.95383320274922789
  0.96340289287860859  0.97257851414273533  0.98355438952894625  1.00000000000000000
 -0.00003822707903196  0.00088540266876336  0.00361512975017090  0.00677306849576409
  0.01091021940426106  0.01430463208581371  0.01960779666428948  0.02481548377087315
  0.02975592738454524  0.03524451043972257  0.04323517522159188  0.05017070624562142
  0.05651091072643617  0.06333706315128872  0.06998337364175317  0.07839790270850924
  0.08602878124533667  0.09388892543965056  0.10234051844618808  0.11231894256338534
  0.12310492671783602  0.13438067862272246  0.14802154795103864  0.16143173235178715
  0.17311551130157460  0.18165050635923269  0.18923357311130468  0.19727611955827543
  0.20424245417393225  0.21117635162107640  0.21834093868419288  0.22545197512896695
  0.23400757058930102  0.24205208732717332  0.25036724046055514  0.25833729778180997
  0.26755938465483231  0.27718332954953712  0.28721679649799670  0.29666604897678123
  0.30514375444425573  0.31330097092315307  0.32271344663125362  0.33413821862740245
  0.34730462787014627  0.36087459818666567  0.37681500570530357  0.39296478707950938
  0.40982902150376438  0.42546159063646982  0.43957465655151973  0.45429680872655542
  0.47331924365807898  0.48830497046849314  0.50156039805150576  0.51362018561848699
  0.52417421536211117  0.53606626120558432  0.54729913264181096  0.55983939066034039
  0.57234397955246319  0.58328007187397923  0.59287115238013510  0.60202532856004121
  0.61181590815417008  0.62239119328555803  0.63464747952125233  0.64537545510261540
  0.65614159171090314  0.66676289559864577  0.67715312048488996  0.68809346102748248
  0.69895658220879520  0.71124365655541999  0.72863812054939925  0.74861562248884639
  0.76905776920962643  0.78714666510273490  0.79946503212072773  0.81393339540244147
  0.82754351123642333  0.84080622052110876  0.85217593232172650  0.86298319974849136
  0.87396023727097438  0.88342339771960998  0.89273580390345109  0.90274770156721840
  0.91362134696141151  0.92429669383545443  0.93455833168714875  0.94487474023682438
  0.95502547740206500  0.96557420952617645  0.97917343278893476  1.00000000000000000
 -0.00148595621496236  0.00762091351066115  0.01399861735123207  0.02230590095211827
  0.03215057384125133  0.04056693641425966  0.04677829541327568  0.05335827661154800
  0.06208971582143769  0.07371049645494361  0.08188061860832159  0.08849784500644092
  0.09550321049367821  0.10526613330503033  0.12200334850128403  0.13641903975613504
  0.14885119186126675  0.16143497513183197  0.17460550417718157  0.18901945169394826
  0.20497010092890633  0.22169595105585241  0.23625054262730555  0.25063831230435463
  0.26500577325791669  0.27827820882377469  0.29040589465469074  0.30246369480079616
  0.31392180589899749  0.32456089355353590  0.33563558682205041  0.34718346087402258
  0.35940783959608863  0.37327817006890429  0.38868414414283931  0.40404386482262766
  0.41840251678665025  0.42635332714663449  0.43203442625488425  0.43919076552297209
  0.44714911823127879  0.45492519551939503  0.46270152548939997  0.47204475560182696
  0.48205325113911168  0.49160608127922484  0.50183363253027624  0.51127903030477717
  0.51933794556875668  0.52717358219949162  0.53651660690889980  0.54700641839922470
  0.55838916754367829  0.57140673622323956  0.58390939559489718  0.59638473374984591
  0.60761904769661801  0.61714646093022707  0.62553474979211043  0.63370511848811129
  0.64215297184055375  0.65118865304324136  0.65896654775323649  0.66677053283265486
  0.67365224617295871  0.67999593340415088  0.68673540947717804  0.69485799363772438
  0.70329015925375993  0.71656515010455912  0.73261730257801183  0.74834816819462047
  0.76161493010271131  0.77061456869864453  0.78209216034597639  0.79302145289306014
  0.80096917166340298  0.80855675451565256  0.81651361129851063  0.82427539839351993
  0.84371356090087934  0.86067551102707096  0.87407592834412984  0.88576327627995088
  0.89531329993023223  0.90170085694232760  0.90722658765814645  0.91317847155447007
  0.92006983924402086  0.92869786345742378  0.93752336418427784  0.94854949646807241
  0.96198661351969383  0.97515786294645179  0.98795521198695480  1.00000000000000000
 -0.00187314897414987  0.00945564263541426  0.02083699137751661  0.03108695582645248
  0.04086344436630399  0.05094159089380378  0.06040071379771638  0.07024820531560574
  0.08203243820869567  0.09458169771829131  0.10841000052953771  0.12137288837266125
  0.13173142849851657  0.14236406230288987  0.15207103841672728  0.16132190333273044
  0.17042613639258752  0.18013216184835401  0.18978377926051751  0.20033545887807097
  0.21135389831015336  0.22667834246096050  0.24160721731370008  0.25607552420538743
  0.27048695298553027  0.28539006178698245  0.29522815805388097  0.30396788581846951
  0.31368599478557185  0.32363018089333817  0.33489898946630414  0.34395932782832467
  0.35184579928671894  0.36204313465341842  0.37317709396088100  0.38327438934473884
  0.39076056202632520  0.39809442678149370  0.40590086179517787  0.41628708183827451
  0.42934854051333998  0.44214668895205761  0.45518907430090566  0.46954249818995836
  0.48386732754083395  0.49749926361276209  0.51079623940175323  0.52249631983090972
  0.53056714704835162  0.53780613886385686  0.54573926617924484  0.55373368446775417
  0.56224972068023671  0.57135484866816977  0.57934084678253650  0.58627303688080801
  0.59396012928076580  0.60335031174713494  0.61655213875760206  0.62660665777334079
  0.63549402921392073  0.64332788337871838  0.65039420626393085  0.65951736568050745
  0.66854307382617173  0.67720252513133616  0.68649829123342210  0.69621770405544658
  0.70445169057571411  0.71197887179813435  0.71978991609168974  0.72722870446794885
  0.73468619084567777  0.74311656080778477  0.75483345105389177  0.76830114961640150
  0.77733593676675139  0.78543157188982327  0.79287843384461187  0.80060408457253041
  0.80772877838748669  0.81548198330666632  0.82485568811600418  0.83609033425365975
  0.84660178417708987  0.85591271464536267  0.86423443836338987  0.87319047954048490
  0.88474182033514248  0.89891441999824706  0.91525594906231478  0.93295666126894861
  0.95103734551481078  0.96798386512895462  0.98387032160367638  1.00000000000000000
 -0.00209140907061287  0.00970420149901518  0.02212536578762331  0.03464790688158986
  0.04799225606200927  0.05883330810268022  0.06881903698468775  0.07973976626602597
  0.08959754485665300  0.10178381618125218  0.11735771058882943  0.13320583613229925
  0.14781589878034646  0.16096711538710798  0.17303456414719864  0.18498833661424385
  0.19586758507551025  0.20757452922445782  0.21671433516768840  0.22726147329487881
  0.23803236918063811  0.24785859782192604  0.25745830626130367  0.26450594860773502
  0.27089346307727313  0.28055767559175965  0.29352424855016856  0.30693295883937277
  0.31899769177703402  0.32958461941241857  0.33934490743723711  0.34966739912034150
  0.35990178278408114  0.36921320457681994  0.37807316406192992  0.38615872480202013
  0.39626459813618942  0.40983703910283437  0.42451143531466312  0.43886361575980293
  0.45226078518541962  0.46177167635728106  0.46904672883727377  0.47683727363830564
  0.48624791733037714  0.49729253613435859  0.50610899703943812  0.51211744115965796
  0.51813492629212698  0.52785093127344207  0.53905187100415641  0.55810192238996670
  0.57840015487112739  0.59446745402557077  0.60360582869786283  0.60830769843199284
  0.61280900274984640  0.61692070207990080  0.62199456791237939  0.62739500244336777
  0.63299553617239035  0.64383116345491787  0.65693103232922345  0.66998782526644929
  0.68250348688851015  0.69122452758538011  0.69879306282383580  0.70748835708221391
  0.71584709332376018  0.72322301031645353  0.72928265849145013  0.73572465788014785
  0.74397357836137545  0.75583999366425614  0.77486050110084892  0.78218286006143090
  0.78909744390642278  0.79599506018609689  0.80242889962464337  0.80968582832650926
  0.81731637046585581  0.82479762424582648  0.83277254724012584  0.84723381343734816
  0.86326632522569635  0.87731489590960010  0.88759686563108597  0.89657200309337159
  0.90576049954873883  0.91588738061470343  0.93146123274848069  0.94763189893079014
  0.96215261292785892  0.97537208507611128  0.98779605290245409  1.00000000000000000
 -0.06242998763900908  0.82978158192212281  0.90836324388627543  0.93968495045561373
  0.95585496770354472  0.96252063517781339  0.96718522226139003  0.97103239754526049
  0.97451906466263016  0.97739170608481918  0.97973085991357600  0.98165100695533580
  0.98378395866198720  0.98546817829467315  0.98679162809498788  0.98792381129016416
  0.98901105612147011  0.98997303150354754  0.99081858435334336  0.99142693295399698
  0.99195121777876638  0.99244208717769034  0.99298702546027973  0.99354119458524792
  0.99404508146745019  0.99446696583198746  0.99484378770322568  0.99519991650049278
  0.99551981255104749  0.99578101551620857  0.99602431524548374  0.99625872219394418
  0.99648553271176699  0.99670759274668663  0.99691252252706408  0.99707649144036459
  0.99723928888113855  0.99739261185250805  0.99755067856205948  0.99770035689894854
  0.99781897005989573  0.99792012794032492  0.99801588317758927  0.99810973321687579
  0.99819597494796464  0.99828241922027938  0.99837375124816341  0.99846628832654327
  0.99852105213429521  0.99857777824321770  0.99863353402231048  0.99869254959061904
  0.99875138664032725  0.99880785321100152  0.99886311991259535  0.99891413756502123
  0.99895597805145953  0.99899527429801893  0.99903300164214581  0.99906983299689434
  0.99910626212853215  0.99914197274208438  0.99917552548054001  0.99920841184652909
  0.99924142506968772  0.99927095732518945  0.99929978787273166  0.99932760629745787
  0.99935435388406901  0.99937982996868102  0.99940506501726711  0.99943028718370397
  0.99945546412209940  0.99947937450472601  0.99950343462008839  0.99952596515383574
  0.99954640190523014  0.99956706261311878  0.99958671213057626  0.99960595595177171
  0.99962499763228230  0.99964381203245323  0.99966304998431599  0.99968279774486735
  0.99970216792070898  0.99972231167675496  0.99974280955626482  0.99976291934626893
  0.99978356136614799  0.99980536340436654  0.99982849764626125  0.99985202141990914
  0.99987831213498568  0.99990829117943769  0.99994520692235522  1.00000000000000000
 -0.02549929688858373  0.13313803086333117  0.20160381838486205  0.24345809962033668
  0.26899844325517769  0.29173983466684772  0.31092902482102086  0.32931404613408172
  0.34403958912463178  0.35398174447790148  0.36325287177849014  0.37309144228859220
  0.38257033623499753  0.39259864120661792  0.40263743132318947  0.41311712197000278
  0.42479818476296427  0.43536551082955394  0.44831440960149421  0.46189252499924516
  0.47416892950855727  0.48427600765875267  0.49237563494025205  0.49893970367900409
  0.50453748249760155  0.50938265785842207  0.51463258074642726  0.52017454314570444
  0.52452450452488608  0.52720833143004819  0.52988894104743356  0.53228828266855632
  0.53477605593099931  0.53716463272240478  0.53963392344276995  0.54208247394876063
  0.54654011879930386  0.55297110655901938  0.55888283440752784  0.56647410276879195
  0.57683422119569694  0.58821369465285001  0.59551424319196600  0.60255820237229341
  0.60944702028015463  0.61614456562044395  0.62282588103118097  0.62880138646740580
  0.63340396336161753  0.63795160378668903  0.64047370086356459  0.64335821244484659
  0.64557892832588648  0.64787243442099174  0.65046863587381398  0.65351964945927044
  0.65726644576397730  0.66152878409609717  0.66630389284434011  0.67000356031873587
  0.67382365429632352  0.67774387989292750  0.68132581081141774  0.68523018363981358
  0.68910910675648307  0.69292995710207650  0.69682973686631688  0.70075930995231850
  0.70474255730368396  0.70837514984184824  0.71374527098755314  0.71973223791585428
  0.72658188533083035  0.73382928290957616  0.73992283465660680  0.74604672885476386
  0.75164933213502894  0.75655673313286942  0.76179815734988543  0.76744574128172183
  0.77361856970962284  0.78042509642923974  0.78791979481135332  0.79648394391765343
  0.80636498719231187  0.81766310484470717  0.83040212406204705  0.84448818960053418
  0.86303037775516844  0.87685643486705045  0.88207716771722644  0.88731486984842456
  0.89531361286671929  0.90861401513160645  0.92655311116622385  1.00000000000000000
   1.5114438276908122E-040  -1.0000000000000000     
 T T F F F F T T F F F F F F F F F F F F F F F F T T F F F F T T T T F F F F T T F F F F F F F F F F F F F F F F T T F F F F T T
  <DiscreteSampler_grid>
  grouped_processes
  1 # 1 for a reference and 2 for a running grid.
  10 # Attribute 'min_bin_probing_points' of the grid.
  1 # Attribute 'grid_mode' of the grid. 1=='default',2=='initialization'
  0.0000000000000000 # Attribute 'small_contrib_threshold' of the grid.
  0.5000000000000000 # Attribute 'damping_power' of the grid.
 # binID   n_entries weight   weight_sqr   abs_weight
    13   10   1.407800950199512E-034   1.798755112810141E-067   1.407800950199512E-034
    14   10   2.494469130283518E-034   5.795430080201774E-067   2.494469130283518E-034
    16   10   3.519502375498782E-035   1.124221945506339E-068   3.519502375498782E-035
    17   10   6.236172825708796E-035   3.622143800126109E-068   6.236172825708796E-035
  </DiscreteSampler_grid>
