  0.00041877605682232  0.01901541870542016  0.03625423001780632  0.05244937937826742
  0.06830238016109247  0.08444802097280300  0.10232876840354643  0.11378631612537012
  0.12295913276706445  0.13178196099824263  0.14001088049283417  0.14815659912694418
  0.15679097126563776  0.16448343325392645  0.17283678679149830  0.18407353091058298
  0.19596542722356661  0.20946929707492359  0.22461502441492581  0.23302456165015387
  0.23914839683347539  0.24186608819862193  0.24437962613006881  0.24712707526043520
  0.24967231746683488  0.25413708278651737  0.26003133083765573  0.26431661247191673
  0.26886790144447181  0.27316702719774061  0.27826621513568967  0.28369748835345898
  0.28882871323032477  0.29347825491386859  0.29892055770784082  0.30702520894200130
  0.31676538049987768  0.32771262922019961  0.33934180796237778  0.35225086659122068
  0.36411968222206764  0.37585056313740700  0.38911350676001016  0.40164982274226485
  0.41361236520082173  0.42475248405104332  0.43679563942106037  0.44991162430630893
  0.46153724004921010  0.47243477991596405  0.48291174215016541  0.49312684543017432
  0.50810771513321440  0.52635725006583522  0.54511020903569296  0.56165765105680876
  0.57823095837632943  0.59580420526174793  0.62156645263624943  0.64703705207559969
  0.67173702064445884  0.69479595211671286  0.72186273118107724  0.74626383210558178
  0.76497076587854151  0.78262268347663155  0.79632153793211247  0.80952807748960887
  0.82249788150866054  0.83293507859945182  0.84198830710638550  0.84936443567070208
  0.85631407794655523  0.86294964094664639  0.86984419795348922  0.87668718143413815
  0.88210173376778067  0.88722998005270470  0.89168003462877776  0.89703728961238038
  0.90306248457041582  0.90991162499915479  0.91650674103634555  0.92310009554577799
  0.92979342418723210  0.93829180467984397  0.94499994276061849  0.95159244468835391
  0.95781090111469680  0.96429533209192531  0.96963022821448430  0.97437987267636306
  0.98045828316352979  0.98777705374938418  0.99178368627464419  1.00000000000000000
 -0.00000459339801504  0.00015570357071084  0.00064401763563459  0.00184825434232487
  0.00404228746041433  0.00685094760938413  0.00919014507195155  0.01226413295480560
  0.01681119478021337  0.02087189506297231  0.02465113919246130  0.02894810176234344
  0.03425758160348721  0.03923776750708386  0.04487096351562970  0.05485486646378530
  0.06588401498274354  0.07550964964085549  0.08374001967763717  0.09260235941732749
  0.10229300293414900  0.11345463033619552  0.12664795121264807  0.13911464824903488
  0.14978563885002869  0.15924104975833125  0.16773017003644078  0.17701774168337853
  0.18753667928582812  0.19857222225215865  0.21097536455020191  0.22709618478417648
  0.24792416992655469  0.26732151144117394  0.29189495913594377  0.31329800441246636
  0.32636057702195426  0.34212019450563486  0.35580628689156718  0.36679553627072731
  0.37621715876686745  0.38555784316659841  0.39582524624834414  0.40760345040011636
  0.42243672166311907  0.43531145370848745  0.44718620286257948  0.45826640545062836
  0.47039059466738681  0.48396116521952437  0.49640023454844628  0.50618250225617234
  0.51619037251346755  0.52598559796897382  0.53624213412888755  0.55061107250349006
  0.56901033027628511  0.58217924057458437  0.59305953857669391  0.60331482571052975
  0.61500307165874168  0.62609523707503079  0.63501618765444323  0.64354401951908913
  0.65100630605978915  0.65553447265346287  0.65997371061259757  0.66463535518239936
  0.66949638017226565  0.67663274093790426  0.68401423693613927  0.69599016354951482
  0.70787795177666890  0.71916254550857928  0.72931733997188675  0.73829184878987597
  0.74677058537379459  0.75522717257914806  0.76362284205619124  0.77172577374627749
  0.77941099760148946  0.78679374077655440  0.79430520585325992  0.80238845306995854
  0.81055660769027305  0.81847613463644375  0.82678305847302014  0.83485180785654767
  0.84441641072512985  0.85376748834447946  0.86214229452286217  0.87594011881480549
  0.89270224638410711  0.91777748772292911  0.95319458977938298  1.00000000000000000
 -0.00399233081514200  0.01669888682976550  0.03133418499888731  0.04262454951524844
  0.05410563351531844  0.06670720609562368  0.07916817090725241  0.09297696619918562
  0.10735620449043767  0.12176043739153380  0.13383928558846470  0.14529443045663787
  0.15711231076901927  0.16926528621469841  0.18072076923126779  0.19234084494962583
  0.21097402876752086  0.23034877986478278  0.24911104670116835  0.26773411381780965
  0.28419863385136074  0.29630924699238070  0.30801893281502724  0.31378206911074641
  0.31979880933764687  0.32594783842750530  0.33113817908112042  0.33605199469810326
  0.34076155792963825  0.34918453221190293  0.36024200477276858  0.37083988189106493
  0.38163981926665297  0.38905293634638266  0.39506174848530595  0.40296847613376530
  0.41274384858814372  0.42439302366140813  0.43751741370104957  0.45195378592196100
  0.46835326519527248  0.48125677082833579  0.49134756660197687  0.50181736903062346
  0.51309422915789005  0.52469139893641792  0.54049240510566665  0.55754418293860231
  0.57417209427837013  0.59099615826325114  0.60482432457249180  0.61013300629457168
  0.61502706839376009  0.61954715399904203  0.62471936425714936  0.62960117991857478
  0.63422789403642010  0.63907533558214402  0.64455209311286699  0.65044962155038666
  0.65605276178928640  0.66146143350241726  0.66648636376441461  0.67648401634971100
  0.68798409105793878  0.69772664272225282  0.70705908796933914  0.71611022422841863
  0.72432979337076853  0.73137876848471428  0.73735952927504289  0.74396755501297240
  0.75242007208149164  0.76048324778437637  0.76788015150592015  0.77583801324959878
  0.78444318407022728  0.79082211868015095  0.79717436967949784  0.80425273403478448
  0.81210404389868940  0.81916827655349089  0.82575701798566736  0.83350666394325734
  0.85033492861792315  0.86858661802215509  0.88133919148618800  0.89530382597314107
  0.90718750092418354  0.91776119811760970  0.92944813713546237  0.94029866793993333
  0.95150386930469666  0.96509954863247194  0.98182987677316036  1.00000000000000000
 -0.00424514990578320  0.01434444083931315  0.02891939648507795  0.03993415687669852
  0.05022999515757146  0.05893992120723691  0.06566650210831489  0.07055902909344089
  0.07580823146594039  0.08115032812567362  0.08654688063812026  0.09194902036360116
  0.09673423550766226  0.10177000783099081  0.10951230836536016  0.12072443049700701
  0.13416269985131898  0.14863215291558676  0.16325376934179747  0.17854087300971394
  0.19514069661642536  0.21271418064620606  0.22628411181108826  0.23505293281889017
  0.24089715016605545  0.24663500483163112  0.25276812515016506  0.25990659885278500
  0.26663986054283562  0.27508886652336012  0.28071040654564167  0.28493684989080575
  0.28966207495246293  0.30152178889388648  0.32457110538331274  0.34600384123535455
  0.35656462250882148  0.36722585832270660  0.37610219503516179  0.38479884312622381
  0.39476050303211113  0.40830191063602861  0.42485875468304618  0.44301060041515294
  0.45972611077997172  0.46900114150366679  0.47761295021975192  0.48679577410930380
  0.49427306689352379  0.50171457163403810  0.50949190710257941  0.51864123255869732
  0.53349941286319580  0.54994944376092603  0.56100595216329385  0.56970327767648787
  0.57687938484500845  0.58543582725709320  0.59822776831807856  0.61432317775306466
  0.63132347149812762  0.64679857189872569  0.65930579138392653  0.66975029856275370
  0.68105239115096594  0.69260786133198848  0.70568460967019675  0.71920816668087728
  0.73265682037400837  0.74382943841703075  0.75940213593091954  0.77032711431371026
  0.77516640276433324  0.77948011665297778  0.78348249265003589  0.78817623974265805
  0.79520147295954524  0.80240312452037843  0.80951059291984873  0.81691804184027361
  0.82580963815017527  0.84035392312897705  0.85803617079599304  0.87226998289453272
  0.88519556074132666  0.89737761654251536  0.90834000149871874  0.92010494525110564
  0.93376081820580414  0.94772231871695956  0.95769371919882784  0.96517037594725930
  0.97240430408772294  0.98035346643473154  0.98949412924533220  1.00000000000000000
 -0.00518987751450651  0.01933078583381082  0.02777192197853223  0.03851951600836184
  0.04766033321271922  0.05531411170832064  0.06309999602538312  0.07159090063858070
  0.08067048354454377  0.08945361067681984  0.10135769343392888  0.11417535731045717
  0.12744785574319997  0.14480943360217191  0.16371366054544217  0.18014811388916221
  0.19698629396727654  0.21480739605824956  0.22843146604024889  0.23900489099387057
  0.24827382468329065  0.25805137562206337  0.26654915621901093  0.27167031281390946
  0.27559951681585548  0.27971178048844897  0.28358678573328439  0.28735637291077193
  0.29164099148889244  0.29611169266812787  0.30264575129675114  0.31017845869600047
  0.31833423856231258  0.32606947870259595  0.33103423522278191  0.33975504474425677
  0.35566321586303917  0.37407667232903313  0.39226971597122157  0.40675913633015504
  0.42076775783651604  0.43424575202920895  0.44673751159955427  0.45843219891325576
  0.47303279715194230  0.48879974112541974  0.50478367661457524  0.51874958242525770
  0.52867907369099187  0.53723031735564886  0.54544445825073251  0.55301416553321525
  0.56274659176961117  0.57077844026018365  0.57687845144690630  0.57998740217420763
  0.58567891420926321  0.59658612496493812  0.60833723834392051  0.62013046283550133
  0.63456366055129765  0.64794697825489422  0.65925148467113348  0.67054173990364685
  0.68352496539817420  0.69907918114125356  0.71779784605935604  0.73419926215393627
  0.74434692173094363  0.75438772030814116  0.76736913013922559  0.78011208312714087
  0.79276472079280758  0.80790338958911223  0.82099187753742275  0.83207145251246262
  0.84136657867362308  0.85044026313099408  0.85761153351916519  0.86424097994910765
  0.86949329802294784  0.87740567501306121  0.88967437197755095  0.89972176307667318
  0.90814876263628774  0.91531439885645116  0.92183118111845130  0.92883983634609812
  0.93703621466375231  0.94649123492212217  0.95689269915725905  0.96672240956076139
  0.97428259739116707  0.97889614659627122  0.98831168764985189  1.00000000000000000
  0.04676056091053735  0.71252587739858353  0.81181641410328786  0.86730521666724925
  0.90451768651918163  0.92698743550568208  0.94043246943383541  0.94959689319337071
  0.95757672610653888  0.96094541920644994  0.96338055502572895  0.96587790445507704
  0.96830471718847111  0.97041373685653876  0.97244433064016933  0.97440998739055840
  0.97616798819806927  0.97771185084565448  0.97917841141541984  0.98036558882522640
  0.98142954711483132  0.98246531687406491  0.98346635738230848  0.98445633314230796
  0.98540702040482664  0.98630886761281966  0.98714415758754870  0.98785281126134095
  0.98848521199205397  0.98907230372210886  0.98963331234713137  0.99017215180435725
  0.99072575585388234  0.99128560394932463  0.99182049461081456  0.99229781603558298
  0.99272912720609496  0.99314667699678261  0.99357218721448815  0.99399130574137162
  0.99435869883795158  0.99471493163255320  0.99507348796236339  0.99539749893696228
  0.99565713367366548  0.99588030910009984  0.99608271493596368  0.99628038964533883
  0.99647802583143319  0.99667400217823554  0.99684574489842215  0.99700842568374726
  0.99717407558877080  0.99734765666927350  0.99749498028555295  0.99763849329669829
  0.99776946142523426  0.99789326067645012  0.99801360337797773  0.99810224749945153
  0.99818768527772395  0.99827521830873456  0.99835930997079214  0.99843974462663554
  0.99851756229939215  0.99859430870041954  0.99866682468835044  0.99873393345601846
  0.99880051132197734  0.99886172105720816  0.99890699585552967  0.99895227065385106
  0.99899681686151265  0.99904134257836852  0.99908523200864496  0.99912879337793392
  0.99917597477129316  0.99923177527022355  0.99928560879709505  0.99933704077122065
  0.99938429086920433  0.99942736525003673  0.99946964936415295  0.99951068104822127
  0.99955161541007920  0.99959206835693126  0.99963252130378322  0.99966908984093228
  0.99970531006766539  0.99974182538129841  0.99977877553773375  0.99981572569416899
  0.99985680676386546  0.99989814928118481  0.99994763288138289  1.00000000000000000
  0.01015410699698992  0.09940589903295054  0.14253759677500266  0.18529807309177687
  0.22075813742912356  0.25065159067376136  0.28173028979504905  0.30105723364798898
  0.31211340446914942  0.32376223648509811  0.33316218080565974  0.34049929424522879
  0.34969686460839067  0.36576231571916501  0.37814389343850119  0.38565877316908515
  0.39394176985095664  0.40106791354786886  0.40845297112824036  0.41803555727532715
  0.42568794987784653  0.43245347487079999  0.43939332857068342  0.44716195780338686
  0.45681895974848719  0.46760255679616530  0.48035342865852720  0.49619498395992789
  0.50899646400210019  0.51794068732280518  0.52426784724104680  0.53000332970826303
  0.53484188761601203  0.53950720050227163  0.54397247239589408  0.54620018775005241
  0.54908261137713965  0.55249126742093935  0.55601990650993771  0.55987801730946662
  0.56455168965769698  0.56914266535215918  0.57324887457632234  0.57728433533833023
  0.58202677289818228  0.58793573993261461  0.59414622668729389  0.59912801693225248
  0.60280068419310739  0.60649738253283680  0.61112444905343155  0.61592771588061157
  0.62034958793105199  0.62426714171767506  0.62694106873552646  0.62879044123492411
  0.63233190116829607  0.63701731283023588  0.64017846719108784  0.64261519088303964
  0.64531203314347751  0.64815506353330488  0.65095253265172870  0.65371846194301997
  0.65639934182968418  0.65914557371694393  0.66184063499504908  0.66459800684903991
  0.66791925407238417  0.67280011859062838  0.67720542320038324  0.68098826656783318
  0.68410146891801293  0.69102112830776541  0.70075513424239066  0.71250564107182912
  0.72217442850175217  0.73058877055763416  0.73727162998562368  0.74338619874412015
  0.75142032104825685  0.75928262937259028  0.76690161091216424  0.77435637112116895
  0.78311517741762959  0.79271214889672625  0.80397459181178288  0.81738808149991415
  0.83233341209094924  0.84741054966036478  0.86147161862765320  0.87284838099794626
  0.88515521151660803  0.89916735951948656  0.92451533628181459  1.00000000000000000
   5.5586407677669358E-008  -1.0000000000000000     
 T T F F F F T T F F F F F F F F F F F F F F F F T T F F F F T T T T F F F F T T F F F F F F F F F F F F F F F F T T F F F F T T
  <DiscreteSampler_grid>
  grouped_processes
  1 # 1 for a reference and 2 for a running grid.
  10 # Attribute 'min_bin_probing_points' of the grid.
  1 # Attribute 'grid_mode' of the grid. 1=='default',2=='initialization'
  0.0000000000000000 # Attribute 'small_contrib_threshold' of the grid.
  0.5000000000000000 # Attribute 'damping_power' of the grid.
 # binID   n_entries weight   weight_sqr   abs_weight
    13   10   1.077993439423592E-001   4.793090870232066E-002   1.077993439423592E-001
    14   10   1.077993439423591E-001   4.793090870232056E-002   1.077993439423591E-001
    16   10   8.751204219811445E-002   3.152397486319440E-002   8.751204219811445E-002
    17   10   8.751204219811443E-002   3.152397486319437E-002   8.751204219811443E-002
  </DiscreteSampler_grid>
