 -0.00020108788777186  0.02374302752862323  0.04336547756370529  0.06066038454112894
  0.07750067130878331  0.09384068243421428  0.10887859397277236  0.11831054434445110
  0.12780946735885163  0.13828866970349685  0.14789750333582877  0.15883580830683880
  0.16735753357908650  0.17832291568169037  0.19021168248362216  0.20158915005861597
  0.21881120314389987  0.23023657555296051  0.23566761685329851  0.24091003455934618
  0.24318471453230306  0.24578915534142526  0.24861248358192453  0.25096567275350595
  0.25791275635734512  0.26289471326096236  0.26732593689503342  0.27214321518714291
  0.27745176148899875  0.28366503840354579  0.28851891971179761  0.29373313154177161
  0.29937854631522809  0.30680879246638965  0.31608564074029050  0.32606131919892001
  0.33614006060609958  0.34832784134542638  0.36024011738788875  0.37220899179849926
  0.38463284931733904  0.39745786306518621  0.40913199316033488  0.42008953482383887
  0.43069068298113511  0.44368367810432829  0.45601917639802980  0.46702884578430259
  0.47835354457343005  0.49133758677917844  0.50600504431846638  0.52763583751967424
  0.54856969636066000  0.56836633327341013  0.58821917812052804  0.60988300279455532
  0.63401947154312910  0.65685961541786797  0.67800640224222386  0.69769507106731854
  0.71682106734998308  0.73583304838919672  0.75378096565857056  0.76780736814147987
  0.78133303633716278  0.79384809480499097  0.80482343593432470  0.81568516116327661
  0.82647354704050491  0.83445238286616996  0.84222577179867775  0.85030388353043684
  0.85835465877077843  0.86566261521156207  0.87269899989017519  0.87885461130944509
  0.88384157556084986  0.88839448387910835  0.89299730155250534  0.89827188023263627
  0.90445367326232651  0.91115653272477237  0.91756500591095480  0.92391356258964752
  0.93000662864398642  0.93832665308277696  0.94509712030637405  0.95242915377785620
  0.95980625139766762  0.96653183434720447  0.97111214397813561  0.97562101599936324
  0.98121693398774179  0.98823583678453109  0.99180637993857024  1.00000000000000000
 -0.00000490639187391  0.00016483355142832  0.00068197395487464  0.00187836291043481
  0.00405145206009237  0.00658824848604186  0.00984671437394033  0.01492172111334827
  0.01970890797487130  0.02385972589816388  0.02842375243024988  0.03315582651673096
  0.03797973250222599  0.04431329044177307  0.05476753022182861  0.06549798526778947
  0.07495131539060366  0.08384647558945905  0.09273956886452654  0.10238968527310660
  0.11291395441256920  0.12579311528680803  0.13906879413085624  0.15123190752883381
  0.16110116035394448  0.17057530489457076  0.17949274667561121  0.18874636805904280
  0.19880545639848476  0.21145202700078627  0.22854725648839236  0.24853587977197503
  0.27048704466181361  0.29244718627311944  0.30978199347822499  0.32394689414341632
  0.33627896857783063  0.35212696784434655  0.36411776547793212  0.37501816553385653
  0.38538113666146151  0.39612154220012896  0.40764208938226570  0.41947442888377173
  0.43060079551538261  0.44175809763495072  0.45286697388239461  0.46417152686271640
  0.47798076563435304  0.49434861553799425  0.50529818353016631  0.51544070754824034
  0.52457053978085832  0.53297725698595799  0.54386602460238131  0.55844140116160423
  0.57140887802128526  0.58170404350519089  0.59063207468721413  0.59956397272189998
  0.60961195613495911  0.62155397275842639  0.63086411214214766  0.63938759960823599
  0.64689241232687844  0.65201904127014954  0.65621383868274130  0.66061909562703613
  0.66513286765254276  0.67072532273966978  0.67808353391116016  0.68799318534737763
  0.70155536905213411  0.71479541377170674  0.72587999072269072  0.73525607172039054
  0.74389218476335472  0.75267305120385086  0.76159884117372978  0.77005667011499312
  0.77792700806841242  0.78528359315994822  0.79322472577468639  0.80181847074936741
  0.80988507938127563  0.81784906633205123  0.82566573218343320  0.83340092388667153
  0.84441497532503329  0.85431798809332571  0.86502181645208287  0.88034252781876343
  0.90025102375227628  0.92357644431760400  0.96023666080592085  1.00000000000000000
 -0.00477799784090402  0.01705661402546408  0.03324457910561966  0.04635337938877029
  0.05947282962889915  0.07342230749017878  0.08848933145413709  0.10447640254510158
  0.12080448767014405  0.13188992872951927  0.14279497989772039  0.15262449295151786
  0.16239135562832566  0.17267529649716215  0.18313286459672451  0.19553347563963014
  0.21514626309135693  0.23221270801123109  0.24864545109954642  0.26563349145965631
  0.28311892388136528  0.29669295249448063  0.30910766699464648  0.31473631560312604
  0.32034729299382370  0.32588088694226136  0.33107449609347672  0.33549574887545225
  0.33981235305715490  0.34518960490726525  0.35588077770366627  0.36630845670535866
  0.37674095810255842  0.38709969349648721  0.39327513657648450  0.40071559243884208
  0.40896062073822342  0.42044707881819743  0.43233448592834189  0.44718264533860974
  0.46556664877321485  0.48039805963646715  0.49132059773989906  0.50140506435738941
  0.51155049727111268  0.52231178113849930  0.53779657517972768  0.55478462189489064
  0.57218189988343870  0.58919815590429259  0.60396957413538699  0.61020528360430892
  0.61583333415407759  0.62128374006036990  0.62706458630196449  0.63192495862661513
  0.63663666241804240  0.64232673991577327  0.64800346497575279  0.65230237449976824
  0.65693446702700231  0.66195929246984542  0.66775660162712258  0.67731228000929322
  0.68750299430131434  0.69723533278907557  0.70665877978716796  0.71611076281061148
  0.72513621192570199  0.73022934168675002  0.73478861147396102  0.73922125214691381
  0.74683492953564279  0.75550508381158288  0.76318170688510212  0.77053502461842427
  0.77861303683830452  0.78721008475256260  0.79467239599253059  0.80269853920795398
  0.81044602448447656  0.81756020631825610  0.82413035845841287  0.83040151727697298
  0.84518315484450923  0.86651079170677570  0.87833673253265265  0.89094173541097033
  0.90313806295914534  0.91379080179983396  0.92632873545331773  0.93831156475450994
  0.94994773867878568  0.96372813661314860  0.98116935847176179  1.00000000000000000
 -0.00426635705846621  0.01400247746614004  0.02837398456916312  0.03919246443818852
  0.04901810028551517  0.05622566660630007  0.06312437693360366  0.06835991504289715
  0.07378564284800757  0.07910259668810868  0.08498124359237434  0.09159462170691880
  0.09795632750786835  0.10545273856850296  0.11501165314726838  0.12536150080480413
  0.13619028286069240  0.14727189342787289  0.15858466735349164  0.17050000393399473
  0.18737288171268907  0.20605037903677070  0.22233771438263036  0.23354486435337274
  0.23909687505923441  0.24496078993365686  0.25112457795294751  0.25796769711621820
  0.26457442343022169  0.27248197520608841  0.27956582585300882  0.28438628896657364
  0.28834090903093701  0.29801250565304765  0.31885946211398752  0.34173755151331403
  0.35490855851992786  0.36472937160901753  0.37291608280343919  0.38186107853687157
  0.39090123924131920  0.40305354903459967  0.41975215106078217  0.43886386007720446
  0.45741193117722789  0.46672902411772105  0.47399812347699888  0.48195599134766198
  0.49039227406042490  0.49849991842962682  0.50588546227557385  0.51350030828948334
  0.52526449074145454  0.54374105162029152  0.55711233887126699  0.56708045892077252
  0.57621443092326352  0.58599090246069641  0.60048920539683670  0.61852103084065091
  0.63632421848146259  0.65293602253335170  0.66486021963362407  0.67548116847855011
  0.68683758988901078  0.69894976106216200  0.71180547599497057  0.72552938785241883
  0.73874077285094841  0.75257610619893611  0.76709528812874950  0.77411261242838558
  0.77820158204569811  0.78243166315843671  0.78651367047895571  0.79210814217115089
  0.79959059672171073  0.80671368378501174  0.81352331600971595  0.82001092087668459
  0.82748536555356400  0.84191341098928130  0.85989097753083521  0.87416961483126898
  0.88742435329611569  0.89965511235324325  0.91003362623590567  0.92157674055667049
  0.93540330159082574  0.94861292874950609  0.95811771034806414  0.96557023550924914
  0.97253312567592898  0.97990988229787757  0.98903221319072432  1.00000000000000000
 -0.00547765217819418  0.01826640395996820  0.02854233179232757  0.03809937268924435
  0.04739384092633027  0.05589198110272552  0.06503329631745328  0.07343379775393864
  0.08138368761900928  0.08992811645594823  0.10231301406124682  0.11488474507386351
  0.13005691027314834  0.14913917314158018  0.16903617762125667  0.18787628639913886
  0.20872623460266523  0.22578954270944346  0.23731803094903273  0.24705530257821340
  0.25744870829968941  0.26661595087197182  0.27134790626820210  0.27579828564525632
  0.27996191782752494  0.28408661544466468  0.28780036554521488  0.29194629544735956
  0.29647452922904455  0.30222115739112854  0.30891817651388714  0.31578787211126202
  0.32232172069630377  0.32796310753176422  0.33223181845737115  0.34246360266629805
  0.35947441400923724  0.37787997799302381  0.39511064322137163  0.40918708356806888
  0.42252855023560304  0.43575269926953536  0.44937579895273611  0.46054538366094938
  0.47766555135470140  0.49440442447810495  0.50998801868729449  0.52342543081219650
  0.52942127397822547  0.53789923765466208  0.54505653490150163  0.55281664870420699
  0.56150986119447599  0.56943952386622676  0.57615672200425294  0.58015877638649394
  0.58526657542847338  0.59807584818769577  0.61069358418403008  0.62419585665098076
  0.63842195685424274  0.65147240828189934  0.66199000503912575  0.67361709238943523
  0.68668974956650031  0.70207269192027144  0.72038260894393724  0.73592631032452460
  0.74548559621369848  0.75503839296356612  0.76615629900515136  0.77746436214068115
  0.78841711342435927  0.80145921090842154  0.81536984196479412  0.82836134407316964
  0.83892083302361797  0.84988209022868488  0.85725053034951748  0.86413930743210554
  0.87029923314299706  0.88090128285922042  0.89391306350347310  0.90435709781274898
  0.91207863657962140  0.91832110323971428  0.92412875406319506  0.93014408306426044
  0.93721746420173668  0.94544408540919667  0.95433711556457790  0.96418264315975610
  0.97272530320266604  0.97795487332584174  0.98713025158623946  1.00000000000000000
  0.03646310708195433  0.73531464702542204  0.82481103866057359  0.87636963091941267
  0.90963644494013307  0.93004207644167669  0.94317797527133684  0.95225630015316987
  0.95881291949616898  0.96150570681419256  0.96384587150056578  0.96596067262993213
  0.96827091313693403  0.97048161762004048  0.97249197709682633  0.97437776710643498
  0.97614723545749804  0.97770552494992047  0.97918131947066189  0.98031330324284005
  0.98141326273112861  0.98244455165164202  0.98341689495601947  0.98440281489632420
  0.98541515933849866  0.98633212704943274  0.98717203863613578  0.98786644518825528
  0.98849102531380895  0.98910075275311116  0.98971825780420175  0.99027481021577313
  0.99081248990130799  0.99135009428119603  0.99190364283312282  0.99241793191113115
  0.99286430740584197  0.99325857264368111  0.99363782285182334  0.99400891536868496
  0.99435769691312481  0.99468811657000067  0.99502722974957070  0.99538354817511854
  0.99563312471494436  0.99586154269301974  0.99607337337753243  0.99627090860159873
  0.99647505335073672  0.99666885388019932  0.99684551809095090  0.99700747231819831
  0.99716898695529022  0.99734092546445330  0.99748697131908071  0.99762123089374966
  0.99775008129076848  0.99787187952715406  0.99799271972943027  0.99810118602439046
  0.99819365315025776  0.99828876845199022  0.99837575825271263  0.99845876747409168
  0.99853844382655732  0.99860904562977693  0.99867719830742918  0.99873771209872253
  0.99879747311920164  0.99885616398312893  0.99890786014797450  0.99895655578607867
  0.99900415214170901  0.99905111669108471  0.99909668593646928  0.99914082676575555
  0.99918607384695957  0.99923532920948444  0.99928382656773551  0.99932874996044663
  0.99937364984883048  0.99941410074340120  0.99945455163797203  0.99949500347172437
  0.99953545555142032  0.99957659792248765  0.99961824065531968  0.99965842724126819
  0.99969668601635819  0.99973500367082457  0.99977391131182491  0.99981281895282514
  0.99985500197942656  0.99989805466928472  0.99994769033098585  1.00000000000000000
  0.00934868307709463  0.12612221076420702  0.17584050562954331  0.21460378178672834
  0.24360128743206741  0.27361630566548351  0.29724746516289996  0.30885308444734993
  0.32121236633984074  0.33125417036903926  0.33811193464411315  0.34477001816061914
  0.35470091502878376  0.36912384264511550  0.37984267385533060  0.38790416950307627
  0.39463278051547324  0.40137228521718515  0.40848133268390913  0.41716869291654479
  0.42496292671270913  0.43268860650070939  0.43996715225771987  0.44891433372125417
  0.45882925117935963  0.47103104854760991  0.48549400662273462  0.50269096450605200
  0.50921399155530911  0.51574904852730974  0.52214655243304642  0.52772098310546789
  0.53403392337394251  0.53960621631899419  0.54326986599807836  0.54565039833798656
  0.54895740362466805  0.55211825719910823  0.55534427495202687  0.55902647988512111
  0.56327194321714813  0.56770559453956915  0.57200138327687655  0.57666892171746509
  0.58210394728929959  0.58829404246053862  0.59416371017148306  0.59882480413256300
  0.60285072258234940  0.60702640041663103  0.61192086175346949  0.61706978470014218
  0.62158928048847428  0.62469944701683378  0.62653062317217101  0.62930591427216764
  0.63310470342616032  0.63677704807116198  0.63947641605547290  0.64177789373350891
  0.64431088630014177  0.64700741693977071  0.64958775926417922  0.65214775599613539
  0.65474895847512549  0.65759342839419210  0.66034022699611461  0.66307394145168996
  0.66603002784226095  0.67026094224018928  0.67520098711109999  0.67950965361143312
  0.68307640947481740  0.68858473867341552  0.69750027761642619  0.70774727661347392
  0.71841054121732117  0.72734658573531441  0.73446448514845730  0.74279765485676152
  0.75160232769671131  0.76013701251028065  0.76799316153386465  0.77629225073240593
  0.78489663889158412  0.79345893156281400  0.80312588775436700  0.81677311516908691
  0.83071677721022652  0.84709380541091217  0.86106139847498553  0.87260303196746047
  0.88425615759391951  0.89928227540665784  0.92710917639622903  1.00000000000000000
   7.5522576121462455E-009  -1.0000000000000000     
 T T F F F F T T F F F F F F F F F F F F F F F F T T F F F F T T T T F F F F T T F F F F F F F F F F F F F F F F T T F F F F T T
  <DiscreteSampler_grid>
  grouped_processes
  1 # 1 for a reference and 2 for a running grid.
  10 # Attribute 'min_bin_probing_points' of the grid.
  1 # Attribute 'grid_mode' of the grid. 1=='default',2=='initialization'
  0.0000000000000000 # Attribute 'small_contrib_threshold' of the grid.
  0.5000000000000000 # Attribute 'damping_power' of the grid.
 # binID   n_entries weight   weight_sqr   abs_weight
    13   10   1.375996526800224E-002   7.586496986258693E-004   1.375996526800224E-002
    14   10   1.375996526800223E-002   7.586496986258676E-004   1.375996526800223E-002
    16   10   1.717200673220898E-002   1.183678426592960E-003   1.717200673220898E-002
    17   10   1.717200673220897E-002   1.183678426592958E-003   1.717200673220897E-002
  </DiscreteSampler_grid>
