  0.00008587062912831  0.01796818357115137  0.03266101454849749  0.04577215355146478
  0.05828372294147173  0.07050103429986002  0.08268821555211241  0.09524697110244409
  0.10838986724122164  0.11927586868040867  0.13138984108019458  0.14251666820640879
  0.15248624588086149  0.16159706169308982  0.17208086891720575  0.18284905191954123
  0.19388577095871706  0.20567894220603755  0.21747989498225234  0.22862137630713888
  0.23924686162323561  0.25013065359818054  0.26177206430805727  0.27261284452595091
  0.28247429876121583  0.29233813153504362  0.30205905492626822  0.31138415886318277
  0.32104278531675651  0.33212534249013087  0.34422366078118910  0.35511078619230418
  0.36536410012556347  0.37599532063332630  0.38617499451503690  0.39694425363943980
  0.40923380004630827  0.42294252904216145  0.43828515852208827  0.45403662226135399
  0.46984452516699232  0.48544136435823787  0.49950624345275729  0.51119468820103720
  0.52064896149302231  0.52852249567720788  0.53668731787118396  0.54440369368909047
  0.55171939947073034  0.55974495994055806  0.56777133666121260  0.57604046368162898
  0.58488115940566854  0.59420773411628036  0.60304174332269145  0.61168993400762561
  0.62101994521235282  0.63063076948560493  0.63960522816933296  0.64877514208058762
  0.65863852029422931  0.66796359064732180  0.67608346183090662  0.68376660186251714
  0.69136535252677067  0.69958102617122153  0.70707462181253122  0.71339135576278534
  0.72004061873116099  0.72754378098076988  0.73686549429575976  0.74848350314893530
  0.75991464580470003  0.77068764917450572  0.78035833334797111  0.78962047068023511
  0.79856400550015805  0.80742676725259677  0.81652636038968862  0.82529973375684640
  0.83388796630989026  0.84492823328056821  0.85614648819793926  0.86732478427247750
  0.87848244119043428  0.88933649396391501  0.89958245728143404  0.90979729816310528
  0.92030395306878554  0.93111443258973714  0.94169211595319435  0.95213936510592967
  0.96270218741021429  0.97367675579428892  0.98587040165637985  1.00000000000000000
 -0.00003950175113597  0.00094198850045202  0.00370535377199221  0.00765079391651241
  0.01108312781523848  0.01511645177677915  0.02169495163792700  0.02931485298234465
  0.03647078459163584  0.04321648857771125  0.04902072271447088  0.05511129004612540
  0.06202951426245303  0.06973033664755876  0.07813284966887643  0.08664723944239909
  0.09493203997992578  0.10240118841377151  0.10974311168184656  0.11732684300468246
  0.12543902730434928  0.13412454772600166  0.14398120182383853  0.15440766455793714
  0.16528547193742307  0.17674062519089387  0.18787112856637686  0.19766109070810811
  0.20619351092195076  0.21440672455813173  0.22290186715962670  0.23188734812452583
  0.24101931179470010  0.25012074810896928  0.25900474747173974  0.26740146507191098
  0.27595239349114808  0.28851559001875482  0.30261003764650435  0.31689963484093342
  0.33143132885679494  0.34617789660739462  0.36064783276793583  0.37499238529941242
  0.38917171845045362  0.40319489785713192  0.41702493792792905  0.42978173849302170
  0.44228572147029954  0.45486568701896557  0.46703780273422174  0.47726775666668825
  0.48725678202080419  0.49775052400098235  0.50898258156632392  0.52102955255800332
  0.53306497755245541  0.54469622152932451  0.55583165581417127  0.56707611236997202
  0.57779937176182672  0.58889128531010382  0.59991939317050003  0.61053231902193927
  0.62097190017309301  0.63186579692949207  0.64390027333939903  0.65621880804712029
  0.66785629610846053  0.67857355108862094  0.68866404985195762  0.69849830200135599
  0.70813220525278120  0.71774075635503820  0.72731193449130394  0.73676959966279532
  0.74624154175412993  0.75631220933593202  0.76721808913276468  0.77821760021556874
  0.78999685808542353  0.80195076453347214  0.81388413830961770  0.82523644379559646
  0.83722527076504083  0.84938984225333247  0.86088792700541727  0.87092881329168714
  0.88313286887636044  0.89934512806846456  0.91581442758285414  0.93248976852476717
  0.94911261603741759  0.96581682383312517  0.98273718425755174  1.00000000000000000
 -0.00267074482776375  0.00967738964771931  0.02156298981663000  0.03330131540848157
  0.04420621000388261  0.05474955000860922  0.06544891712886780  0.07585314179943958
  0.08554022180826140  0.09437965953978503  0.10540350682945902  0.12008724692703816
  0.13523331390267931  0.14694021234249682  0.15450243913554862  0.16185968298497852
  0.16884752851701856  0.17569818538535598  0.18279643312801519  0.18974980563995100
  0.19718404980530427  0.20453459048832937  0.21261431850771892  0.22170051686445350
  0.23092289181446890  0.23991905342055161  0.24899419882964985  0.26020067517022849
  0.27130675023309675  0.28210640164753875  0.29261112895206831  0.30278181373936985
  0.31307244438127707  0.32375212347245474  0.33445353685188117  0.34388421277900527
  0.35349629892502393  0.36368562755796424  0.37437444677428688  0.38553224728348406
  0.39902487589878788  0.41273390163253848  0.42503102542179999  0.43630887087322734
  0.44755625996400983  0.45939019477089044  0.47186803721367543  0.48235797394875168
  0.49139383968305556  0.50077265191275666  0.51024683573963781  0.51912958443946267
  0.52742110110346796  0.53554073831322058  0.54470679678488698  0.55829636348533485
  0.57279650912109126  0.58678438390710785  0.60110996824008966  0.61552477769163594
  0.62998334075418116  0.64429449873857247  0.65807663392365490  0.66874504437239513
  0.67614928390692852  0.68355063310317310  0.69114128677462261  0.69883623218818447
  0.70740672878444377  0.71598923754392041  0.72447716858715128  0.73338098360675441
  0.74352776079524363  0.75486177025830947  0.76696345097669050  0.77941737591773641
  0.79109507790549383  0.80114648064955518  0.81084032988757571  0.82040809558305794
  0.83053450933137674  0.84186112435452476  0.85408078516383168  0.86305257476395014
  0.87171719031759698  0.88054576875530732  0.89004799889108055  0.89974505893137535
  0.90902192247732849  0.91906188558828705  0.93170804287318565  0.94578945427318462
  0.95952945293444414  0.97324864276543988  0.98670430795700736  1.00000000000000000
 -0.00123500707480374  0.00630362445795428  0.01369243450569455  0.02107616645802114
  0.02884948333087212  0.03728468405258070  0.04637783729707095  0.05626494765734973
  0.06703520989555484  0.07771846148735549  0.08624558744061803  0.09245390621454541
  0.09901177480493424  0.10600534826053690  0.11289993800255688  0.11964903439302087
  0.12637456589803747  0.13354691398218976  0.14065866872445743  0.15080330624425334
  0.16449826355935282  0.17787131530476163  0.19062936662842847  0.20292263562442892
  0.21512835208881725  0.22734267390905899  0.23952154528605443  0.25196212817819830
  0.26490088913892734  0.27828964760321984  0.29184937580721826  0.30526606930097216
  0.31849748224363805  0.33188183123175607  0.34660620672964637  0.36292133417810213
  0.37965970362621115  0.39711213573927712  0.41347499075774879  0.42930243875662211
  0.44505089458103936  0.46098679001768406  0.47831273076904268  0.49577384389377532
  0.51172676655096128  0.52607499083689513  0.53940795789319362  0.55310090128011513
  0.56746808043424746  0.58182224128828985  0.59488096461216122  0.60796142298648426
  0.62172088405512482  0.63662258454795562  0.65053209862277417  0.66221978178880381
  0.67303793758786068  0.68391560458787581  0.69548161088208948  0.70700538621293807
  0.71583073317627099  0.72366448728814781  0.73172283922094772  0.74096913533697228
  0.74994150614830779  0.75823962785729870  0.76673532174848635  0.77828762600210821
  0.79135560944901773  0.80184952062881998  0.81056971254821331  0.81861904511756833
  0.82654901021961680  0.83429248323729832  0.84119980678363937  0.84798889488968665
  0.85526065168390097  0.86335081890536736  0.87127862455074268  0.87906311130978687
  0.88631523073940033  0.89321886241234005  0.90089037701820740  0.90967056454462947
  0.91878960717247948  0.92800983093587641  0.93595706517392629  0.94516711346773052
  0.95438522645626878  0.96243261112302336  0.96829273440770913  0.97384258089465459
  0.97952677391593768  0.98502982725443000  0.99018370714695159  1.00000000000000000
 -0.00144924695398887  0.00650135853237578  0.01562709891695182  0.02434297760086530
  0.03567184604635453  0.04636445285386801  0.05717601890438119  0.06817590499793574
  0.07928371643439280  0.08990607950091700  0.10058212369846446  0.11197854867986923
  0.12338552003513781  0.13438997186103654  0.14534995855319191  0.15687789454971962
  0.16866998072994432  0.18083273187849275  0.19367172644568550  0.20697833298040580
  0.22000002008037023  0.23258283825846052  0.24595794867805515  0.25964024761138027
  0.27116694293689453  0.27882445440360953  0.28497928265985767  0.29148099725624294
  0.29746211209586498  0.30374452703211879  0.30906868247001262  0.31428272358832465
  0.32115811291799468  0.32764530069060410  0.33397353198177526  0.34115199516818734
  0.34841972782178698  0.35810203739293617  0.37152355295875067  0.38671216333565678
  0.40009184683367138  0.41157696139037342  0.42231815885728996  0.43296737159187204
  0.44444136748392582  0.45642244752826017  0.46797908165126667  0.47950183212027137
  0.49140065027427376  0.50355642929638722  0.51566351724720305  0.52754133740746878
  0.53986451445781058  0.55243256788299944  0.56454291427793768  0.57746896807514925
  0.58991420984660459  0.60178994905037220  0.61429238576027034  0.62784580861988359
  0.64156256415267465  0.65478527397843056  0.66638896743808107  0.67524442818097108
  0.68385992003154195  0.69268786511408209  0.70219828623244007  0.71239525444925877
  0.72192289898549278  0.73167414006256593  0.74450256406794957  0.75738962733204918
  0.76900283872678465  0.77988588353413191  0.79040302917193750  0.80014364650459557
  0.81031837139998164  0.82059028843345283  0.83099760356932306  0.84022483154137040
  0.84864138650843790  0.85697391350084839  0.86511187719282689  0.87338518768152329
  0.88269438326482319  0.89275572370684475  0.90339906674229620  0.91424360534303684
  0.92608748704110821  0.93834080841597245  0.94854938854825321  0.95828884940544512
  0.96790287049863744  0.97698142213573569  0.98607843493950753  1.00000000000000000
 -0.08021967174647668  0.84122100238916842  0.91509920262502764  0.94433053258344091
  0.95872846939325440  0.96354949258484934  0.96754521597693799  0.97102332103661981
  0.97414111835815420  0.97688479954788565  0.97921226991720844  0.98112807818181835
  0.98285353201883141  0.98434642857605215  0.98566737111973313  0.98684809770765169
  0.98791738164332787  0.98891082361633231  0.98978021444793318  0.99055770658806952
  0.99126271521852094  0.99190574946502297  0.99249060505509523  0.99303769602757941
  0.99353186145828398  0.99396665513237537  0.99436291525381038  0.99472640009643210
  0.99505884321389326  0.99536413829002579  0.99564385062427840  0.99589945516656175
  0.99613892623884204  0.99635143948420335  0.99655406358716858  0.99674327015971786
  0.99691878706168569  0.99708346793378477  0.99724385220517309  0.99738882515113958
  0.99751500060370757  0.99763105352182646  0.99774266222570318  0.99785059629473383
  0.99795444262254251  0.99805301934051271  0.99813504969978162  0.99821219644368231
  0.99828762266339943  0.99836088767749220  0.99843100947249830  0.99849857645714768
  0.99856307602147643  0.99862309762810086  0.99868105697071641  0.99873480109330082
  0.99878052878439383  0.99882654077980360  0.99887278619848185  0.99891755125277548
  0.99896112858483055  0.99900375564815769  0.99904480671488105  0.99908516610426468
  0.99912328180040899  0.99915957860449689  0.99919536290267297  0.99923003852162906
  0.99926450446753068  0.99929869329026177  0.99932901890046510  0.99935924500614626
  0.99938894389933552  0.99941675495631499  0.99944408101912752  0.99947103666573789
  0.99949745020085823  0.99952290558808066  0.99954788420479157  0.99957229230065248
  0.99959556588061216  0.99961855495090690  0.99964164312363368  0.99966428702574706
  0.99968676348550922  0.99970951075379344  0.99973202879881340  0.99975439298110635
  0.99977678886888866  0.99979907122516998  0.99982123313824589  0.99984840269730901
  0.99987733487217334  0.99990863480444814  0.99995011233927711  1.00000000000000000
 -0.02038346490217401  0.12102655075654895  0.17606905013216476  0.21385476978670370
  0.24510781784626423  0.27319258194246560  0.29414654219796876  0.31227877569763512
  0.32927515228615017  0.34443376543323823  0.35793434847161332  0.37015854575649604
  0.38119448952609403  0.39001024134626722  0.39893074320660599  0.40721443657813194
  0.41509512081555033  0.42266565910464271  0.43020996024839314  0.43781164302716152
  0.44482379602357069  0.45112649415725364  0.45740929528666546  0.46384086413078579
  0.47056771392756103  0.47743652485685373  0.48375069088895950  0.48922079221352283
  0.49501868430854951  0.50073026078880190  0.50633968791022288  0.51187146121617877
  0.51742239102478593  0.52306129760261011  0.52849243436655391  0.53471150028964620
  0.54087732094437369  0.54747379022030829  0.55475769456114388  0.56261435306047758
  0.56666996509479750  0.57098322535245294  0.57512103260539094  0.57927962690527912
  0.58377566630579392  0.58843689760746776  0.59278725180191694  0.59717625424487542
  0.60150601493723177  0.60636146297091509  0.61142092437431783  0.61623661397411689
  0.62088189875158029  0.62598829819416124  0.63135978163455786  0.63699592977695951
  0.64272313135308257  0.64810771114160004  0.65306653006720583  0.65849488905884501
  0.66391985445613433  0.66947999488571008  0.67481006809708544  0.67984403852763997
  0.68467237611142362  0.68936285173198641  0.69398147376886143  0.69870020348392148
  0.70363079987701038  0.70854507402523048  0.71308937549580187  0.71731795718613400
  0.72150323434405739  0.72574136350547547  0.73016610568389340  0.73480114698927634
  0.73963709457132198  0.74457022627219460  0.74946773136107159  0.75442455139135933
  0.75960808791846912  0.76486159589516589  0.77028899045252330  0.77704975731430936
  0.78522855494436716  0.79357886879341821  0.80152361552748697  0.80984984255474246
  0.81911829580266160  0.82937978461601236  0.84052254517662828  0.85382113465860632
  0.87037334997660498  0.89095374031878405  0.92223935684280900  1.00000000000000000
   4.4741908516550571E-010  -1.0000000000000000     
 T T F F F F T T F F F F F F F F F F F F F F F F T T F F F F T T T T F F F F T T F F F F F F F F F F F F F F F F T T F F F F T T
  <DiscreteSampler_grid>
  grouped_processes
  1 # 1 for a reference and 2 for a running grid.
  10 # Attribute 'min_bin_probing_points' of the grid.
  1 # Attribute 'grid_mode' of the grid. 1=='default',2=='initialization'
  0.0000000000000000 # Attribute 'small_contrib_threshold' of the grid.
  0.5000000000000000 # Attribute 'damping_power' of the grid.
 # binID   n_entries weight   weight_sqr   abs_weight
    13   10   1.896873149165153E-003   6.555194937992812E-006   1.896873149165153E-003
    14   10   1.896873149165160E-003   6.555194937992877E-006   1.896873149165160E-003
    16   10   2.362472049332778E-003   1.018010960135888E-005   2.362472049332778E-003
    17   10   2.362472049332788E-003   1.018010960135899E-005   2.362472049332788E-003
  </DiscreteSampler_grid>
