  0.00124256941259448  0.01639542008569744  0.02923373224391755  0.04244356245357921
  0.05560887289440275  0.06719409130567100  0.07726859823368318  0.08730801073025451
  0.09758592088824056  0.10805495167340702  0.11907288419978855  0.13028742711186569
  0.14110852098329885  0.15187345807607810  0.16326913779139024  0.17524768410112881
  0.18623167694875492  0.19703452513223618  0.20784979420669941  0.21869247073053810
  0.23001602113818831  0.24089650840431653  0.25189027136088471  0.26279874416048959
  0.27305596221473449  0.28368593129159375  0.29496465435415631  0.30706970323995275
  0.31970305398167798  0.33103139245037078  0.34007608723613081  0.34858032413907458
  0.35726200526683982  0.36593241713552815  0.37410620259240451  0.38210088910515283
  0.39008061345452250  0.39892508461811743  0.41008656298948321  0.42099676409839415
  0.42783482611095280  0.43643950188432490  0.44451748734179142  0.45164840043992105
  0.45863425983912143  0.46575243813686312  0.47283827197323941  0.48303710264912880
  0.49771415852892614  0.51232062486588725  0.52351333230823183  0.53469932222953354
  0.54493388415411348  0.55494716957531831  0.56529853166714927  0.57643415778309959
  0.58770188569893489  0.59921297712026533  0.61091111100135609  0.62273950197575989
  0.63384177863521352  0.64587401559030544  0.66013349352325090  0.67066521542880375
  0.67942894484732697  0.68831197831182989  0.69709383670231018  0.70672549110977567
  0.71651484629609175  0.72591408501424393  0.73513260586105345  0.74421254585193142
  0.75300444192896276  0.76133800611443081  0.76958725526668625  0.77797473528459160
  0.78642446377489827  0.79659130881584672  0.80880944803271559  0.82227954396711078
  0.83550069691869400  0.84698683012944820  0.85776555314891023  0.86820723574063952
  0.87943708528880005  0.89284605047515753  0.90436130580100871  0.91403418099671641
  0.92378517348386324  0.93260889102884881  0.94110068036561467  0.94954790246985976
  0.95936528691695711  0.97165676962972358  0.98529837238073625  1.00000000000000000
 -0.00004717901099626  0.00099407530484664  0.00371773658678287  0.00770852532649607
  0.01291815464827647  0.01923042113258651  0.02575002879312906  0.03182810170387493
  0.03901643235622755  0.04791083771093026  0.05684609773655593  0.06622872608117802
  0.07623169567923993  0.08504315382173465  0.09368963141580655  0.10333251689320752
  0.11273893381115159  0.12288052405347177  0.13341611178827992  0.14421671811575784
  0.15531066189328643  0.16583919285635731  0.17479943190095004  0.18366327488071227
  0.19257504894858868  0.20144183546716196  0.21014692459667522  0.21856554148241725
  0.22671125061154496  0.23426896538005049  0.24112905866103121  0.24976610949124411
  0.25953035709230921  0.26923100113384962  0.28138564583668596  0.29501289892003474
  0.30844933580784523  0.32098478226080407  0.33245669115890636  0.34303085509583214
  0.35376391157906012  0.36380402680446278  0.37391005034363295  0.38397575283303331
  0.39313945738953021  0.40232175655199870  0.41175016617192695  0.42187129114160776
  0.43270325273901339  0.44335313556422196  0.45390443747584130  0.46441049579479970
  0.47504664249047246  0.48575470449014968  0.49646233116561062  0.50690345928309655
  0.51670799738957462  0.52643065796341537  0.53687304305938488  0.54853290739758809
  0.56084878850359943  0.57302224749068964  0.58522330857096327  0.59763070148646569
  0.60937278433638531  0.62016916151366586  0.63071478401905290  0.64144120094413870
  0.65236361550933430  0.66275632030614129  0.67576528975786110  0.68846171067776085
  0.70034419540145121  0.71206249326716220  0.72350247470765383  0.73480970697574199
  0.74620296383321161  0.75752882009038602  0.77028379538648584  0.78316317316031858
  0.79597697284838476  0.80843294482002492  0.82036734896887298  0.83210762185391618
  0.84401225662671797  0.85599136775630802  0.86790383222499068  0.88037082581103654
  0.89420788437505350  0.90908947909540483  0.92385446389585191  0.93872954629536254
  0.95378313562319639  0.96907972713515256  0.98457904382139561  1.00000000000000000
 -0.00428901631309822  0.01172084267878142  0.02749327219697389  0.04296206133436616
  0.05821684951697576  0.07352549236645199  0.08897039268578620  0.10307219311923722
  0.11667018847258522  0.12969796201745917  0.14172709387330104  0.15241073971619934
  0.16240747353475116  0.17296445918764133  0.18352138232954127  0.19368609096928402
  0.20348647445330428  0.21323292247726633  0.22404393863174010  0.23314745588604932
  0.23994708513592783  0.24704150659809640  0.25433130177760882  0.26168008188112857
  0.26941749413813187  0.27731788098294846  0.28524524856421257  0.29358923633971468
  0.30367842099976222  0.31449165376423827  0.32608719838259009  0.33619040466524253
  0.34440427852674627  0.35289700051317174  0.36206857728744307  0.37129382205520334
  0.37916633918058645  0.38589127428939446  0.39299817383314811  0.40053975372494238
  0.40783256759958153  0.41485675729884780  0.42166525174722669  0.42886609738957510
  0.43610956355480229  0.44585638377473830  0.45728371005479218  0.46890148735865705
  0.48010373747711144  0.49130072069380870  0.50212571724445343  0.51263633907800488
  0.52290325051568098  0.53271908938624224  0.54176802480151920  0.55023491886837017
  0.55904394506400390  0.56809150069486414  0.57774618051161775  0.58904090445031554
  0.60081716131489527  0.61118838291557165  0.62096960762156483  0.63026156324523419
  0.64012103841841017  0.65031602868777805  0.66001618879445811  0.67052646315929099
  0.68342767621190137  0.69653129966108596  0.70964012478572391  0.72150226677315743
  0.73241447936935467  0.74333407100225724  0.75347027138864053  0.76306935365539097
  0.77299977527758468  0.78343754958702883  0.79473112974896520  0.80643313276427930
  0.81916226406256654  0.83254384094008116  0.84638759492309157  0.86108911938281874
  0.87522607631196536  0.88817282749423065  0.90051292588824228  0.91243879533499572
  0.92372796062866991  0.93495952662112913  0.94720010338447058  0.95791618158054892
  0.96873511477624774  0.97881710207206840  0.98861920131044378  1.00000000000000000
 -0.00197885100058162  0.00814299614052205  0.01715599368701751  0.02627763327368746
  0.03566526425237463  0.04492624599512399  0.05368959486880644  0.06218514155345853
  0.07106318283818117  0.08065975876540737  0.09122873566248886  0.10324872210874295
  0.11535457424923132  0.12694152893184638  0.13808306107989693  0.14945936575038926
  0.16130606484913107  0.17261724890513003  0.18281206625510688  0.19304063122604911
  0.20324586688352250  0.21329806359375791  0.22258097451782732  0.23281976287552472
  0.24363753032079802  0.25385135660029778  0.26362476704075127  0.27469986556694559
  0.28785126634316333  0.30172415025364951  0.31553247094979736  0.32939479849541414
  0.34356944944312451  0.35813719943318156  0.37236059615113209  0.38475631526202791
  0.39692754552089332  0.41101883533353795  0.42517864451479231  0.43895955384438895
  0.45436123154724845  0.47141984290244360  0.48831290815257167  0.50479795830794272
  0.52001647306405818  0.53627220211126370  0.55173764936816150  0.56572472944090546
  0.57954908378186820  0.59367312243635295  0.60920798701995549  0.62373720861096749
  0.64178562663171790  0.65685719657456620  0.67149180451252821  0.68575968861401015
  0.69907343019130597  0.71110638508622670  0.72246067350297460  0.73383852831142027
  0.74525697022409121  0.75614078532659412  0.76647264554595484  0.77697497055328291
  0.78781423224614411  0.79896711063078119  0.81007036916620379  0.81950547529591666
  0.82874405807816798  0.83847896169553016  0.84780620408793539  0.85539977686553503
  0.86081888324886779  0.86643752347455549  0.87248455661742819  0.87832633019617534
  0.88412781163203324  0.88975351462667063  0.89602803768074868  0.90248849362349370
  0.90823011456837710  0.91386911979339591  0.91974627667302133  0.92598787923374237
  0.93179226291016337  0.93705042027499230  0.94230042968087047  0.94765886068351990
  0.95340966433990881  0.95921316918913246  0.96508243667924265  0.97046206859445361
  0.97554179025552323  0.98185313412619435  0.99030908048430999  1.00000000000000000
 -0.00216299242657018  0.00914505511059914  0.01890788311784268  0.02935285069105902
  0.04174010727061063  0.05137696878793901  0.06117046164329985  0.06868563632986091
  0.07663785497851885  0.08520718631863049  0.09461225418436528  0.10375378709563861
  0.11229116901065704  0.12058859189697273  0.13256197512510662  0.14872774100999661
  0.16454638020792911  0.17588877198001424  0.18611983385727907  0.19632212059208601
  0.20681734986323477  0.21793369145883776  0.22962909545843319  0.24327720400227890
  0.25709425978113432  0.26920233450139519  0.27701285696888628  0.28460025557399310
  0.29157749766004570  0.29740502695887194  0.30374377211706000  0.31142980212411048
  0.31917403922030946  0.32660137172912340  0.33445718006197334  0.34298881507796858
  0.35144393995381901  0.36169836591362214  0.37368346249694562  0.38595257964524660
  0.39847144954332131  0.41078388396924398  0.42290375050120210  0.43459742738679852
  0.44364207158162622  0.45183159518103067  0.46039089534578487  0.46777288946831402
  0.47525731967546841  0.48331713791102149  0.49197047694421947  0.50045268033987589
  0.50885885970895528  0.51766229961394572  0.52632858555910378  0.53456227081226049
  0.54265945310270713  0.55099179698336154  0.55774549959316533  0.56636108188876877
  0.57791532320626227  0.59071024457400823  0.60338149467489521  0.61577436967020005
  0.62770924795040040  0.63911954908316482  0.65077552826124918  0.66331639544799892
  0.67688294233980317  0.69114309290940412  0.70560856245745296  0.71963406649497197
  0.73238423724444934  0.74441770337001001  0.75715690871159691  0.76969960040083485
  0.78170980795862233  0.79387593030471848  0.80589718845459501  0.81736118528580359
  0.82774587556619306  0.83730329193659470  0.84687483449620471  0.85623689072639342
  0.86663705452818618  0.87755848705957606  0.88848647658766777  0.90051113307654185
  0.91411171685666504  0.92838681698170034  0.94211732202876031  0.95474385643563919
  0.96650393116500910  0.97808956506239997  0.98938055835721206  1.00000000000000000
 -0.06267052956876934  0.82755686432140818  0.91454742849277149  0.94583145016622805
  0.96006991910727391  0.96459827825664712  0.96861122767252683  0.97208321502499073
  0.97507497101626095  0.97776891230984830  0.97999796152101426  0.98179509342081184
  0.98338349884422238  0.98475930918270638  0.98601396622423787  0.98714216896189311
  0.98814009845103556  0.98904519412699354  0.98987209956551014  0.99061863270094874
  0.99128246889321003  0.99188363595382711  0.99244322538661900  0.99296418068519288
  0.99343416131772044  0.99385892790853303  0.99425880533532363  0.99463591087208203
  0.99498990322346970  0.99531871409368411  0.99560831399559302  0.99588373778873274
  0.99612890439458002  0.99635510729114618  0.99656576155180099  0.99676032781666091
  0.99692255729692580  0.99708266679831492  0.99723321264273823  0.99737404358618453
  0.99749767260842204  0.99761497501985763  0.99772841733833495  0.99783782424314649
  0.99794010377060782  0.99803382377415029  0.99812145790627915  0.99820048214483570
  0.99827781038927710  0.99835330751684570  0.99842545005617622  0.99849488299241707
  0.99856280142654330  0.99862955451487367  0.99868312521274760  0.99873457379546671
  0.99878295910488268  0.99882954939528390  0.99887573704395749  0.99892034464195012
  0.99896433490934256  0.99900741916333946  0.99904962401834518  0.99909097229725541
  0.99913121981024700  0.99917011006980072  0.99920774860703265  0.99924417809100108
  0.99927845765765699  0.99931167626356709  0.99934403677692030  0.99937424196037483
  0.99940334548305654  0.99943146845467867  0.99945892939690384  0.99948541417552594
  0.99951122514265600  0.99953678558716152  0.99956106441031634  0.99958451882845611
  0.99960783132778042  0.99963079663941778  0.99965346814737932  0.99967531857366898
  0.99969696165801913  0.99971839164735588  0.99973988070831632  0.99976136974678143
  0.99978284648467930  0.99980474383498219  0.99982717826594270  0.99985348528570028
  0.99988111258040835  0.99991114184975294  0.99995154486950699  1.00000000000000000
 -0.02641234725644144  0.13920524018052505  0.19414866247605245  0.24001834806879466
  0.27572027925222120  0.29841843564992770  0.31491693420466615  0.33019531219021914
  0.34417807137960937  0.35795526228347763  0.37100641995599165  0.38356944738228305
  0.39488426129811710  0.40501667079486858  0.41562570482288802  0.42535996579391638
  0.43441824962248404  0.44281499451004130  0.45084645057931622  0.45854704985799744
  0.46603373334234227  0.47348232050382999  0.48119436705184349  0.48896999809880304
  0.49607969218990566  0.50265621431164997  0.50899775161542604  0.51521022311422593
  0.52166633787113892  0.52850050873696397  0.53555330290398928  0.54281885153286236
  0.55010780994593733  0.55723351415473321  0.56410309916760148  0.57084263382486944
  0.57736560042578500  0.58351554387223992  0.58962455762711963  0.59569003196155779
  0.60169626904429752  0.60788180302350858  0.61416299255971574  0.62060740803271064
  0.62641992750207409  0.63164041374110380  0.63672480101561713  0.64175665449563124
  0.64640283444468294  0.65036287542626803  0.65412213267904562  0.65840491606029283
  0.66274357483259572  0.66687338140199270  0.67073255178358082  0.67454343852763299
  0.67838882097729380  0.68228063773778158  0.68625779796572861  0.69017601038777232
  0.69399718849143099  0.69780006299090480  0.70175866296734712  0.70605220286496218
  0.71087264462370769  0.71649164050267189  0.72241471749742214  0.72827193467706475
  0.73467479950530745  0.74102645960711411  0.74640607949693893  0.75090904157068439
  0.75476538381244496  0.75816831948662655  0.76221602712657954  0.76701083025519556
  0.77187450738951635  0.77670699558511302  0.78163036835187483  0.78648003063202576
  0.79133908441460077  0.79615315673128395  0.80117919425187389  0.80622975053449120
  0.81128888892118911  0.81845673911394468  0.82689562097955660  0.83571792702866021
  0.84444432361361854  0.85389101137195278  0.86365876733143310  0.87416323277782293
  0.88558714284185847  0.90130268649415002  0.92926653443660101  1.00000000000000000
   2.2799125622023658E-007  -1.0000000000000000     
 T T F F F F T T F F F F F F F F F F F F F F F F T T F F F F T T T T F F F F T T F F F F F F F F F F F F F F F F T T F F F F T T
  <DiscreteSampler_grid>
  grouped_processes
  1 # 1 for a reference and 2 for a running grid.
  10 # Attribute 'min_bin_probing_points' of the grid.
  1 # Attribute 'grid_mode' of the grid. 1=='default',2=='initialization'
  0.0000000000000000 # Attribute 'small_contrib_threshold' of the grid.
  0.5000000000000000 # Attribute 'damping_power' of the grid.
 # binID   n_entries weight   weight_sqr   abs_weight
    13   10   1.507145242966737E+000   4.981811113565564E+000   1.507145242966737E+000
    14   10   1.507145242966736E+000   4.981811113565543E+000   1.507145242966736E+000
    16   10   2.328179454663890E-001   1.184879439466500E-001   2.328179454663890E-001
    17   10   2.328179454663886E-001   1.184879439466494E-001   2.328179454663886E-001
  </DiscreteSampler_grid>
