  0.00000189698945873  0.01834417922191698  0.03245461255388288  0.04395179975415420
  0.05458684390350689  0.06516357900645689  0.07627555837276974  0.08827244056402705
  0.09971528056941613  0.10879939739653584  0.11634549133874075  0.12453580635704382
  0.13388328442992964  0.14240851504226690  0.15021959170507790  0.15814866729420032
  0.16828624763353311  0.18117122498839286  0.19333052219119023  0.20374054964507413
  0.21357208408399536  0.22375962611409483  0.23434585602419714  0.24484064551975251
  0.25487054524827912  0.26512933168088276  0.27582957308926986  0.28763638173287542
  0.29919226138952559  0.31061706899760744  0.32167241622162174  0.33183886127055445
  0.34252775908974747  0.35270026374109964  0.36322326423227919  0.37343392488511323
  0.38280074086490090  0.39239081828355832  0.40250020601269160  0.41366236480378338
  0.42508041631579757  0.43461058115004619  0.44490474304736360  0.45565617303496081
  0.46611703247934105  0.47729026405989483  0.48904442925919134  0.50025332001233747
  0.51036922485773750  0.51955091731949832  0.52823151482957253  0.53720990841785909
  0.54671372816440844  0.55664517673300384  0.56622127448462989  0.57516395755582239
  0.58380206287975234  0.59258328773954838  0.60240967897616693  0.61272828811870794
  0.62326377908769492  0.63389393344010647  0.64440780908558826  0.65437881201842485
  0.66769116914101523  0.68118200878484270  0.69421710790430202  0.70679696346922116
  0.71877766357692030  0.73053628906005186  0.74213840240806050  0.75304174247478850
  0.76384873952806931  0.77441732567889909  0.78497358793448901  0.79579643786757759
  0.80705958194811500  0.81811186261914015  0.82899774382456093  0.84136099666890740
  0.85334053185117653  0.86252981519638794  0.87027275631091994  0.87805357869451228
  0.88674968565515511  0.89598603434385138  0.90451312152399754  0.91299790884214471
  0.92180927930040790  0.93276279231926151  0.94381526060297072  0.95489086504800758
  0.96555750262048590  0.97560008308454926  0.98614772459149669  1.00000000000000000
 -0.00003778392599588  0.00086509341279867  0.00293225291429857  0.00603625305340114
  0.00932336162407933  0.01368213780458942  0.01837340149239116  0.02306951170090032
  0.02850865442479530  0.03521355463713402  0.04120339052570120  0.04704902898952183
  0.05285054972981323  0.05922776724126162  0.06594779365469690  0.07324383770501294
  0.08110796491732174  0.08893385502115729  0.09642373194667542  0.10491407475541759
  0.11436586464073550  0.12290234308770090  0.13155512895105967  0.14004772158317194
  0.14815616266319614  0.15585347836128655  0.16321081982616326  0.17033554390314529
  0.17727192448334336  0.18523182408321273  0.19364521471281448  0.20280034611090375
  0.21188807055531503  0.22064272894313325  0.22917315142329475  0.23756805783228094
  0.24581111003140965  0.25565905424847513  0.26700021461097184  0.27834529146318748
  0.28926387982655577  0.30010787697633012  0.31156705441850019  0.32408516542374144
  0.33508878411966081  0.34656842806338878  0.35828767119463267  0.36973448161306427
  0.38097317271448006  0.39222975260109355  0.40333246695454067  0.41502736956243147
  0.42846016152792082  0.44087823722218289  0.45265777085659925  0.46421784038537572
  0.47768608181405947  0.49141322392668796  0.50458949991141322  0.51753865007896227
  0.53027279951581696  0.54260863342316967  0.55534371171030472  0.56838795880269610
  0.58186483022744995  0.59531736464471308  0.60808146931360729  0.62045576208048581
  0.63238812140576317  0.64523609999248754  0.65767643424687128  0.67034311615492459
  0.68350327226223628  0.69721583296377354  0.71155084578812788  0.72659616062102994
  0.74147637444619729  0.75563238641864694  0.76908652481926143  0.78191781291725071
  0.79410780995207475  0.80624766836303097  0.81815427455452450  0.82970050997321221
  0.84173129594372087  0.85410623711518097  0.86645235943658172  0.87816608741097169
  0.89053136553262824  0.90596960945636562  0.92180975710085256  0.93805563982188478
  0.95378621275191433  0.96919313060358225  0.98461247507310168  1.00000000000000000
 -0.00249757185875443  0.00858514675520195  0.02039207519911481  0.03233885107960273
  0.04529874540009109  0.05887718922264189  0.07219668623771262  0.08414051849274129
  0.09427893567141364  0.10398169986961656  0.11484100392138116  0.12612185073972215
  0.13688850345031503  0.14755888818238927  0.15767809771238397  0.16750358724451364
  0.17713628416293498  0.18632841788612139  0.19494047224305075  0.20335851097592195
  0.21269500832914484  0.22402941563786566  0.23695743383014611  0.24997325613935201
  0.26225574169408744  0.27398926041021859  0.28484171108806949  0.29424071389406314
  0.30240306709068504  0.31089804207383631  0.32133693668753183  0.33348743515367896
  0.34658407678980729  0.36073227377309014  0.37558201834701277  0.39013936473456495
  0.40488631062762848  0.41797359750065860  0.43009087047223166  0.44071855977514385
  0.45002828246432419  0.45924032958773731  0.46873394698588472  0.47926192614622248
  0.49042125936001912  0.50153922597057377  0.51272046435505536  0.52405862195253383
  0.53538288338775653  0.54704194506284709  0.55905397636520004  0.57225500495135084
  0.58363763552477643  0.59182654565529458  0.59939119230610416  0.60757930670841576
  0.61701298072328192  0.62718446774658843  0.63620646556361793  0.64477913369128581
  0.65439619043203090  0.66430219681574143  0.67326537827336852  0.68197574477812595
  0.69120735149921730  0.70018501785225351  0.70859937707269904  0.71676802298003428
  0.72429540086027056  0.73329512395813379  0.74423439570033334  0.75388962567357132
  0.76242569398425508  0.77122206282101446  0.77974345517256327  0.78823727891001460
  0.79691053602945028  0.80569746378115681  0.81527538734234595  0.82713229814000599
  0.83897155336060447  0.85085293040048826  0.86278947493120950  0.87435654677251429
  0.88408599863952064  0.89360351567493046  0.90367341091233599  0.91434055113826485
  0.92492438466833893  0.93577076289895067  0.94864796305125165  0.96033744651066377
  0.97054703781322227  0.98042236094221580  0.98973269263537555  1.00000000000000000
 -0.00144593226831454  0.00794092396807521  0.01527871358501108  0.02238807901973927
  0.03006557513758079  0.03858071829737890  0.04806169248091941  0.05842850847027536
  0.06967129629758763  0.08161237080060291  0.09385183758431602  0.10574982024563734
  0.11819404555137340  0.12870158814679200  0.13943156871176052  0.15015393702162688
  0.16102890343686554  0.17197219354367518  0.18307086505857387  0.19382790108157447
  0.20447173856592168  0.21503476264488983  0.22556611963766224  0.23735456225814419
  0.24987042544896795  0.26255701856908154  0.27569737746786743  0.28961065423515736
  0.30373721221625993  0.31633530471954124  0.32724992642509265  0.33783969049920676
  0.34744936479367755  0.35651282794954603  0.36587706931562070  0.37572736265288176
  0.38611140672316890  0.39680767166917358  0.40774396422719456  0.41894384198013773
  0.43001331538510496  0.44046873952109705  0.45093757582085531  0.46089847823730368
  0.47254793312285298  0.48567518059048592  0.49900893426847043  0.51201874778747836
  0.52443881660534852  0.53624858920598162  0.54718228801842539  0.55965069763712516
  0.57233292761352716  0.58452351737337715  0.59683858643785892  0.60991062941979890
  0.62513576942426619  0.63693287602248616  0.64919322171033711  0.66182713057859999
  0.67404104631644168  0.68659087345561054  0.69931907388204995  0.71187875759222197
  0.72447376510466654  0.73608149917029164  0.74686041741929288  0.75709712025265619
  0.76711134894973332  0.77629954271713042  0.78513271275398755  0.79433855013563237
  0.80383551912697015  0.81469644693407128  0.82481381368986850  0.83502494956952722
  0.84507164629618858  0.85436814698620822  0.86349698384535478  0.87194929592576809
  0.87984862409862752  0.88827439068530556  0.89653915385305083  0.90400972902115651
  0.91272796662353761  0.92054610337046461  0.92753474761450450  0.93481339687348164
  0.94175275362878297  0.94917897199007739  0.95757700207772944  0.96630713715554706
  0.97480846759747153  0.98253217006832849  0.99127826517337025  1.00000000000000000
 -0.00350285181737607  0.01096956810275325  0.02520158354848601  0.03973655005161955
  0.05409172517566409  0.06675813742982006  0.07705790380799810  0.08689329979233057
  0.09718371096950464  0.10798315907809258  0.11947679094328392  0.13148650771055767
  0.14321604550885650  0.15427424364396680  0.16524281350114919  0.17574141340302932
  0.18679394535934346  0.19687140421422306  0.20523405718962126  0.21406650029819294
  0.22272422904071512  0.23184526145108786  0.24150538221089299  0.25225937425482597
  0.26399423586148302  0.27464827878658765  0.28433716813711163  0.29407846338689508
  0.30400804432566908  0.31376212589913477  0.32323299257944937  0.33255420679794051
  0.34288545733985715  0.35334058445931493  0.36332615215460173  0.37334925053776752
  0.38422721772203788  0.39506329482752406  0.40483464489898152  0.41421294238904549
  0.42357236613326049  0.43304509766306071  0.44194392138029193  0.45088680058029412
  0.46148011436895225  0.47463386103710625  0.48520562607917816  0.49470833469591541
  0.50400812078744850  0.51186322384099425  0.51981692569445226  0.52775833306958664
  0.53539431122257353  0.54307603709631114  0.55173269897842714  0.56043644570623963
  0.57041133172417535  0.58173616987887211  0.59229797475079116  0.60210728927212620
  0.61171683345105909  0.62146696497553178  0.63146036129399119  0.64100792751303604
  0.65168500179881594  0.66326183907639513  0.67447163870555249  0.68561884668822670
  0.69577540805732052  0.70565667464685522  0.71564123494740239  0.72652975760632887
  0.73892330167181741  0.75137470606480428  0.76295461513431018  0.77406906404196407
  0.78501775803520246  0.79657301548419945  0.81044234937822690  0.82669965902126319
  0.84109417105430595  0.85623074146241707  0.86987275183595691  0.88138463014218049
  0.89107757462713066  0.90031820796807183  0.90960551264071599  0.91892710152890011
  0.92910429481431944  0.94045673223524795  0.95146622039451856  0.96153620979330168
  0.97131539062173355  0.98072273756394246  0.99028440010273544  1.00000000000000000
 -0.09390283595671273  0.83171932721713160  0.90736022180685294  0.93804252010667288
  0.95510452695759107  0.96200147371368738  0.96627206507020114  0.96990699292600657
  0.97304784527062604  0.97589793449484130  0.97845573949727938  0.98047988042125589
  0.98222701889460862  0.98378269735828061  0.98519289811220012  0.98643622359769056
  0.98756087421932592  0.98856024071814252  0.98942811788369045  0.99022324659777561
  0.99096557525510864  0.99162235456936898  0.99222153548163639  0.99275539049524830
  0.99324310618764722  0.99369466925121408  0.99410511025159132  0.99447613972782511
  0.99482343928467631  0.99515213766481603  0.99546359734898937  0.99575611241110462
  0.99601179920433669  0.99624364967204371  0.99645989563908666  0.99665926581253372
  0.99683595033392980  0.99700607308809375  0.99716412364876394  0.99731303690543793
  0.99744745773395216  0.99757322477150168  0.99769400042862721  0.99781087702342375
  0.99792048443744397  0.99801409138990449  0.99810094063314181  0.99818455800192674
  0.99826508810766845  0.99834331072816151  0.99841955071514621  0.99849379115315884
  0.99856543605426773  0.99862471582836354  0.99868097805192235  0.99873364329415282
  0.99878308156439832  0.99883143972356636  0.99887850486671459  0.99892442785791868
  0.99896919920555050  0.99901280938591608  0.99905475435559843  0.99909518578487233
  0.99913446248343840  0.99917262741950508  0.99920875641041484  0.99924384898126539
  0.99927781044409869  0.99931000830668426  0.99933945279288994  0.99936820878250932
  0.99939659115996027  0.99942325926170472  0.99944965495323401  0.99947560518574030
  0.99950042866375433  0.99952490023837537  0.99954903486500268  0.99957252214908976
  0.99959536223439416  0.99961793874239668  0.99964036934396161  0.99966242475637013
  0.99968431844596295  0.99970613160132737  0.99972787135400965  0.99974962995405825
  0.99977209447201631  0.99979461597470098  0.99981719116539813  0.99984448253703073
  0.99987349603072317  0.99990535469667907  0.99994774857206203  1.00000000000000000
 -0.02262758714057814  0.13182900018347377  0.19279716047341197  0.23128889811122022
  0.26216175947848352  0.28696413979145791  0.30703857483553726  0.32360494482595836
  0.33874658086045006  0.35222375342044193  0.36531985832037017  0.37856902213144239
  0.39226733081479509  0.40544880311945219  0.41726838411661327  0.42737681679973633
  0.43574355665618958  0.44209180564794037  0.44782044094684287  0.45399928491022112
  0.46051293434881219  0.46668334746969375  0.47269454266489014  0.47846685732668709
  0.48381829040134494  0.48895147568910058  0.49434697985083337  0.49972373175268653
  0.50512826530960631  0.51017141667283972  0.51481012503715229  0.51915349736011340
  0.52423515572667667  0.52950935246579400  0.53506382909325345  0.54093922348238666
  0.54701157560133662  0.55281867998489265  0.55860509151857096  0.56421559899267115
  0.56978740714098897  0.57554585239701272  0.58118261146515005  0.58669831390902982
  0.59242733197389774  0.59819025952309990  0.60374393978673824  0.60897676898740993
  0.61404252480110855  0.61921964884018676  0.62449523815474162  0.62993135530737421
  0.63507932197987826  0.64006205106732483  0.64490747090137579  0.64949895238070277
  0.65380237418898979  0.65800490350553253  0.66229987503716437  0.66678087510773332
  0.67171323907463698  0.67739320523484026  0.68314069682433842  0.68831462767118368
  0.69354940516568897  0.69883410778495458  0.70419700951375008  0.70973392522327927
  0.71517323409764344  0.72044952581668564  0.72574631080308460  0.73083143681800666
  0.73587689925913058  0.74120829101092878  0.74670889524455009  0.75229133342879173
  0.75796114846234719  0.76344331838153845  0.76854012610436284  0.77359140870923992
  0.77864970389986055  0.78368758688857409  0.78914759967374037  0.79621057117288185
  0.80475861461211085  0.81383743091484850  0.82317891212609551  0.83289400222330623
  0.84276427870973369  0.85268899644644336  0.86266718120178387  0.87278446309037216
  0.88490983468413875  0.90046755325005190  0.92310434563157562  1.00000000000000000
   7.7370990720908172E-009  -1.0000000000000000     
 T T F F F F T T F F F F F F F F F F F F F F F F T T F F F F T T T T F F F F T T F F F F F F F F F F F F F F F F T T F F F F T T
  <DiscreteSampler_grid>
  grouped_processes
  1 # 1 for a reference and 2 for a running grid.
  10 # Attribute 'min_bin_probing_points' of the grid.
  1 # Attribute 'grid_mode' of the grid. 1=='default',2=='initialization'
  0.0000000000000000 # Attribute 'small_contrib_threshold' of the grid.
  0.5000000000000000 # Attribute 'damping_power' of the grid.
 # binID   n_entries weight   weight_sqr   abs_weight
    13   10   3.404088290083405E+002   1.068572197834149E+006   3.404088290083405E+002
    14   10   3.404088290083429E+002   1.068572197834165E+006   3.404088290083429E+002
    16   10   4.413569506495316E+002   1.796265141039609E+006   4.413569506495316E+002
    17   10   4.413569506495347E+002   1.796265141039636E+006   4.413569506495347E+002
  </DiscreteSampler_grid>
