  0.00171422529531209  0.01983714680262261  0.03512355821323312  0.04796518409520376
  0.06022836148518347  0.07232942318518304  0.08417194649078984  0.09553540285599663
  0.10665168438517110  0.11799867104289492  0.12935253048340326  0.14047818816693589
  0.15149320139613603  0.16254749235616595  0.17369529010789331  0.18497013581452193
  0.19662568401944872  0.20832023905582006  0.22012585066996335  0.23192300728484952
  0.24365730601822394  0.25490924378754665  0.26567133200841725  0.27634859489967500
  0.28703297303632286  0.29778101362713050  0.30852445672640616  0.31938813085890538
  0.33035550659678614  0.34143143320918207  0.35258486871583522  0.36388194807733254
  0.37511947460282247  0.38600236595962367  0.39661383807977801  0.40690495432445534
  0.41719241987488487  0.42756498402768622  0.43802575826465484  0.44875168486124906
  0.45956937789751084  0.47044570836071542  0.48124114838589926  0.49201888271854460
  0.50270064149356264  0.51312147514445094  0.52343466618774170  0.53388680604023342
  0.54429586372720296  0.55466232921858050  0.56506609877922231  0.57570074491491574
  0.58643903104690842  0.59731023656308690  0.60811838060404455  0.61863609587786694
  0.62890659059731369  0.63913111441519055  0.64957957810308298  0.66017603255947777
  0.67073385732974766  0.68136888008856844  0.69192658025163123  0.70244478714796010
  0.71257518803175157  0.72247186959874665  0.73230308965203295  0.74221234177654982
  0.75224794579718812  0.76251635273011054  0.77289747546545540  0.78336968654086159
  0.79373023282599342  0.80356870734767316  0.81311801088679458  0.82250269445117308
  0.83184693018092348  0.84127048209848854  0.85075496697467801  0.86047101200941079
  0.87033632774801450  0.88012781931794448  0.88987006549464676  0.89950122757225215
  0.90894249134252003  0.91842963158802282  0.92809673615023813  0.93749475964691864
  0.94647897102683953  0.95515049260887297  0.96345990673308712  0.97148231846859390
  0.97912084575795333  0.98608446962452134  0.99259455659571383  1.00000000000000000
  0.00000062424162565  0.00000072341091048  0.00000079164257471  0.00000086206380788
  0.00000093371034243  0.00000100938209056  0.00000108674366611  0.00000116533953782
  0.00000124701090404  0.00000132930883668  0.00000141767839259  0.00000151065128132
  0.00000160835390008  0.00000171072836966  0.00000181448945903  0.00000192051929596
  0.00000203132966016  0.00000214499979571  0.00000226419121873  0.00000238921760234
  0.00000251701161126  0.00000264900235016  0.00000279026078019  0.00000293576622336
  0.00000308522604133  0.00000324600547378  0.00000341816051597  0.00000359742415181
  0.00000378543424475  0.00000398790468007  0.00000419407309829  0.00000440900910948
  0.00000463524559703  0.00000487056517027  0.00000510646325208  0.00000536459681390
  0.00000562709718642  0.00000589437653492  0.00000617466284938  0.00000648541738024
  0.00000680057683148  0.00000712555486580  0.00000749353076729  0.00000789255084536
  0.00000831301210680  0.00000876458773934  0.00000925912744668  0.00000975390247435
  0.00001030930702531  0.00001091651166706  0.00001155880844124  0.00001225300368643
  0.00001301147552552  0.00001381923625521  0.00001473631144817  0.00001575108422790
  0.00001686435005151  0.00001811814117116  0.00001948283510161  0.00002101528004218
  0.00002264709773349  0.00002448299478057  0.00002644385767929  0.00002875973181406
  0.00003123533436656  0.00003414303923238  0.00003732702525837  0.00004114798689864
  0.00004561905873050  0.00005059886467957  0.00005625382189397  0.00006251114138880
  0.00006984926829970  0.00007869761091456  0.00008908916754585  0.00010106699668650
  0.00011436932346042  0.00012953324144983  0.00014706684748735  0.00016635091560279
  0.00018657376504016  0.00020843152891564  0.00023303530549654  0.00026680508152889
  0.00030983354671641  0.00036567741225187  0.00043487108775163  0.00054153361144871
  0.00074995485173869  0.00095757327188145  0.00109741624043998  0.00123715717816806
  0.00137073493520562  0.00149447503341966  0.03265114966716509  1.00000000000000000
 -0.00170008504089729  0.00670236253505595  0.01402887564421922  0.02128379826902453
  0.02867024349326952  0.03609250526548406  0.04347899891348887  0.05079962664019840
  0.05814247802439167  0.06563869845131584  0.07331612101545873  0.08116801879810891
  0.08917061495610691  0.09727868095362129  0.10550806247525242  0.11409398293349039
  0.12279497255761275  0.13136411704437373  0.13977914523036519  0.14845115449274909
  0.15727018675742355  0.16645568855827533  0.17599848288877504  0.18575930394332640
  0.19571916143246268  0.20574794235184735  0.21577135820873783  0.22589087902132080
  0.23587784515559373  0.24585413625008898  0.25609954587923689  0.26643500496915984
  0.27662876042558532  0.28660002665779633  0.29667467044759038  0.30680893716326019
  0.31723561180787807  0.32791720600040547  0.33947840975107946  0.35155757057432313
  0.36322141729864565  0.37454578437460145  0.38611148123778438  0.39791352582723760
  0.41007778436415521  0.42266049134911265  0.43557468657950599  0.44781393716938017
  0.46022166011101284  0.47253469079252436  0.48508823200840812  0.49776260576545123
  0.51075537529772064  0.52388325129612567  0.53683053141658421  0.54963127924113830
  0.56269045408267548  0.57624588496469809  0.58986441130264011  0.60300967433634312
  0.61580144358396749  0.62863466759391540  0.64177951613093032  0.65483642890680771
  0.66760425798822653  0.67997970719741707  0.69240202740803170  0.70494176858353641
  0.71732015159415796  0.72930061754566788  0.74077662287656654  0.75218720387570515
  0.76385505695921740  0.77582273268971758  0.78768941584923491  0.79914399014167947
  0.81036607921956139  0.82096741764656356  0.83166761292317815  0.84203341986695990
  0.85229987888644632  0.86267851640875914  0.87333061493016750  0.88397112631659580
  0.89458556706187764  0.90490136707274949  0.91512944149250997  0.92491936820681508
  0.93470191999030727  0.94425013295108928  0.95380050523575632  0.96308235087917760
  0.97226350935979611  0.98136856087593471  0.99060492501624231  1.00000000000000000
 -0.00242466058437938  0.01034603706351460  0.02097831437346578  0.03196251786230854
  0.04268163886474277  0.05257097820625487  0.06275210938393208  0.07314097817870151
  0.08316313853137688  0.09309219116727158  0.10287497221698361  0.11359272502099023
  0.12433197248977323  0.13482402638091179  0.14511020600134647  0.15538211579794745
  0.16585927509708881  0.17687925313788402  0.18777722083323989  0.19885608515780034
  0.20983400545637340  0.22087627601254825  0.23197946309020581  0.24262735188998510
  0.25356158300716097  0.26441410058677745  0.27524650108522242  0.28605321095692687
  0.29708837317116416  0.30807828418261790  0.31888592456246584  0.32969424263530367
  0.34049568106557793  0.35132258838774261  0.36189268669314395  0.37235264022964559
  0.38267671182100604  0.39277105330680823  0.40311190780883227  0.41356283913852410
  0.42436004407244005  0.43555893942881874  0.44663400877286230  0.45767808522444775
  0.46837716788487421  0.47896804493623030  0.48904757571930474  0.49902432709883376
  0.50881274817055988  0.51849968989187323  0.52806380185314628  0.53762975014598224
  0.54807860449742474  0.55878597105347083  0.56973938199234997  0.58062854744218551
  0.59150151974240162  0.60258180301596442  0.61360239896865099  0.62455705929918515
  0.63524021068555325  0.64570402080638911  0.65624513829263575  0.66684519250422092
  0.67762117921468834  0.68826208065201133  0.69877373773439666  0.70916628842628260
  0.71956746855564302  0.72985737753299695  0.73973384544161047  0.74936800085630551
  0.75960700864509811  0.77008473330566252  0.78090418054156230  0.79161896080966188
  0.80245484231943842  0.81341315224026878  0.82404648296826000  0.83486079602601804
  0.84520251396103274  0.85534241909983288  0.86549689897505910  0.87618027624360861
  0.88699042364386804  0.89728172563522535  0.90732825589485733  0.91742502327462683
  0.92766142000420959  0.93817424406378602  0.94863725242194241  0.95907633343317811
  0.96928975744824597  0.97958422435009496  0.98980959811488112  1.00000000000000000
 -0.00220096174078915  0.00962347822785437  0.01962806116644767  0.02981767091204630
  0.03983801434287354  0.04970517217374980  0.05969271219307808  0.07053156499831595
  0.08146480783777939  0.09300903857999572  0.10434921640043157  0.11583289011879362
  0.12675729348135029  0.13740208232673970  0.14817470230113253  0.15877467092730019
  0.16908692771998166  0.17895287786769626  0.18902568116751242  0.19942532174354405
  0.21016686585843955  0.22095653631776241  0.23181921996813301  0.24286645955065803
  0.25391559027396504  0.26482214247278085  0.27526678700342705  0.28560059721256104
  0.29593010199916930  0.30592386855189613  0.31588467004218773  0.32620620150005641
  0.33675826402248038  0.34746137719870984  0.35803020539692132  0.36850123190238310
  0.37890910725871457  0.38925865012398886  0.39994209950345566  0.41074673246674914
  0.42171049862217003  0.43272101538506147  0.44336922248964505  0.45389578972918887
  0.46425013554522854  0.47461336471423810  0.48515390422865562  0.49576132816574081
  0.50632972565741874  0.51667967112952351  0.52727610997154373  0.53812220678034484
  0.54909205593090582  0.55975832031555572  0.57040942454645061  0.58124197778140918
  0.59232126150856246  0.60340778665403338  0.61433079943232949  0.62508036228902519
  0.63567461404195302  0.64616001996930084  0.65677967688588879  0.66762596838722466
  0.67868765377142048  0.68990829003012666  0.70118511864523014  0.71189966711827191
  0.72209679947190075  0.73220169757174758  0.74244795695038845  0.75284844761122804
  0.76335600444711993  0.77381131753310850  0.78418096484688204  0.79453701858928860
  0.80490597256896179  0.81543156386735183  0.82600860626461592  0.83642091952930675
  0.84655984669984674  0.85667307603498333  0.86682734854954413  0.87707900020772667
  0.88733121139712212  0.89771431872650975  0.90809599086058179  0.91838208703877799
  0.92897713436195395  0.93954851223686520  0.95012002381755101  0.96017866483317682
  0.97036173550479565  0.98006335155109936  0.99005103790488880  1.00000000000000000
  0.04471525315409600  0.21160436222549567  0.29698574912121967  0.36496526074845065
  0.41393119508230819  0.44770721416371567  0.47064085012508416  0.48616515911237401
  0.49770914378425163  0.50749887062158716  0.51527750219772195  0.52167437947285855
  0.52783806834790015  0.53578151562880172  0.54154113139884585  0.54751916508234755
  0.55281362880984641  0.55809900126373180  0.56261772287599765  0.56694669119156971
  0.57100334629323490  0.57493598691637260  0.57858347656599918  0.58204811532678724
  0.58550797625196616  0.58910149063316497  0.59283438466272109  0.59646164483295405
  0.60011403187374590  0.60345134158118086  0.60665916650067719  0.60980805266661731
  0.61292323187556663  0.61605431543904488  0.61923256954111816  0.62239670664225322
  0.62558394599991018  0.62889138251372423  0.63220745905932518  0.63549911169274331
  0.63882684248536414  0.64221342939905135  0.64562184455694682  0.64907188886049083
  0.65251697622202720  0.65598655127723160  0.65950257654862687  0.66307733636746979
  0.66677191391612967  0.67059463648434547  0.67447906831819515  0.67835634423629010
  0.68223328753540036  0.68620958402873500  0.69029882360072548  0.69452126743163300
  0.69878029485575555  0.70309893959097636  0.70754959587966593  0.71215003718071634
  0.71684533227914737  0.72158069079593035  0.72635199980245013  0.73120657608897910
  0.73617042818981637  0.74120116137958447  0.74632133009678547  0.75157010703239935
  0.75704873749440527  0.76260673464917472  0.76823644746835662  0.77399270578952239
  0.77987616600958587  0.78581188360446008  0.79178450235605269  0.79811561682494025
  0.80457366396298802  0.81116260719621214  0.81813870515978016  0.82529286506836474
  0.83271252189635170  0.84038274298614024  0.84825871641535999  0.85635396975498013
  0.86467832496393693  0.87324693685581933  0.88219902666142536  0.89160984587110514
  0.90131521959429006  0.91163709332421849  0.92249500382158489  0.93425993980676003
  0.94704107194468512  0.96153748075124346  0.97913086817584649  1.00000000000000000
 -0.01143483566486348  0.18000753342306022  0.20727027476306920  0.23050210470733620
  0.24888407589449421  0.26461392787688665  0.27869240283695085  0.29127761812747693
  0.30316441494573176  0.31465693395598537  0.32608086796172248  0.33712440403504340
  0.34794228514887948  0.35845682880770280  0.36856532596695851  0.37853808146824558
  0.38831272503688546  0.39807564451655897  0.40757688991639118  0.41674272611798580
  0.42574804398220262  0.43459943367095566  0.44331719124412433  0.45202546654683867
  0.46071659751933125  0.46934918314682744  0.47790293350141794  0.48617932441852207
  0.49429579145549918  0.50247268307703630  0.51061836780902714  0.51867954135097627
  0.52661369758550647  0.53449403214320390  0.54238292017838619  0.55033874577049258
  0.55834972526407411  0.56613099596267080  0.57362653882928472  0.58095274942824304
  0.58813150399693115  0.59524884757365415  0.60232931547525614  0.60925717270379953
  0.61601647925843694  0.62266770775882518  0.62923331180413089  0.63574665426727728
  0.64221334444778511  0.64852207886481172  0.65443628709034440  0.66041343998874291
  0.66634089736950697  0.67216259759152086  0.67790381683334822  0.68351033661717975
  0.68908520692135333  0.69462343783315106  0.70029827317470073  0.70586578348356077
  0.71136089659931812  0.71674345472316958  0.72207049365012521  0.72735617175798839
  0.73263011601986738  0.73794531321153989  0.74333796535259744  0.74876539453418067
  0.75407646474389001  0.75924672992158515  0.76429637777397086  0.76928619809295984
  0.77429546462844023  0.77936935654206219  0.78450052353548438  0.78968704591172401
  0.79495602227422801  0.80029755996188934  0.80566702194547857  0.81115190764859557
  0.81680536006105597  0.82256963701218244  0.82836227505420945  0.83441568199337823
  0.84101457097109067  0.84785141018911647  0.85488418048444703  0.86204677333532131
  0.86950439302950422  0.87763343131236049  0.88667840177705626  0.89681215347717702
  0.90888852573922840  0.92416453993465197  0.94714470830469766  1.00000000000000000
   3.7741491696655176E-005  -1.0000000000000000     
 T T F F F F T T F F F F F F F F F F F F F F F F T T F F F F T T T T F F F F T T F F F F F F F F F F F F F F F F T T F F F F T T
  <DiscreteSampler_grid>
  grouped_processes
  1 # 1 for a reference and 2 for a running grid.
  10 # Attribute 'min_bin_probing_points' of the grid.
  1 # Attribute 'grid_mode' of the grid. 1=='default',2=='initialization'
  0.0000000000000000 # Attribute 'small_contrib_threshold' of the grid.
  0.5000000000000000 # Attribute 'damping_power' of the grid.
 # binID   n_entries weight   weight_sqr   abs_weight
    13   10   5.389388989371851E+004   1.318307278844393E+010   5.389388989371851E+004
    14   10   5.389388989371806E+004   1.318307278844391E+010   5.389388989371806E+004
    16   10   1.632880458474943E+004   1.196003083861744E+009   1.632880458474943E+004
    17   10   1.632880458474929E+004   1.196003083861742E+009   1.632880458474929E+004
  </DiscreteSampler_grid>
