  0.00302706499046067  0.01212407751897966  0.02233550567499960  0.03228669097682320
  0.04143629948202442  0.05103680735258474  0.05963643562991965  0.06857461073618341
  0.07808919958672768  0.08910898225671826  0.10071748664012611  0.11066048606022395
  0.11936774428037905  0.12792321053619016  0.13617372840131955  0.14532647255794254
  0.15541525255210203  0.16386015438554316  0.17322891641699908  0.18363260078709445
  0.19534724156809102  0.20721869404177176  0.21900666316848511  0.23088771923390336
  0.24395288390597189  0.25527785576592510  0.26548553006010422  0.27511501625788509
  0.28476173007777256  0.29515052911511186  0.30544826622240306  0.31564152006196206
  0.32707184219243940  0.33891182701484979  0.35106906902851920  0.36415271782115166
  0.37779828385949205  0.39134117359682546  0.40354439413760695  0.41413035029391759
  0.42382226788402722  0.43327192489242000  0.44325127994133479  0.45438376649360795
  0.46510531498934998  0.47422810060390419  0.48299733810551521  0.49201255467790977
  0.50216998937461688  0.51182158335653372  0.52100333305389168  0.53219874328088723
  0.54355166339239080  0.55558711138517591  0.56776780348138201  0.57726921736831616
  0.58723195612242196  0.59707717059602816  0.60711583792803947  0.61786389909477613
  0.62894898482785633  0.64056812931374507  0.65177517706837595  0.66294338174691236
  0.67369126297234194  0.68434663383675554  0.69550219275501801  0.70719297078409304
  0.71868082241949205  0.73067079457747186  0.74330229008056703  0.75558297520041218
  0.76680027746488466  0.77724105992768211  0.78834386359913133  0.80017101771979426
  0.81112069657694230  0.82162193095640335  0.83305425909911124  0.84617255135021630
  0.85942624594227135  0.87138636792377788  0.88235907567896743  0.89302518276174836
  0.90417344313344983  0.91528945766892567  0.92497451558804844  0.93334059128996216
  0.94212157623083159  0.95128528021889669  0.96016848601331495  0.96869985513064283
  0.97590614506015005  0.98289807883109281  0.99244663442869419  1.00000000000000000
 -0.00004332771327749  0.00091910547795424  0.00349285844088305  0.00710529099281870
  0.01169663717330710  0.01697303913945659  0.02359120651864544  0.03088299933951812
  0.03885786351161499  0.04663540674513464  0.05545282072174535  0.06420408643495108
  0.07221693657445052  0.08031076335326173  0.08889823287488642  0.09765718134192783
  0.10585904912656927  0.11399315495999086  0.12250193343241739  0.13084705926156701
  0.13919092642099201  0.14795285858548338  0.15834933356243849  0.17001034652922667
  0.18244037028363683  0.19445676899379979  0.20648543640774211  0.21870829032448780
  0.23095455476912724  0.24287572711819166  0.25424471638956492  0.26516017516326040
  0.27599356587541368  0.28711395058257971  0.29856128337468890  0.31008003786823912
  0.32152970530190328  0.33300586413801059  0.34469521140344550  0.35577746497941959
  0.36635613320563426  0.37707153457370068  0.38797468048541423  0.39913948366457436
  0.41052234055011044  0.42185177314640532  0.43305070208263180  0.44447503078616329
  0.45632662196493945  0.46817234876812219  0.47897765669378489  0.49006048228189053
  0.50125932888209979  0.51221777087196652  0.52276452992797229  0.53332585312103153
  0.54486921493192331  0.55637292742301558  0.56797067190105088  0.57959609984191385
  0.59111282629986384  0.60297948789157829  0.61525233450333228  0.62733511698051747
  0.64146352963957287  0.65576528043114402  0.66987505646490253  0.68230681825739214
  0.69314968779686792  0.70359125700511682  0.71352353553507331  0.72338860480128553
  0.73348058523523851  0.74436881276426725  0.75558615883106350  0.76658015381754485
  0.77740916147945538  0.78852899226475426  0.80001222246516512  0.81183714231552639
  0.82477820175150274  0.83789451943788584  0.85031915803862157  0.86191834404464684
  0.87300238492864179  0.88373536045334500  0.89429054970479172  0.90508318823489842
  0.91627409457385323  0.92777706757040757  0.93945548306111404  0.95109589778806780
  0.96292686770433877  0.97517793484978610  0.98755863863974935  1.00000000000000000
 -0.00196659076633927  0.00813170467766610  0.01702369382344010  0.02601623370344490
  0.03540809427042093  0.04595156147989206  0.05830416336828997  0.07043727536617765
  0.08228992740593997  0.09392205580443330  0.10526422069427720  0.11707706217260735
  0.12772945836943739  0.13878284844388677  0.14992488819576844  0.16100819475303405
  0.17217781955438896  0.18383488773733794  0.19572562164402654  0.20711713466991885
  0.21731626338918361  0.22656630544362949  0.23570317995083290  0.24564090744992875
  0.25598426828352211  0.26637034564995388  0.27991189147649875  0.29384250341863188
  0.30734218657205109  0.32141862520043835  0.33486352450236423  0.34617544976027093
  0.35736784506143410  0.36846969305821653  0.37936561469307239  0.38982775229594346
  0.40008153343149189  0.40867826959157488  0.41725443482758334  0.42599805918539002
  0.43547805967258896  0.44604002741617238  0.45688762961315366  0.46831058179053336
  0.48060333446621417  0.49309227091564234  0.50557127625745124  0.51820304534263117
  0.53053675116705012  0.54208963502244678  0.55287449577747638  0.56357366303457457
  0.57640441832812417  0.58947228772355142  0.60084451395200345  0.61201098511226293
  0.62346772547875329  0.63525364883207869  0.64776098224556911  0.66004898889129837
  0.67031360121134209  0.67878791154426732  0.68686368507047812  0.69567956573114031
  0.70540878180864852  0.71476075829407359  0.72381580791195144  0.73123836116554330
  0.73719008368761529  0.74403199921054042  0.75109143469303408  0.75800979362048482
  0.76471742046140934  0.77085429233705238  0.77694150778866877  0.78296936079422952
  0.78986971447506427  0.79984432914678238  0.81177425480721199  0.82325978893908935
  0.83428719165092402  0.84564619800848362  0.85722651153312113  0.86878703835584903
  0.88050402973809883  0.89214548019240414  0.90369259217399678  0.91442797145520283
  0.92368663379510785  0.93371506147441607  0.94365768007586048  0.95413851425440677
  0.96553845565586904  0.97751846119398966  0.98842438100497254  1.00000000000000000
 -0.00159159125500831  0.00743761699700173  0.01546868966775763  0.02411182822703746
  0.03326228774774205  0.04327499098065526  0.05322002634493873  0.06226231046265143
  0.07030930647936350  0.07815757900580404  0.08620521405701016  0.09538266826096435
  0.10604174417598893  0.11652192696420283  0.12665815623328688  0.13788465886126541
  0.15030441583067874  0.16292714003179101  0.17508809061850705  0.18614304085721650
  0.19814731554617251  0.20933986431424750  0.22108667002258844  0.23316170540456119
  0.24476309699753018  0.25518916250877866  0.26499356470622276  0.27529079941673085
  0.28498956075286563  0.29484525613804169  0.30638261194623906  0.31797215326321698
  0.33067615588499416  0.34461082343097310  0.35833206222752134  0.37250299515524116
  0.38791216752958146  0.40447245680796262  0.42100983730022501  0.43445525989017186
  0.44769732202266949  0.45952583681721204  0.46908883017603847  0.47872947663407078
  0.48817312385916689  0.49700529674797583  0.50643244823329980  0.51575769030640128
  0.52632005158589401  0.54094125680988447  0.55398369051960150  0.56620140497711080
  0.57810111536805464  0.59002967788075111  0.60036305745026808  0.61581115010398835
  0.62933614482459310  0.64165423373491615  0.65394554141847694  0.66713881818827370
  0.68027920384618312  0.69389262100315985  0.70779489064068857  0.72144309638660287
  0.73439482622296304  0.74639308270584881  0.75774061689910599  0.76864726334616718
  0.77903700455151981  0.78895827764489423  0.79867235686464733  0.80835364154231204
  0.81791559757134724  0.82784049407622573  0.83829185539694173  0.84908729659190219
  0.86041264371775350  0.87253799455431025  0.88476440721466720  0.89559053284831480
  0.90313649017069142  0.91089851317514881  0.91820489034634467  0.92473718986310982
  0.93141400495904647  0.93815079963634496  0.94464429926118987  0.95086066408488867
  0.95704667659844112  0.96197959202596550  0.96678977657296428  0.97257790775488417
  0.97869644907712083  0.98504611111226825  0.99208810316202878  1.00000000000000000
 -0.00238334855036649  0.00917044774092219  0.02085861110244460  0.03209643722163782
  0.04318351075695579  0.05607341957559851  0.06766268155484335  0.07795997766559368
  0.08794267595948443  0.09733580661389528  0.10605868356640606  0.11459484773672493
  0.12320078462686200  0.13260226662232491  0.14244597091709191  0.15390800232773544
  0.16555139457329318  0.17659595448985790  0.18745900003797844  0.19917112891577657
  0.21169080223713641  0.22359395208425342  0.23551709808786170  0.24771995958743215
  0.25992515262833144  0.27205954620298933  0.28413258203479402  0.29622956223401070
  0.30848414962825893  0.32065975228289750  0.33289795289297658  0.34499762927384359
  0.35716368144754868  0.36915060945462019  0.38002856932394896  0.38965907012673412
  0.39981610959559277  0.41032198123968860  0.41998594348513163  0.43075154286471362
  0.44196681982469632  0.45168272237398049  0.46230429209668072  0.47266671639264785
  0.48324344097500288  0.49418158639948184  0.50564118689091941  0.51976638196005265
  0.53409292574943346  0.54736495576151267  0.55942152641734666  0.57125076498208271
  0.58257906872339937  0.59182553463628440  0.60132502429534995  0.61073055180238400
  0.62068222483963764  0.63057714650322361  0.63864576388949201  0.64679976229894764
  0.65607885992081283  0.66798858180673759  0.68075824418576159  0.69347999653713388
  0.70494010745953772  0.71568487474128339  0.72663963192780123  0.73921593683585007
  0.75282582069295056  0.76512941741297846  0.77677889210589512  0.78825340396820232
  0.79771992216527510  0.80660028136394324  0.81679628172792562  0.82684661928224545
  0.83565219106538491  0.84249744612811117  0.84923698667938818  0.85555927061914172
  0.86232858164646631  0.86906933157369726  0.87615208356468877  0.88302727619007593
  0.88931093602392963  0.89571314033839011  0.90657380281344724  0.91786508136974088
  0.92927347989943321  0.94156826898934298  0.95140845192968593  0.96096291063858119
  0.97030905131597134  0.97919351664275944  0.99001767842154076  1.00000000000000000
 -0.04745963484884143  0.83030536421890921  0.91228936103295499  0.94340598088111616
  0.95867206483117007  0.96383873416581833  0.96809218197572622  0.97174338633998936
  0.97488722693022678  0.97768364844869016  0.98000864454427927  0.98185116785005144
  0.98350918260190323  0.98496454718043669  0.98629539861299809  0.98749742129741069
  0.98855263441380481  0.98948571603821156  0.99031683936637394  0.99105964590118079
  0.99173721525609182  0.99235214112501013  0.99290650871327102  0.99341063183700840
  0.99387108338772456  0.99429742794976106  0.99467111705673794  0.99501695616707941
  0.99532889617735520  0.99562758470341739  0.99589212996236920  0.99613530758273272
  0.99636712398392768  0.99657216979398677  0.99675885292892474  0.99693789246688702
  0.99710912171241994  0.99725911825897584  0.99739445174342389  0.99752162326620963
  0.99764378524547903  0.99776035071709368  0.99786998840413266  0.99797230197693265
  0.99806121685236349  0.99814554612971917  0.99822712144055137  0.99830655432558280
  0.99838359547203681  0.99845823586806859  0.99852964748567363  0.99859188529008314
  0.99864958326702913  0.99870215252516170  0.99875171850285549  0.99880001269634056
  0.99884734428158439  0.99889273637142328  0.99893678547340259  0.99897969846634571
  0.99902128445655258  0.99906103049794137  0.99909937569017138  0.99913650533917620
  0.99917272060327189  0.99920834446936291  0.99924226996110543  0.99927470595919099
  0.99930584344806195  0.99933590312405873  0.99936409967530138  0.99939167282280461
  0.99941902262460203  0.99944562438311324  0.99947204600148498  0.99949813813983479
  0.99952261077963722  0.99954675079503186  0.99957053673307472  0.99959343613670215
  0.99961587662138940  0.99963806316711423  0.99966018037185689  0.99968149415641361
  0.99970228949178030  0.99972313124555923  0.99974405556575452  0.99976505101356861
  0.99978683257580647  0.99980851965487672  0.99983007213534814  0.99985562077496348
  0.99988251739501521  0.99991117008557662  0.99995140083686618  1.00000000000000000
 -0.02516818088572801  0.13784628280372316  0.19746638373358552  0.23626721869310113
  0.26571146798352646  0.29123555240548760  0.31538215225528710  0.33614416798331209
  0.35145847677783432  0.36469161086945157  0.37718863115612083  0.38926740084927863
  0.40140378963781559  0.41385302008303554  0.42628180906734542  0.43769047077229734
  0.44523712353084288  0.45262501975744512  0.45903146423134128  0.46498846980604996
  0.47092174890855570  0.47715945243778946  0.48263888828202545  0.48799469501932252
  0.49334219035478460  0.49897026840902187  0.50512871643290358  0.51099363986127322
  0.51677555602763237  0.52289323322928050  0.52935702671080809  0.53623510543685093
  0.54311518670558323  0.54927366866866778  0.55542727832253558  0.56145863745394053
  0.56733631236814996  0.57282868337010195  0.57822286240608856  0.58350051199666197
  0.58879728067972192  0.59429201979693791  0.59990249137379803  0.60565726641399242
  0.61142133845868885  0.61750680935929347  0.62373181519081611  0.63005649750954718
  0.63644226960833827  0.64280027029137077  0.64863505737232219  0.65425973006802862
  0.65976270149226934  0.66522734879745948  0.67085016727505231  0.67673981987130516
  0.68250365184332029  0.68805353974288808  0.69333777393993212  0.69842393163957506
  0.70329758679611110  0.70796114838624946  0.71265145429632037  0.71751509454775364
  0.72243566665960424  0.72719592085041163  0.73142566603153081  0.73541148750798213
  0.73952704866951402  0.74341506528686363  0.74709767964751816  0.75086885165267536
  0.75398253962695894  0.75702404574234861  0.76003956198019285  0.76368689792171085
  0.76785379705889700  0.77205008659498753  0.77617532401507305  0.78051375409282508
  0.78522497313985251  0.78960900872341055  0.79490631331619832  0.80129902292694954
  0.80801916338317981  0.81477536058195843  0.82149404860794495  0.82847359268623366
  0.83650438608535294  0.84598910612616629  0.85620529184305116  0.86700240960354968
  0.87911353615417642  0.89637947984552602  0.92860905567255103  1.00000000000000000
   2.2672680553804573E-007  -1.0000000000000000     
 T T F F F F T T F F F F F F F F F F F F F F F F T T F F F F T T T T F F F F T T F F F F F F F F F F F F F F F F T T F F F F T T
  <DiscreteSampler_grid>
  grouped_processes
  1 # 1 for a reference and 2 for a running grid.
  10 # Attribute 'min_bin_probing_points' of the grid.
  1 # Attribute 'grid_mode' of the grid. 1=='default',2=='initialization'
  0.0000000000000000 # Attribute 'small_contrib_threshold' of the grid.
  0.5000000000000000 # Attribute 'damping_power' of the grid.
 # binID   n_entries weight   weight_sqr   abs_weight
    13   10   4.275208916303416E+003   1.806691583792234E+008   4.275208916303416E+003
    14   10   4.275208916303427E+003   1.806691583792242E+008   4.275208916303427E+003
    16   10   6.631539766397718E+002   4.347387340956032E+006   6.631539766397718E+002
    17   10   6.631539766397734E+002   4.347387340956053E+006   6.631539766397734E+002
  </DiscreteSampler_grid>
