  0.00183059351288285  0.01964200902797359  0.03479944683545214  0.04746189304563077
  0.05911792479713079  0.07059994074697204  0.08210488438926351  0.09369000503088187
  0.10520944026077521  0.11664896618620137  0.12806581484448207  0.13924821184725697
  0.15030997165240562  0.16110297196458545  0.17194921415242229  0.18272066728737735
  0.19333502472735983  0.20372970803938048  0.21407424400037547  0.22430073279710144
  0.23470957929406946  0.24513178921104836  0.25541456336914647  0.26566742246605174
  0.27594859213402473  0.28619678641068641  0.29606554122274870  0.30599881740484525
  0.31640376825688438  0.32747286278177029  0.33845699627347381  0.34916677663316426
  0.35980017711635526  0.37047611887577847  0.38108200108926915  0.39173259683335054
  0.40224193248521461  0.41259198343575099  0.42269374689526007  0.43262787753100768
  0.44268721595360194  0.45303410491539342  0.46363100421166614  0.47427572389234779
  0.48473403331411685  0.49517665155878215  0.50523294710314692  0.51515312622657816
  0.52505372020450736  0.53523451992813209  0.54570623588973699  0.55620785230718905
  0.56637453632950485  0.57641213294152971  0.58639494525034308  0.59682260847510449
  0.60741065724947074  0.61807763132723559  0.62878863572925670  0.63941562212192860
  0.64998176907140948  0.66044824221718756  0.67085972172895314  0.68122619320713251
  0.69128495178412253  0.70129860718277126  0.71176914960195026  0.72221523992333103
  0.73238613749807857  0.74237580392259694  0.75250329224843937  0.76284514119771762
  0.77305060653675173  0.78304252686406262  0.79301230397233358  0.80292599710432855
  0.81274936948669874  0.82248489554381699  0.83235800540605775  0.84258287602519000
  0.85283226496329101  0.86297901985929859  0.87311756787762573  0.88383395682533683
  0.89467025254883148  0.90538151457676463  0.91531306858441286  0.92439737672492672
  0.93345719060652488  0.94254324109867516  0.95177001564632302  0.96073202799197077
  0.96920169716626925  0.97683087523252965  0.98425280871926146  1.00000000000000000
  0.00000063626236601  0.00000082848377988  0.00000095042923713  0.00000106399717600
  0.00000117259304309  0.00000127974291481  0.00000139234068328  0.00000150964650171
  0.00000163156966420  0.00000175769087900  0.00000188981604102  0.00000203038276372
  0.00000217586755369  0.00000232560943758  0.00000247939063828  0.00000263577693512
  0.00000280198610404  0.00000297311091529  0.00000315194394370  0.00000334100449867
  0.00000354056660905  0.00000375196892209  0.00000398677706970  0.00000422002812852
  0.00000447314044264  0.00000474399387054  0.00000501792581891  0.00000530446845557
  0.00000560201851179  0.00000591299959067  0.00000624239821635  0.00000658488860259
  0.00000693449915308  0.00000730834567327  0.00000770895460311  0.00000811810552805
  0.00000854140837381  0.00000900367298203  0.00000949085763547  0.00001001360039081
  0.00001059191245724  0.00001121057678908  0.00001186972220368  0.00001258699678568
  0.00001336248724090  0.00001416970027547  0.00001505747502584  0.00001599902722142
  0.00001699583075133  0.00001812983770928  0.00001928144316826  0.00002059711670078
  0.00002197971669197  0.00002348538525314  0.00002525734377544  0.00002714811908626
  0.00002935681982150  0.00003167930166051  0.00003430740655443  0.00003710978301609
  0.00004027613551069  0.00004378455503265  0.00004781377468281  0.00005235850373968
  0.00005760901846810  0.00006342388389288  0.00006984191063065  0.00007681874066392
  0.00008453839393195  0.00009295700686202  0.00010215508765576  0.00011194581985506
  0.00012246776546019  0.00013392730903087  0.00014649870551319  0.00016072279114098
  0.00017572122396812  0.00019310827685750  0.00021352313633646  0.00023779051499397
  0.00026352587360344  0.00029095571650659  0.00031494475755532  0.00034453437977670
  0.00037750068616369  0.00041990726628439  0.00047021699297236  0.00052357617048848
  0.00059133978147965  0.00070575533358307  0.00087584416943139  0.00114356622839487
  0.00154428719258316  0.00186148261562513  0.06852446920628143  1.00000000000000000
 -0.00177204247610880  0.00710744952475609  0.01536792198109631  0.02343926810782086
  0.03137785235033474  0.03933747821382118  0.04725199832745817  0.05527247803197038
  0.06348282207211974  0.07158474881619808  0.07961046437081859  0.08779452316065137
  0.09640056991008149  0.10535497179094662  0.11468577713463218  0.12406552552995065
  0.13349946969020962  0.14292925356764988  0.15218928720087133  0.16172710951212813
  0.17118353807384634  0.18075203064697012  0.19013758801758252  0.19947371674979708
  0.20884822302824627  0.21821947566026334  0.22755005489600244  0.23682006232778915
  0.24617963076028393  0.25583397323415896  0.26587884107024973  0.27604954084498062
  0.28623324807717276  0.29630387063941604  0.30654468554411024  0.31713085300639254
  0.32794790991219858  0.33871868087000256  0.34939726359521106  0.36002444229487823
  0.37075633048987755  0.38159826460030138  0.39287819222173304  0.40427350163956632
  0.41587083872270891  0.42745535779871002  0.43875231270921755  0.44952581326202745
  0.46076145655938000  0.47286710543895666  0.48481040647265811  0.49634215863411946
  0.50813655083226272  0.52004035623220024  0.53181330122021864  0.54344004342672780
  0.55540013544260336  0.56774195968880736  0.58047256836644612  0.59303105566515535
  0.60574770801275113  0.61881669660916749  0.63178447184514031  0.64461176527472064
  0.65764833431609448  0.67071967792605491  0.68355422265388299  0.69596440829008843
  0.70804182320219944  0.71999970976918415  0.73185923561493638  0.74373773688517919
  0.75569855220969240  0.76763272824345963  0.77931062833266784  0.79046741508530782
  0.80223171896811030  0.81400531657708497  0.82550443341308122  0.83674057794577195
  0.84820537844143651  0.85928650221560221  0.87008087641474463  0.88036887545468900
  0.89075829125571071  0.90093750162141306  0.91110677044632860  0.92111178839936259
  0.93124066192593713  0.94122422529879579  0.95138803376658954  0.96143838325706021
  0.97148039316240964  0.98124507116941329  0.99061594082779914  1.00000000000000000
 -0.00219007419483610  0.00930432054265761  0.01906465348314118  0.02954101790284824
  0.03963712897916023  0.05010948200212676  0.06062026157121243  0.07097673572913306
  0.08110570838301498  0.09126351760610399  0.10157358706208293  0.11207266320234818
  0.12269653622240614  0.13378374728184897  0.14484549065484539  0.15579934406648099
  0.16638095541272441  0.17669186241068924  0.18696708741958157  0.19757017654527276
  0.20848840435014110  0.21948274893290459  0.23064171310217652  0.24203718800033153
  0.25351449295192119  0.26528979589359875  0.27653831078140811  0.28772794772581600
  0.29832221431457462  0.30895826193820569  0.31922825823278006  0.32970839275838854
  0.34070482550656039  0.35160896756741633  0.36187354207327521  0.37202182512547272
  0.38236674099588541  0.39292509392549108  0.40351190314959212  0.41404137019193177
  0.42459659758015095  0.43488621602822336  0.44513300458691307  0.45561416085848927
  0.46611852591495262  0.47663594204595067  0.48680525415074749  0.49697573696104363
  0.50704269240892064  0.51676447014062377  0.52672707661117657  0.53658846420161888
  0.54704796118254362  0.55785270480096938  0.56874876760781412  0.57959969993376947
  0.59055934441659608  0.60151355492383574  0.61231358822112403  0.62294062511928705
  0.63371700886802096  0.64383208444058149  0.65406782896066007  0.66434525459691873
  0.67462267201726900  0.68492520992493122  0.69509452810997896  0.70525057811144398
  0.71529927723250697  0.72511242813138321  0.73516130309084937  0.74551569947642882
  0.75648618843670956  0.76751560854488621  0.77862519455206325  0.78976487334016920
  0.80098282379661112  0.81189449401994507  0.82243473771505815  0.83304991252628768
  0.84385597512411703  0.85459864592331791  0.86535568328217904  0.87623340363526381
  0.88680555034650921  0.89727822335449703  0.90748822761594283  0.91803590907821120
  0.92817012382806396  0.93844496700313629  0.94903611432017343  0.95999781569864395
  0.97012096665954550  0.98013140008385691  0.98971986161459613  1.00000000000000000
 -0.00252401036367922  0.01077896879011081  0.02139000732900667  0.03202134544730414
  0.04248324113527756  0.05293158855612690  0.06329129304598925  0.07358369892100575
  0.08357112035107882  0.09371717711326660  0.10398415966955689  0.11486760771063219
  0.12592295526709743  0.13684271903089423  0.14732866255472227  0.15726889172146999
  0.16721188229502110  0.17717740599382412  0.18748803037435532  0.19783093068017243
  0.20804127288534391  0.21815648372292706  0.22842703741548481  0.23880023883160406
  0.24878288309523816  0.25824302629029411  0.26767448039611164  0.27751608014639945
  0.28801407915111749  0.29889587200436912  0.30961093500588366  0.32051220655870744
  0.33130919255258134  0.34253627177173845  0.35354974510983872  0.36429287817996098
  0.37479336826190773  0.38590376694765471  0.39671299600851356  0.40686308559668399
  0.41691200155083868  0.42765881840304881  0.43832516847230901  0.44881481493153624
  0.45925433919182307  0.47043462135719577  0.48167329351488952  0.49266226242144262
  0.50337740968683198  0.51413205352425329  0.52475437010501103  0.53524203196637565
  0.54575188064963542  0.55632462966273533  0.56693569965032808  0.57718758217840482
  0.58759051305416277  0.59813785987934787  0.60860055268223634  0.61923002446431619
  0.63009665230499934  0.64134338863237672  0.65247242828484875  0.66323246989506190
  0.67400191080537153  0.68461836149484845  0.69541152167412912  0.70655398675105674
  0.71674089993935286  0.72695468894521365  0.73687647485212349  0.74723475041328002
  0.75762830152721894  0.76818374863106487  0.77879605976630384  0.78973450200231210
  0.80024472801348712  0.81061710501611284  0.82072579887208086  0.83050948004937430
  0.84063607062996659  0.85080068621003435  0.86127734185950122  0.87176583706170552
  0.88236757177691605  0.89331411458167809  0.90413380057293602  0.91518476296988549
  0.92606659212629283  0.93741961277626884  0.94847117438381057  0.95931463011088380
  0.96945738557411909  0.97951636531108888  0.98961932255592377  1.00000000000000000
  0.06284588224919678  0.16744270439002568  0.25233989544991253  0.32196618882423567
  0.37827331816775484  0.41934539005435134  0.45033411425020525  0.47463108854968072
  0.49217509969415169  0.50283244111695258  0.50968832515836449  0.51546911430483966
  0.52657003908677769  0.53314358589752775  0.53771498344973545  0.54246910448893326
  0.54618659266381575  0.55067495733958616  0.55604328625925714  0.56105531976638900
  0.56603893019310925  0.57043619554384262  0.57511817848511171  0.57896912298864622
  0.58258600188054299  0.58599120412003292  0.58929540148682702  0.59259403221298779
  0.59568670391090461  0.59869042757296498  0.60166432254978253  0.60452346090703901
  0.60736190266937951  0.61018064417100037  0.61298859839048592  0.61587259447839959
  0.61882528696181438  0.62177024332856423  0.62476332520839950  0.62790421717359945
  0.63112178380018813  0.63436522672210893  0.63761864916076127  0.64084585891609558
  0.64413768756723444  0.64754149182572862  0.65106881184394605  0.65469311842152145
  0.65833573110309984  0.66193017013846056  0.66562400229323881  0.66941259397549224
  0.67343125159523343  0.67753242255177626  0.68164610357402644  0.68578408260744972
  0.69001891930865855  0.69437313999315597  0.69882811281714430  0.70339564895222639
  0.70808175349745772  0.71284011877350062  0.71768271331436040  0.72249428775293756
  0.72733401368008721  0.73227296492154426  0.73737780598286451  0.74261203033477352
  0.74795323868138797  0.75352641377596274  0.75924371913680377  0.76505293330906410
  0.77100698020407554  0.77714067996851222  0.78336145350625852  0.78963922765912031
  0.79627534467312699  0.80313784634529561  0.81013443028591736  0.81751969818069370
  0.82522978025357729  0.83326225077954197  0.84161445109745536  0.85025931232534202
  0.85925706242503164  0.86857047902077433  0.87820401727269015  0.88825859494508985
  0.89859364706894085  0.90963311067963015  0.92159611192428004  0.93400304540786561
  0.94714279940553814  0.96185750756562438  0.97961705346111250  1.00000000000000000
 -0.01902686722858017  0.11568528315508930  0.15941586278776543  0.18637475264512871
  0.20793766472450720  0.22627504970808054  0.24237654957050261  0.25682645683144167
  0.27028673653834828  0.28298276192642091  0.29499054165789662  0.30641371675457096
  0.31748991385868253  0.32861538923215655  0.33980315307962122  0.35053855865705513
  0.36083067389043277  0.37098820396023802  0.38109817798658652  0.39081149053011760
  0.40033099027606045  0.40965696367074173  0.41882202715205180  0.42759204631091963
  0.43616770070121408  0.44436548788176755  0.45242877113332597  0.46039401752210279
  0.46830998668444063  0.47616078019088104  0.48383553931203943  0.49134896554788082
  0.49881758900517492  0.50623798648799467  0.51352320113442840  0.52071954903368567
  0.52772661629697626  0.53464667020684686  0.54142682244545615  0.54807204621998240
  0.55480468643016256  0.56150885403933981  0.56817981230176229  0.57466538263410971
  0.58116288587875986  0.58739202378306199  0.59356834675917691  0.59968739555638506
  0.60591133846827971  0.61212008081205926  0.61829047166105067  0.62436681269547123
  0.63041637498784797  0.63641541364002441  0.64230521494228709  0.64820476410922767
  0.65414326742355033  0.65999362289188046  0.66573635830151434  0.67144444614063814
  0.67708055677735723  0.68268847509075548  0.68826660497261694  0.69395035758044765
  0.69970158546054406  0.70545742226857999  0.71097775465096513  0.71634071423237466
  0.72169639835517652  0.72712271210754076  0.73273968569303738  0.73849152246649963
  0.74420327613163839  0.74985565251807818  0.75552055251026362  0.76158025949231267
  0.76798453646275977  0.77501743595067207  0.78196480863129414  0.78897730618161188
  0.79636906379391692  0.80386698680406854  0.81147470551501788  0.81909127692681338
  0.82618716965146310  0.83313786780907140  0.84035549863423986  0.84770894554418208
  0.85523706098799190  0.86339657170748640  0.87209162304132359  0.88210905063098932
  0.89532668475158983  0.91250130166926269  0.94851551799808431  1.00000000000000000
   2.5912801592760229E-005  -1.0000000000000000     
 T T F F F F T T F F F F F F F F F F F F F F F F T T F F F F T T T T F F F F T T F F F F F F F F F F F F F F F F T T F F F F T T
  <DiscreteSampler_grid>
  grouped_processes
  1 # 1 for a reference and 2 for a running grid.
  10 # Attribute 'min_bin_probing_points' of the grid.
  1 # Attribute 'grid_mode' of the grid. 1=='default',2=='initialization'
  0.0000000000000000 # Attribute 'small_contrib_threshold' of the grid.
  0.5000000000000000 # Attribute 'damping_power' of the grid.
 # binID   n_entries weight   weight_sqr   abs_weight
    13   10   3.177554744454465E+005   2.806657774074982E+011   3.177554744454465E+005
    14   10   3.177554744454470E+005   2.806657774074998E+011   3.177554744454470E+005
    16   10   1.045122749303209E+005   3.129490551057747E+010   1.045122749303209E+005
    17   10   1.045122749303211E+005   3.129490551057764E+010   1.045122749303211E+005
  </DiscreteSampler_grid>
