  0.00189873368265049  0.01883824349693020  0.03305399282365216  0.04505261941604289
  0.05656577160182742  0.06808858205078495  0.07963963515507894  0.09122330770101457
  0.10278241542106270  0.11394026948006200  0.12498658195210864  0.13608237994950795
  0.14701822529248054  0.15748937200907137  0.16792048267291154  0.17864902670712896
  0.18941746886056965  0.20007004307826481  0.21062192371435853  0.22113581156913220
  0.23163196737282338  0.24211446394116021  0.25283169807244382  0.26377785185087249
  0.27473693513700675  0.28569199230703007  0.29653148418741304  0.30722492247911098
  0.31786656948628794  0.32844421434093762  0.33902230190733379  0.34946965110437339
  0.35966336541200605  0.36977555957383729  0.37998441375749786  0.39014267493061722
  0.40018772597428953  0.41027327531330393  0.42058806148219779  0.43122323962324094
  0.44189032847176285  0.45244827845673785  0.46326590756757735  0.47423550783878793
  0.48490980895871350  0.49539580052043714  0.50596069896847617  0.51663082281130324
  0.52733267894366698  0.53808841581032718  0.54908586650220470  0.56003389781756896
  0.57060780865889715  0.58093359092401609  0.59124008791847016  0.60164905205237906
  0.61222279465791207  0.62292302729248128  0.63366444250581200  0.64447221983642267
  0.65515232609194451  0.66574513712312722  0.67619561773694459  0.68664706249657670
  0.69714936119778692  0.70769169570695289  0.71784898054877577  0.72769135713419419
  0.73736562672349637  0.74700531157429029  0.75683241874958151  0.76686004703900601
  0.77722092298178225  0.78791062933610645  0.79879236044105684  0.80971173186690637
  0.82016188426704639  0.83033138168879816  0.84079280086976582  0.85139049701023495
  0.86162273293049474  0.87151968484202769  0.88136859862566697  0.89097911215325165
  0.90051837301484228  0.90989364812391393  0.91923138539355576  0.92821272113413311
  0.93678992423652785  0.94523696315939709  0.95367767147712446  0.96198427940313369
  0.97012202077190035  0.97773296633065510  0.98518222014272205  1.00000000000000000
  0.00000067295277450  0.00000079404058305  0.00000090146557536  0.00000102005720053
  0.00000113917604829  0.00000125404186978  0.00000137310808813  0.00000149968410123
  0.00000163146611375  0.00000176655225107  0.00000190370969169  0.00000204525279584
  0.00000219419070785  0.00000234900988961  0.00000250991332556  0.00000267810445622
  0.00000285525089247  0.00000304099076576  0.00000323349442391  0.00000344384075923
  0.00000365639145431  0.00000388384479500  0.00000412409465947  0.00000436981613582
  0.00000463513225853  0.00000490408349295  0.00000518665389068  0.00000548406705502
  0.00000579428005105  0.00000611731084093  0.00000646024375756  0.00000681737488094
  0.00000718822402696  0.00000758940531326  0.00000801511529971  0.00000846885314523
  0.00000896138021639  0.00000949046978227  0.00001002576035234  0.00001061922925574
  0.00001124457245168  0.00001191770751510  0.00001266958827095  0.00001350213072276
  0.00001438510679173  0.00001540282994133  0.00001645762621398  0.00001761968351822
  0.00001888330595058  0.00002026098697533  0.00002185748275418  0.00002353230281252
  0.00002542846122643  0.00002741990507178  0.00002973152008149  0.00003223227104145
  0.00003512016254348  0.00003841352557845  0.00004213791592380  0.00004628935679137
  0.00005067844851061  0.00005554859906276  0.00006089080100470  0.00006688573845338
  0.00007378306393492  0.00008153679968620  0.00009015523862472  0.00010011095449666
  0.00011106052717378  0.00012354942476791  0.00013774706576374  0.00015391151167913
  0.00017114382595331  0.00019155773015822  0.00021189350555184  0.00023219009580742
  0.00025501861304581  0.00028185294761030  0.00031022114752317  0.00033733374873111
  0.00036849946729589  0.00040254654042206  0.00043665970814270  0.00047543117597043
  0.00053028622981125  0.00061379514155318  0.00072424121223728  0.00083784614830805
  0.00096688716712517  0.00111999149877024  0.00128128878917000  0.00144906883872473
  0.00162484806634837  0.00181791742354081  0.01576501035504875  1.00000000000000000
 -0.00209530253041019  0.00675105963387535  0.01459639653441842  0.02211330097159013
  0.02946072699550388  0.03676699144544509  0.04402078797121827  0.05121182349004152
  0.05839935679923719  0.06567739957638248  0.07309610241601874  0.08072618874848901
  0.08884444803479129  0.09738329287853544  0.10582135385585151  0.11448471960006092
  0.12318311050057620  0.13192050401525224  0.14064526001744973  0.14918681694122396
  0.15801855451917379  0.16724242981689563  0.17666344283241792  0.18625994860174888
  0.19600145407813688  0.20610302732283467  0.21639329344749050  0.22671040065770881
  0.23678018884299767  0.24691666247218605  0.25718158692042054  0.26760411168552861
  0.27778741920338762  0.28796123071010338  0.29842914432919682  0.30933481663331364
  0.32037244545248689  0.33155135570306243  0.34269332387338225  0.35381743815042632
  0.36510068421975472  0.37652631548610122  0.38785320796045852  0.39929939187355384
  0.41068282021363789  0.42192792058277689  0.43330282937637249  0.44503469353528358
  0.45690179189991276  0.46846091327160178  0.48005192564142224  0.49209764667668127
  0.50460287785693192  0.51740013099909432  0.53027401384166684  0.54300882355308233
  0.55557472925587170  0.56826162390602863  0.58110684249046707  0.59364100525017316
  0.60608933353390759  0.61856685049460036  0.63114835381524026  0.64380728585526348
  0.65646463363443930  0.66933081768948166  0.68259912669944089  0.69511035169320179
  0.70666628321615033  0.71815127026713721  0.72946992781582032  0.74101907630224850
  0.75242477146075204  0.76431694066316325  0.77611642273740178  0.78809490519780345
  0.80001976456232693  0.81156967876209862  0.82294712273115456  0.83408756842455145
  0.84523079493599695  0.85628542368352545  0.86722814201255582  0.87807938360422000
  0.88870429152607444  0.89922837207850437  0.90958022897038748  0.91993909404451879
  0.93041393972107034  0.94082189201615884  0.95113699221431736  0.96108220662889199
  0.97098853693036935  0.98072144433884456  0.99060363085394609  1.00000000000000000
 -0.00244124890751784  0.00905591610159706  0.01934580052487569  0.03000989512682576
  0.04100115705110420  0.05211879961489187  0.06311186431160591  0.07359229589365898
  0.08365952555049504  0.09394999675111618  0.10434183613432220  0.11493581912325811
  0.12566004999371994  0.13644743857217345  0.14711398399446687  0.15767941505103072
  0.16837545640618312  0.17923181550497447  0.18976890995387208  0.19997529472249348
  0.21025570605211014  0.22039907523499222  0.23068374543710382  0.24087140487965764
  0.25111566302155819  0.26147076186947571  0.27173176155995282  0.28199641224293182
  0.29239580407190241  0.30299103798030547  0.31368028196195830  0.32422368604486129
  0.33485444533234504  0.34544106320817897  0.35583344427353958  0.36661078271430769
  0.37753942075679398  0.38866694532456814  0.39999903744988335  0.41128793163492089
  0.42246830474754254  0.43324998383064051  0.44455343275069475  0.45611413769087494
  0.46695698636778243  0.47751555875980201  0.48808226383949604  0.49866666523677200
  0.50881121916604000  0.51873109007524898  0.52843574044092556  0.53786863907400506
  0.54773838518691986  0.55775488003680629  0.56825772284618115  0.57862044855094541
  0.58895107443302286  0.59977442846474960  0.61056358415131962  0.62192047146833607
  0.63290873386506596  0.64391515560716472  0.65485913517452454  0.66553148896219871
  0.67617151970081923  0.68664032167808109  0.69746836236618637  0.70801116195342173
  0.71874201967765927  0.72938999053385201  0.73957707017104157  0.74981925542983696
  0.75989340029446473  0.77018765269651757  0.78014838399707820  0.78991198098511239
  0.79989337924890314  0.80979194573061797  0.81993796117894691  0.83024664198671927
  0.84103593633998119  0.85189000538092852  0.86261441979243736  0.87308529930566225
  0.88355416504562989  0.89385382810383962  0.90411687927067386  0.91447464795486921
  0.92506256284115240  0.93572878903607271  0.94606958676101849  0.95644524486645732
  0.96714439097645699  0.97827741053028106  0.98918282379409628  1.00000000000000000
 -0.00224131430883365  0.00896808380354858  0.01839942946787358  0.02860394599039361
  0.03834998364520310  0.04875596623568178  0.05955860537741381  0.07081665240602118
  0.08188746157669016  0.09239942220777221  0.10303513717970003  0.11368970279360813
  0.12448174169723680  0.13518753926447796  0.14611735010651847  0.15754958116403911
  0.16906518094683429  0.18051341619237940  0.19174138033601257  0.20271344527175175
  0.21327911647391407  0.22346826974728476  0.23370024208124679  0.24418905254595871
  0.25465274237497898  0.26522305374026189  0.27542277658163894  0.28546998865333117
  0.29566227435879228  0.30586084870945718  0.31654581277938965  0.32723753040704395
  0.33791152659419949  0.34832909305425958  0.35866926079846223  0.36901854861910888
  0.37939434294130614  0.38977646263424220  0.40031119623707834  0.41095829938894252
  0.42166828008364643  0.43279632759267384  0.44403609157485718  0.45522315047284068
  0.46605051388789842  0.47663184167007072  0.48709484936196978  0.49742530494386417
  0.50759650976217408  0.51758754034269072  0.52743132391162229  0.53741091054639289
  0.54741566361671334  0.55761488481223709  0.56817812857521799  0.57883593402982325
  0.58991833036788144  0.60101984944500364  0.61228346787480403  0.62354766615209345
  0.63454269360158733  0.64548737404308343  0.65626241857068468  0.66706261781756326
  0.67775818594173953  0.68857052979884170  0.69933505026021237  0.70980058562751758
  0.71995654785085017  0.73016134939898758  0.74066005550268010  0.75120241525663833
  0.76181648429158677  0.77227322497381856  0.78274382574602486  0.79333501397741679
  0.80400020964987773  0.81447249987621817  0.82453618916765858  0.83474062116210901
  0.84534159724263314  0.85597851141167158  0.86627918423165085  0.87659266580684503
  0.88686577211964546  0.89684487011801295  0.90690010525013520  0.91713832895416503
  0.92792585171659070  0.93858092777722235  0.94923529070917101  0.95958597503030252
  0.96956589076027933  0.97963929364470492  0.98986373764163171  1.00000000000000000
  0.09150708247696493  0.18556988277021561  0.27269237879714764  0.34089840574529723
  0.39191741909947703  0.43083811819132312  0.45867874788711172  0.47801712079757241
  0.49024601639181636  0.49958812601274932  0.50707004742734574  0.51297120764762272
  0.51807895351143896  0.52287328711670955  0.52732672366917366  0.53240715868772481
  0.53752594828083267  0.54281171807217377  0.54798349072475661  0.55231394555669844
  0.55744366747147367  0.56255408984987354  0.56797320061600731  0.57337602955437017
  0.57850765028222206  0.58317654331499358  0.58717995142594515  0.59050763564412612
  0.59379746174905257  0.59705272214050398  0.60031280216318383  0.60354785137578737
  0.60668801831550723  0.60975165752228511  0.61278343782217359  0.61580430855416046
  0.61883474844968456  0.62190475499499642  0.62496401525683687  0.62802965147031731
  0.63115576783238148  0.63435377183119124  0.63761190063627315  0.64087811348889112
  0.64413526193844872  0.64744960396809714  0.65084425804361279  0.65429838876841950
  0.65780489462530012  0.66135726985852472  0.66495651623987673  0.66865811990267854
  0.67254602512245376  0.67643886801576980  0.68036748700130023  0.68439955745506231
  0.68848909342235065  0.69276529396577757  0.69705462137788832  0.70140076346697511
  0.70583759134106050  0.71040236743458174  0.71513865166710722  0.71994109808965112
  0.72476163853229847  0.72973121796147244  0.73492431717489515  0.74029798016840387
  0.74576474746896049  0.75133081930070622  0.75705202626314660  0.76285588930309334
  0.76866817790856579  0.77473219146684036  0.78091567103368309  0.78721741009401069
  0.79393497094682475  0.80089263717108372  0.80796187394801433  0.81519552775145443
  0.82280725054195070  0.83067079279657441  0.83897025575729411  0.84752313247620314
  0.85640209068439832  0.86578723410682490  0.87540260619292143  0.88555691921950330
  0.89598423680200734  0.90737089151908079  0.91918955789376389  0.93170841452620845
  0.94518434847004584  0.96019822362731300  0.97797038176744455  1.00000000000000000
 -0.01898588395390521  0.11856084994575891  0.16243209396359581  0.18899841384998101
  0.21071188487169118  0.22887130424691121  0.24478704329249998  0.25949356930709744
  0.27349009577581407  0.28680865153993529  0.29944831169111735  0.31150867010549171
  0.32315623152968292  0.33445464119710727  0.34536509704439583  0.35615189363310129
  0.36713642182652340  0.37784485057538897  0.38789855437788595  0.39757761792532048
  0.40712459742038631  0.41649883802053622  0.42554370683904930  0.43435125041952705
  0.44302777608841082  0.45165190945185940  0.46015937345004249  0.46843007057464386
  0.47643328983711436  0.48427711151930480  0.49204180137637576  0.49976617306151178
  0.50739178895989467  0.51490106930450030  0.52233751286886199  0.52966574120642662
  0.53692697142759538  0.54406199079904760  0.55107512131748793  0.55799479781297956
  0.56470980523848469  0.57123054018491537  0.57770175384990818  0.58420293839524984
  0.59062644546844822  0.59702562715964458  0.60327156367612444  0.60927150758662796
  0.61517056884444321  0.62112926998050000  0.62702073167270278  0.63276222584088271
  0.63838353020100391  0.64390441510057861  0.64942344454943413  0.65494644802232871
  0.66054626833351493  0.66606942033187533  0.67152228866795882  0.67692167423214211
  0.68231106099019012  0.68766680755030596  0.69295858044245873  0.69818323139257510
  0.70333963943485045  0.70857822540319459  0.71380931343873555  0.71919584091958411
  0.72441861917430417  0.72979712013016684  0.73506866184339081  0.74032585693744846
  0.74594543743174524  0.75140472278004822  0.75683210451091132  0.76233359602428441
  0.76804379016606006  0.77412649847624559  0.78037070333174496  0.78662104901668339
  0.79297480152347566  0.79963835998307076  0.80679099939137289  0.81439979667256546
  0.82236423470668585  0.82992232202377791  0.83726194876663695  0.84398026528413372
  0.85176437417398232  0.86200709886548765  0.87438857816465532  0.88656216104357022
  0.90093419192903890  0.92011819169666142  0.94141504708762247  1.00000000000000000
   2.6583379842902560E-005  -1.0000000000000000     
 T T F F F F T T F F F F F F F F F F F F F F F F T T F F F F T T T T F F F F T T F F F F F F F F F F F F F F F F T T F F F F T T
  <DiscreteSampler_grid>
  grouped_processes
  1 # 1 for a reference and 2 for a running grid.
  10 # Attribute 'min_bin_probing_points' of the grid.
  1 # Attribute 'grid_mode' of the grid. 1=='default',2=='initialization'
  0.0000000000000000 # Attribute 'small_contrib_threshold' of the grid.
  0.5000000000000000 # Attribute 'damping_power' of the grid.
 # binID   n_entries weight   weight_sqr   abs_weight
    13   10   1.397413702280975E+005   5.694771524098635E+010   1.397413702280975E+005
    14   10   1.397413702280963E+005   5.694771524098513E+010   1.397413702280963E+005
    16   10   4.422712644575610E+004   5.672897429834666E+009   4.422712644575610E+004
    17   10   4.422712644575571E+004   5.672897429834555E+009   4.422712644575571E+004
  </DiscreteSampler_grid>
