  0.00149609111992433  0.02056084257382335  0.03668846573638068  0.04952649035557816
  0.06109116481216591  0.07257171508765113  0.08377317930203619  0.09437454296380744
  0.10481184126626659  0.11557104033845346  0.12639825784940342  0.13705240340734542
  0.14763460000686515  0.15845382916821799  0.16959133056703785  0.18102052777490329
  0.19234311561798423  0.20332341319498509  0.21439391449701534  0.22573872734055697
  0.23698176447212230  0.24811977596398066  0.25904084293525920  0.26976268853267432
  0.28033152913054865  0.29070013790089549  0.30109468324226119  0.31162099275700283
  0.32246096092534343  0.33366974805469912  0.34482876499415377  0.35590767080459790
  0.36683709842161283  0.37762532280499594  0.38786313308001918  0.39810513768238093
  0.40827773749288065  0.41859920339819146  0.42896435424945889  0.43936989063393783
  0.44985680379466303  0.46023136386089419  0.47044269027942426  0.48077126902582823
  0.49119876202118196  0.50149981649891628  0.51160371569589846  0.52179410871610488
  0.53207368585678372  0.54243316536134645  0.55257087671262528  0.56277789746603080
  0.57305668789202180  0.58332798542740183  0.59350917050481355  0.60378372800523283
  0.61427191712533802  0.62471507515692304  0.63508457754683911  0.64520502142947200
  0.65529473644430569  0.66535316761599761  0.67518321194616493  0.68518077677981926
  0.69509392093859623  0.70530934780621402  0.71540285916772883  0.72541377736511048
  0.73529646331562948  0.74528818313277068  0.75534310059532950  0.76530248200241913
  0.77504953644627783  0.78468856744064508  0.79442201869614681  0.80436459872170529
  0.81427930885451794  0.82461562585020853  0.83489591587877887  0.84480463615224122
  0.85449910907868765  0.86433869308683231  0.87399423424062028  0.88376876924143133
  0.89347367285308033  0.90358097943694404  0.91368753190771990  0.92350198034951270
  0.93307347322556022  0.94243439187063982  0.95155449318444485  0.96042888912784241
  0.96896214664533165  0.97698133621549099  0.98471134129845572  1.00000000000000000
  0.00000063768389053  0.00000071522598584  0.00000078283604250  0.00000085184413354
  0.00000092304692865  0.00000099672348609  0.00000107192956986  0.00000115011543775
  0.00000123135501784  0.00000131410903232  0.00000139827170928  0.00000148396964472
  0.00000157316260441  0.00000166921273721  0.00000176947812487  0.00000187244919419
  0.00000198156978773  0.00000209658481427  0.00000221466036495  0.00000233883200358
  0.00000247225412138  0.00000260858724426  0.00000275470294383  0.00000290856993998
  0.00000306123213766  0.00000322722991240  0.00000339847852508  0.00000357422602062
  0.00000375590301464  0.00000394646866965  0.00000414169327913  0.00000434634424514
  0.00000456821253230  0.00000480007157567  0.00000503757273511  0.00000528611073808
  0.00000555898207002  0.00000583458028579  0.00000612349773627  0.00000643639013687
  0.00000677077025041  0.00000711241856705  0.00000749841781431  0.00000789800965123
  0.00000831437585001  0.00000876804209987  0.00000926312233099  0.00000978235596342
  0.00001035444733115  0.00001098475537384  0.00001165843609441  0.00001239581998559
  0.00001319914968002  0.00001406031815465  0.00001500880856852  0.00001603823402139
  0.00001714804785522  0.00001840902766999  0.00001972251614407  0.00002125037095880
  0.00002287481129995  0.00002473572001950  0.00002676037471501  0.00002905694837310
  0.00003159069276910  0.00003449555774908  0.00003778810064397  0.00004155211094711
  0.00004571852508370  0.00005033492066136  0.00005553154767709  0.00006151858487692
  0.00006826532756993  0.00007609751270022  0.00008552928723300  0.00009644743535091
  0.00010947838048142  0.00012513712268909  0.00014375891521937  0.00016729033085889
  0.00019673849756075  0.00023023846441859  0.00026654412838495  0.00031449184434080
  0.00037363421031453  0.00044114399366972  0.00051414900422708  0.00060648518518166
  0.00075112824256287  0.00094162118414897  0.00117923830450675  0.00165372967546337
  0.00309671621809422  0.00581188526494522  0.02033870660508498  1.00000000000000000
 -0.00176444129192165  0.00619552176305447  0.01340584413535444  0.02050779551273720
  0.02775740065752750  0.03513304375355090  0.04254081805015961  0.05004514770297957
  0.05757157645080745  0.06542407907529091  0.07358577538319797  0.08192276393400930
  0.09044372716731687  0.09897001806852500  0.10738202921413557  0.11579990435049638
  0.12422481182927288  0.13295532196891982  0.14208550755808194  0.15145427582863760
  0.16069684718939128  0.17004943601551509  0.17915910780247582  0.18811108571110169
  0.19714374993032399  0.20641335637045885  0.21627389429253813  0.22624842061284736
  0.23591620475590774  0.24564421478100176  0.25552938960740329  0.26567410158237154
  0.27561423052551770  0.28531617763938166  0.29534336839700948  0.30576979378693647
  0.31622848589847824  0.32680395616109592  0.33784749526076996  0.34964103248125716
  0.36134839929038476  0.37292006870296029  0.38448206969539167  0.39603908287773409
  0.40768407619339581  0.41942998935611348  0.43124356335623254  0.44314254249683449
  0.45528151541435086  0.46747943877216802  0.47974580293129332  0.49207631486076381
  0.50444899414270450  0.51675213397991682  0.52928642579867435  0.54216301605281969
  0.55533275169545604  0.56850281942899938  0.58165684803731610  0.59488827397549970
  0.60808360358067404  0.62137456929008683  0.63429190711972605  0.64714782063317622
  0.66024992844244690  0.67347589516153905  0.68643692747667295  0.69917820584796320
  0.71158298737019166  0.72371699292717229  0.73568800934802592  0.74748540591502743
  0.75950164823969735  0.77150009177510803  0.78338419637222978  0.79505420533540017
  0.80700232558988716  0.81896431124988511  0.83061340286166696  0.84189366094375739
  0.85281670841453661  0.86358108806545353  0.87428173604702220  0.88486227688264507
  0.89507190811455783  0.90491845351199596  0.91454061586903668  0.92411870400217577
  0.93353495795628127  0.94297812840461770  0.95233962109457604  0.96181022366986602
  0.97137204455500348  0.98099120654631633  0.99054704774224278  1.00000000000000000
 -0.00222361785862420  0.00985194198891139  0.02017942618704807  0.03060792373432993
  0.04148277028813621  0.05225226474193121  0.06288383587389168  0.07327810184612432
  0.08359529541594221  0.09389931276800839  0.10431520061290443  0.11485826949214410
  0.12529782101713638  0.13569903352169121  0.14620775947534875  0.15700728047526213
  0.16794297125829152  0.17919060193409744  0.19032654660701404  0.20125057282759556
  0.21225641748097521  0.22330912267567093  0.23403847654595619  0.24433923747072994
  0.25476053183992209  0.26529226715582455  0.27573223893176857  0.28609429275018339
  0.29656389675021350  0.30712498347520700  0.31751367361075000  0.32754996690822802
  0.33790733669163980  0.34836922736647613  0.35910872335005822  0.36982362139880315
  0.38056718955353869  0.39120683571090481  0.40158399075235018  0.41184409888917511
  0.42209968929990160  0.43236166511327084  0.44278208252732770  0.45329587746432487
  0.46388904120166302  0.47456213792387342  0.48521294559271316  0.49589835712788999
  0.50651364304999036  0.51697509530712749  0.52725698728994452  0.53761085140482534
  0.54823216135391806  0.55889556497945525  0.56926779467892308  0.57937548705811359
  0.58965479949701727  0.60017260004281925  0.61078362820328869  0.62139783910196222
  0.63221834023378776  0.64309182484474281  0.65368026511969546  0.66410593080334901
  0.67453346359094590  0.68475935940256805  0.69478395603358989  0.70483993994494842
  0.71533347556467197  0.72627762250835193  0.73709777527113063  0.74759187634946722
  0.75803128959704924  0.76845811343338133  0.77922925418101840  0.79018985071811854
  0.80126763199478945  0.81223477598249616  0.82300734413571897  0.83385789899162877
  0.84478055469606883  0.85550933521954364  0.86619708881537882  0.87666506990567006
  0.88685981026013017  0.89681932828384392  0.90681466149152112  0.91688146106117807
  0.92700010826104096  0.93709888400124142  0.94750594946852240  0.95797381235466439
  0.96851408808582184  0.97898279579819325  0.98961731122289265  1.00000000000000000
 -0.00246499164624351  0.01013655402917459  0.02052778214084585  0.03110630091070088
  0.04155755132038767  0.05213942216096895  0.06280472098106701  0.07323649460677430
  0.08374929296726419  0.09464010352198027  0.10507966422018072  0.11594814620343107
  0.12658748384676932  0.13757095163701763  0.14833301374670183  0.15929538114671243
  0.17024660710171688  0.18131479718817975  0.19217157671402879  0.20303896625831808
  0.21360097466224140  0.22416124221731162  0.23481649014248071  0.24609437237066120
  0.25740046146504553  0.26869423830500039  0.27944288578751553  0.29020340130894284
  0.30092815272612927  0.31156719832817237  0.32222115578145416  0.33266678989358522
  0.34332411687844067  0.35398270216031802  0.36466383240841593  0.37529880143845329
  0.38608565989348759  0.39663735874521866  0.40668080826056890  0.41670282283105659
  0.42721028589674037  0.43794387243467942  0.44830860190443839  0.45868789311954333
  0.46905658224553959  0.47926581298261950  0.48921586889086455  0.49952659105044389
  0.51010371661224396  0.52081715915985249  0.53140570960812072  0.54180391521526239
  0.55172772675562665  0.56144703239897142  0.57137351650813939  0.58156699620313379
  0.59156852596391318  0.60138793022944936  0.61140989204992235  0.62170648445501897
  0.63190613674798590  0.64210059817877663  0.65236951691532397  0.66293498876636181
  0.67358031959964737  0.68424025929021615  0.69467471453948193  0.70495124119872243
  0.71525893297748133  0.72583744943915518  0.73652105521486966  0.74734396884552656
  0.75802100234312386  0.76877637664590404  0.77946943648786815  0.78998639571340701
  0.80043195175865622  0.81102198636318501  0.82167849553497685  0.83209877240201213
  0.84243752415386342  0.85295806594517343  0.86378734551246084  0.87466298420888400
  0.88526040862891320  0.89572935469967152  0.90620408026429244  0.91658933195179360
  0.92686817345930261  0.93729452945378022  0.94822610022158593  0.95880351210701653
  0.96878258060759848  0.97898201220091252  0.98946872957445509  1.00000000000000000
  0.10129889991357718  0.22138353938730915  0.30075301071185523  0.36344731099052341
  0.41046846141514343  0.44208644932754171  0.46462775519019456  0.48201033360406315
  0.50034416628765643  0.52560373351535350  0.53466348467114322  0.54192864409717667
  0.54758594885228917  0.55304900918005195  0.55791415370096553  0.56206337100074233
  0.56585258160401053  0.56958185408632223  0.57366175977862688  0.57746768526926284
  0.58100776362266082  0.58431936618548930  0.58746538718843644  0.59055193414039864
  0.59367570703370165  0.59683827901095277  0.59999001975906474  0.60308333278181570
  0.60609083999803737  0.60906315738435024  0.61209649368794439  0.61515291280209994
  0.61822633401478622  0.62130450228095346  0.62438852811199608  0.62755565562694471
  0.63074020664755603  0.63396448681473416  0.63718875992031365  0.64038123337609476
  0.64360110545492377  0.64687108233837498  0.65018189329628961  0.65351542669432006
  0.65686459169906930  0.66025684707206822  0.66371061127322517  0.66731079935560367
  0.67106446731575686  0.67485383076826100  0.67864465317365530  0.68241937251124951
  0.68626769301434132  0.69025145781903319  0.69431704638521818  0.69843803339964539
  0.70264485942196819  0.70694150346654172  0.71139746876733911  0.71600634737609081
  0.72059416965862233  0.72532928510810346  0.73020301042911817  0.73517709044801183
  0.74013868583580922  0.74509103574716129  0.75010527610106348  0.75522235837317342
  0.76048484004114858  0.76580174775714860  0.77131936507479981  0.77699129027107072
  0.78272242992138819  0.78854489213604317  0.79453761166392667  0.80073314252495775
  0.80706217348899023  0.81359769667416448  0.82045926104843148  0.82749508944177919
  0.83473478362449016  0.84227082953618337  0.85000422385340368  0.85799032237188555
  0.86612835595460136  0.87447337197403008  0.88325802704616496  0.89240134608430965
  0.90209849011358156  0.91220912122561360  0.92289007017973268  0.93441758357093951
  0.94696329921604017  0.96128329485197095  0.97872990158987982  1.00000000000000000
  0.05452247994643084  0.14626719864104037  0.19251353965689730  0.21867426191490419
  0.23771147516230609  0.25460284643804743  0.26959119098020123  0.28388729738814961
  0.29722980156891188  0.30932492561558839  0.32071319309461560  0.33190003096948439
  0.34276462303515692  0.35341433805491451  0.36362430649882804  0.37382989149373130
  0.38377679892624855  0.39357285521988206  0.40305617492529322  0.41217892221568114
  0.42106576341888602  0.42990191906242969  0.43867589578633881  0.44755365291426957
  0.45627541466874777  0.46522849393073085  0.47382056448666032  0.48240858195300285
  0.49069301545861582  0.49910885599818866  0.50728679348008177  0.51546922808839724
  0.52351214089688869  0.53153391104909264  0.53942600144278563  0.54723765129578783
  0.55489372023969730  0.56236598332087828  0.56963119857930478  0.57681554524350009
  0.58406131071102119  0.59109681955741045  0.59818626723647483  0.60523850312630822
  0.61219177207383602  0.61898856852140449  0.62565041229195351  0.63213963406591944
  0.63861263656977152  0.64502392949084730  0.65134918945909548  0.65760088587875953
  0.66383105628200512  0.67011220246074166  0.67648994482501090  0.68289481549064446
  0.68915732810844843  0.69520398638599246  0.70096819331477878  0.70681460200070800
  0.71240906264792359  0.71796844833302365  0.72346085526069059  0.72881238559027572
  0.73405933669806911  0.73936051837904238  0.74473823034118636  0.75007353016409806
  0.75530468491880054  0.76047965345111190  0.76564217190976458  0.77084923126400007
  0.77613614738531567  0.78139800997545439  0.78677180803640578  0.79215806787182774
  0.79752360789111487  0.80283459598235896  0.80808317713313360  0.81347586479835343
  0.81914608197259220  0.82501833017903015  0.83092544826466297  0.83695470385615434
  0.84316561262468159  0.84959388401978575  0.85638379504758122  0.86359390162530392
  0.87113445802874412  0.87905273883552637  0.88744257117080561  0.89651845487968185
  0.90758997000173458  0.92205227222565767  0.94483757786074030  1.00000000000000000
   3.8159627132370047E-005  -1.0000000000000000     
 T T F F F F T T F F F F F F F F F F F F F F F F T T F F F F T T T T F F F F T T F F F F F F F F F F F F F F F F T T F F F F T T
  <DiscreteSampler_grid>
  grouped_processes
  1 # 1 for a reference and 2 for a running grid.
  10 # Attribute 'min_bin_probing_points' of the grid.
  1 # Attribute 'grid_mode' of the grid. 1=='default',2=='initialization'
  0.0000000000000000 # Attribute 'small_contrib_threshold' of the grid.
  0.5000000000000000 # Attribute 'damping_power' of the grid.
 # binID   n_entries weight   weight_sqr   abs_weight
    13   10   8.110307480767355E+004   5.279179154594069E+010   8.110307480767355E+004
    14   10   8.110307480767355E+004   5.279179154594069E+010   8.110307480767355E+004
    16   10   2.691907244751734E+004   5.890569032466385E+009   2.691907244751734E+004
    17   10   2.691907244751734E+004   5.890569032466387E+009   2.691907244751734E+004
  </DiscreteSampler_grid>
