  0.00098003368884818  0.01537432134977963  0.03071068332216017  0.04501341602858077
  0.05755219310929616  0.06890488559304601  0.08002538168295135  0.09135295212570070
  0.10352633921507420  0.11487376506304646  0.12272422953579983  0.12966206615931350
  0.13782064906112756  0.14625215441844835  0.15293197711406137  0.16031212393300961
  0.17266231157437234  0.18271932323676665  0.19119012936253524  0.20000861166775077
  0.20939646448454527  0.21944269601401634  0.22906703429519937  0.23839557119529134
  0.24689268976175688  0.25582232448922393  0.26672363916482317  0.27801940853190793
  0.29067724050543131  0.30536786455433224  0.31668408451677599  0.32375835850143148
  0.33013757378104541  0.33695921754065733  0.34363248575365396  0.35012259848854010
  0.35683077264690050  0.36402008558804771  0.37098910267523483  0.38028355705152361
  0.39320563957079446  0.40381882030989524  0.41800372969266897  0.43667702953389698
  0.45292366588615296  0.46752839654426626  0.48104813432060001  0.49356496293396407
  0.50544344247090822  0.51789039343440191  0.53264645479684725  0.55080962042058879
  0.56701828282831490  0.57996591432110367  0.58952699706441891  0.59714270277165837
  0.60393250757120676  0.61144026562637122  0.61923829863059243  0.62396368241799638
  0.62828381354281693  0.63247226631229880  0.63853903694005443  0.64767688843080784
  0.65703845135622652  0.66491088073368620  0.67233414606797592  0.68002622444721628
  0.68910271209249030  0.69718294081434518  0.70700869178561421  0.71848895522797984
  0.73077102576443109  0.74234952838761270  0.75352527651793322  0.76268198006447596
  0.77307724813643242  0.78414075577072906  0.80165757259800297  0.81938970694621771
  0.83750863089004512  0.85613211830397085  0.87370281114718940  0.89198586822407311
  0.90331444208315081  0.91375382208477141  0.92137808614219907  0.93061043669459598
  0.94122721659617026  0.95125371810501191  0.96024566825372659  0.96779819695105274
  0.97411200064146730  0.98104315572714740  0.99221198758013684  1.00000000000000000
 -0.00003216564210417  0.00086061383711573  0.00311505329539654  0.00519310465246052
  0.00998418549004218  0.01336644831158944  0.01787109606106136  0.02334636464637690
  0.02904129681790567  0.03472811163412495  0.04065409607234327  0.04779065063822449
  0.05533162742615679  0.06359170690194833  0.07079413635508330  0.07926175735360243
  0.08852025448798438  0.09773483311538647  0.10691727604009761  0.11588775230393604
  0.12426082605104209  0.13280461064132895  0.14294870788421984  0.15283252061295666
  0.16171134342211924  0.17036489587244716  0.17813905685670092  0.18672914080090605
  0.19677224050361866  0.20712754683825768  0.21710051224967472  0.22626552118762688
  0.23539286837430073  0.24529173270570481  0.25544011546770468  0.26575233276620069
  0.27569971614857597  0.28544098527858974  0.29555106648651280  0.30289154649469763
  0.31046532687371542  0.31884551766948993  0.32750406695873391  0.33692662751433800
  0.34717599575954244  0.35895475312142300  0.37609368343168703  0.39447879401683583
  0.41269150422763651  0.43025851272836346  0.44518797675185112  0.46239561000445351
  0.48468546655252653  0.50400434425858953  0.52238281938015518  0.53990202851474989
  0.55728988617416231  0.57371281573025168  0.58853692143902048  0.60096923505138033
  0.61048219523997016  0.61993930556081722  0.62959503088294377  0.63859756802211021
  0.64821850971678008  0.65955552608922763  0.67078459020413472  0.68295346345620134
  0.69380889146091573  0.70413074203679349  0.71378469532945776  0.72405234348243686
  0.73389682349733709  0.74316023540358356  0.75209282360364804  0.76129179106515155
  0.77133967145329674  0.78211446408768626  0.79321167228970013  0.80344964617335757
  0.81317100381716001  0.82253452957215778  0.83106402126128098  0.84071529187822225
  0.85263143405693331  0.86580113613454290  0.87900693485695724  0.89150374317201875
  0.90337113361124177  0.91522782322889473  0.92737471322443832  0.93918061216638637
  0.95357967034566149  0.96876816664220144  0.98404283975125406  1.00000000000000000
 -0.00200019129426697  0.00882371102592691  0.01606272604196847  0.02302195447469997
  0.03069191639163435  0.03996159647276232  0.04895226282851842  0.05822771049175175
  0.06588536981455116  0.07136874295866373  0.07718663579895159  0.08359955972343661
  0.09242186510810191  0.10231750748713590  0.11564271326322210  0.13109589366214169
  0.14704766271790151  0.16245874133764882  0.17647025340872835  0.18885872374484711
  0.19736605736569485  0.20632024531544629  0.21579091126693628  0.22481110042337307
  0.23354577157679565  0.24240353038580570  0.25476265734270953  0.26895771664035800
  0.28128031939759757  0.29753002803030287  0.31304228981389209  0.32839493727767594
  0.34403736867686213  0.35919208939021807  0.37224866656903682  0.38327465830344049
  0.39378650560103834  0.40433927350269877  0.41564902517080826  0.42545833788076304
  0.43689081733935176  0.44819362198676604  0.46107368797254494  0.47389777255516929
  0.48774987822358185  0.50056618825644217  0.51110551270372329  0.52128509295633840
  0.53198825724019616  0.54555297006292547  0.56213596758633422  0.57998713504403065
  0.59661689458216671  0.60888259675082779  0.61878074667299376  0.62703179085185856
  0.63393402814036404  0.64069765292457581  0.64676815228070628  0.65241241401799244
  0.65893284725959023  0.66713406102276795  0.67562009398046452  0.68276356775480795
  0.68915864314404418  0.69587333992680922  0.70174453395383751  0.70980911901650046
  0.72181435176434194  0.73711750167281354  0.75109812968355194  0.76317193308849329
  0.77588132855994618  0.78664681972616168  0.79621553257051836  0.80507305603021950
  0.81299233074668220  0.82134043311813154  0.83252369402606263  0.84602787833597992
  0.85924647421074918  0.87177552508024592  0.88470002063090303  0.89786101229450599
  0.90440230255061083  0.90883125470833159  0.91437534619226257  0.92039727405016092
  0.92634615947291121  0.93326780103524654  0.94002057355983315  0.94968327073615177
  0.96231684033880038  0.97554022719565758  0.98798344140843375  1.00000000000000000
 -0.00414449753564531  0.01442231850288317  0.02936812714749877  0.04117769331203216
  0.05178683543926103  0.06262817013310029  0.07403981354931650  0.08598217078262201
  0.09753242850985119  0.10841232939707608  0.11899518045336963  0.12932303729761621
  0.13991961252163773  0.15001484219442576  0.15813375327655349  0.16715688196656239
  0.17559144867610937  0.18335933839232521  0.19258300843715334  0.20215223561404538
  0.21273338441355208  0.22623635701024672  0.24218287082022649  0.25802101791052062
  0.27688529242083421  0.29095853776992270  0.30188822025869050  0.31203948713452884
  0.32245705011349596  0.33373267964787889  0.34383683685493671  0.35247805147185746
  0.36227278289444076  0.37301139393567606  0.38398110080287734  0.39438027503744194
  0.40489430469377596  0.41755865499508327  0.43139868904238166  0.44425670525186300
  0.45614525743461948  0.46793083881495545  0.47727595140102164  0.48430531059933341
  0.49207599681824477  0.50011832047500060  0.50802654738111841  0.51538079806263504
  0.52247038607457841  0.53083264455279411  0.54410483899981699  0.55926121365346826
  0.57494208458529206  0.58768338099953388  0.59932655993985451  0.60548924524768188
  0.61199126227744238  0.61861756545165991  0.62511840834016430  0.63459043993222597
  0.64384921726660005  0.65321529776920628  0.66306962170343453  0.67280611426269854
  0.68251951027247437  0.69187597105492882  0.70088035007128235  0.70980154641507442
  0.71899889042975207  0.72719935398451196  0.73666406796620176  0.74798488900020832
  0.75954450711024701  0.77070573684246801  0.78091067132832281  0.78835702630410343
  0.79558257658325915  0.80276005228761893  0.81185272811800557  0.82776670726885548
  0.84066904847017854  0.85307398358513442  0.86504194093860798  0.87601569602609708
  0.88535984436211368  0.89335598295235297  0.90140281042933068  0.90971856595296707
  0.91918202862201315  0.92865779434429607  0.93762393693169532  0.94604480936762225
  0.95390593716221583  0.96628293505081220  0.98266072365373058  1.00000000000000000
 -0.00291372001609046  0.01024967325404012  0.02400870705338859  0.03715026803481041
  0.04879454668434483  0.05991965910871360  0.07146392478233005  0.08176863861058463
  0.09110467251017998  0.10280922124841715  0.12121386260877118  0.13769620084515519
  0.15213783219968566  0.16500184608225796  0.17685980741756166  0.18862170505513126
  0.20110424009272473  0.21385904410383239  0.22512596099197155  0.23645225462108915
  0.24776577544761530  0.25666882370027577  0.26511164127871772  0.27393888982885234
  0.28348557570348520  0.29344288061498353  0.30339807144902581  0.31185632905351901
  0.31876210109273895  0.32502284449996710  0.33252188965072077  0.34020079927309088
  0.34795514457565857  0.35526676269835611  0.36332157737596588  0.37262217582002799
  0.38259374478294800  0.39309768069651790  0.40579420262834648  0.42213168689978886
  0.43711052177342186  0.45056995061664401  0.46211134133125970  0.47145015004975221
  0.47960363849072413  0.48769550385222815  0.49612514098705723  0.50487051953041029
  0.51435394105228915  0.52561188549336657  0.53810707717223905  0.55054775004515188
  0.56262200423573583  0.57469280837987835  0.58592609754502767  0.59746420657794141
  0.61071215678244750  0.62385251774480044  0.63206642139484404  0.63737308150333583
  0.64269070161544828  0.64904436119982289  0.65529605347313735  0.66213755229212878
  0.66939121742965135  0.67594329337148717  0.68738115684328827  0.69538722286106880
  0.70242093112702420  0.71107098356552700  0.71931357653556716  0.72778090723859423
  0.73533091853562449  0.74274971974835868  0.75061732949277971  0.76258075404225856
  0.78143572261643746  0.79790592380826209  0.80848657823735937  0.81744278957435035
  0.82694430890457782  0.83712448685748608  0.84804008264361630  0.86111835677449433
  0.87904047812902375  0.89409089608700520  0.90454751332961492  0.91355242157018635
  0.92342680059574556  0.93326233766546118  0.94336587940783256  0.95313273849270486
  0.96369904023592246  0.97574324410322621  0.98706717658468501  1.00000000000000000
 -0.06912330422656773  0.83721111718850971  0.91311472658537363  0.94116521475705706
  0.95758709231281403  0.96380671994693923  0.96838166770156486  0.97216254504289001
  0.97538650607238564  0.97809405390369752  0.98035455255081416  0.98216894844792013
  0.98396675271590484  0.98547930478605139  0.98689544760438075  0.98823789621560076
  0.98948220687900668  0.99037327747817905  0.99111731757692789  0.99177664659704834
  0.99234773325558034  0.99288614930096120  0.99342649227657720  0.99395632651559840
  0.99443024344322872  0.99483713757373382  0.99520132527814809  0.99552840502895013
  0.99584214081422939  0.99614165602625504  0.99641708549768060  0.99666615250315871
  0.99688978458576349  0.99709569610116600  0.99727851660567746  0.99744373505594131
  0.99759805887823372  0.99773609961187948  0.99786601852983536  0.99799076300238176
  0.99811380639288538  0.99823744524888880  0.99835194316544618  0.99844854761972068
  0.99851992944640844  0.99857441524217228  0.99862544543480225  0.99867749681070372
  0.99872564151867949  0.99877457184277640  0.99882269412748048  0.99886901615311463
  0.99891089538462463  0.99895080177223683  0.99898913970769465  0.99902581774092458
  0.99906283076242397  0.99909582321381962  0.99912844977930082  0.99916148889690171
  0.99919493000127224  0.99922753769601480  0.99925896880185205  0.99928674339236367
  0.99931295805077824  0.99933824598348830  0.99936271096975893  0.99938703539699969
  0.99941027037636088  0.99943326216862094  0.99945559203371259  0.99947696672890285
  0.99949745643176413  0.99951725447468631  0.99953686196839164  0.99955642710182258
  0.99957452782787581  0.99959225507563898  0.99960953813772258  0.99962721013739508
  0.99964528709514155  0.99966416639164279  0.99968342229760110  0.99970231105800600
  0.99972030736346329  0.99973849629781808  0.99975706515287821  0.99977628514584538
  0.99979611771621701  0.99981647592026568  0.99983745745510777  0.99985934012546573
  0.99988389214325735  0.99991243787157480  0.99995020328761375  1.00000000000000000
 -0.02430571534148927  0.14557737216263406  0.20902913534375722  0.24179712095507605
  0.26490789185245217  0.29003218075637593  0.31531207175050469  0.33488972971171171
  0.34904954798391719  0.36064210331824087  0.37264740025285298  0.38311337625285169
  0.39223209911474977  0.40281990546358015  0.41454573104454850  0.42885226505470375
  0.44330253203491060  0.45375891880826807  0.46274119502740829  0.47104972268391165
  0.47763920854757824  0.48333378317079090  0.48841432364883181  0.49394284810790601
  0.50113128864884438  0.50873751997211858  0.51508996310001143  0.52048113759153947
  0.52531012611705696  0.53014398552265807  0.53538838780939213  0.53800005928603378
  0.54033530157334020  0.54277365582790793  0.54512979614066503  0.54737573652429483
  0.54949415738008267  0.55177676565045297  0.55412742603252463  0.55735622735421309
  0.56367106657955368  0.57130172565179571  0.57948934624760584  0.58793864920425898
  0.59429226344170927  0.60081451474331748  0.60705485657762381  0.61307197975225680
  0.61895449524658286  0.62409355338072803  0.62863297284477626  0.63278038148662841
  0.63706786346312871  0.64114414136231535  0.64402263180934816  0.64653027055661694
  0.64947547602581879  0.65278996144525059  0.65638101934232385  0.66102250075609892
  0.66575085768354603  0.67009000215496151  0.67447972512157828  0.67891280969240819
  0.68336402595298806  0.68738463016193951  0.69243257979208150  0.69780068555671237
  0.70330720813280900  0.70888789191474477  0.71487737630648029  0.72182565655150388
  0.72788047154487223  0.73389063449746061  0.73960117554627813  0.74493952707319822
  0.75019010321810764  0.75554105475881794  0.76141700090195374  0.76789002416106755
  0.77452933198930496  0.78128894204684585  0.78759850474953419  0.79460038455244508
  0.80332338898060174  0.81375401474027920  0.82604901150005494  0.84046579656949771
  0.85525449777577578  0.86779621449639599  0.87746253320392176  0.88581912883347202
  0.89686151070993614  0.91075727441616416  0.92943769177338353  1.00000000000000000
   8.2646068179583273E-008  -1.0000000000000000     
 T T F F F F T T F F F F F F F F F F F F F F F F T T F F F F T T T T F F F F T T F F F F F F F F F F F F F F F F T T F F F F T T
  <DiscreteSampler_grid>
  grouped_processes
  1 # 1 for a reference and 2 for a running grid.
  10 # Attribute 'min_bin_probing_points' of the grid.
  1 # Attribute 'grid_mode' of the grid. 1=='default',2=='initialization'
  0.0000000000000000 # Attribute 'small_contrib_threshold' of the grid.
  0.5000000000000000 # Attribute 'damping_power' of the grid.
 # binID   n_entries weight   weight_sqr   abs_weight
    13   10   7.972903153521600E-002   5.888143259667006E-002   7.972903153521600E-002
    14   10   7.972903153521607E-002   5.888143259667015E-002   7.972903153521607E-002
    16   10   1.231992717016446E-002   1.408471081942714E-003   1.231992717016446E-002
    17   10   1.231992717016447E-002   1.408471081942717E-003   1.231992717016447E-002
  </DiscreteSampler_grid>
