  0.00250450536081380  0.01325589071347481  0.02404174502732038  0.03349340447801014
  0.04280732448042813  0.05240655489321057  0.06334104419334875  0.07495319570380571
  0.08482009402864292  0.09695596965690552  0.10780727618436241  0.11950978643938004
  0.13058801057175387  0.14088766068317499  0.15081918760833773  0.16076159421949654
  0.17207230907047041  0.18372369474595601  0.19521807831003565  0.20710119977679661
  0.21931795129187570  0.23182710246602961  0.24443340478666284  0.25702270694152041
  0.26955214294485053  0.28138209991919277  0.29164732588274639  0.30128535782842220
  0.31066797957485764  0.31978772344449552  0.32961259808911264  0.34090849357216546
  0.35353990287348258  0.36716103003490952  0.38019962398310675  0.39154456022298112
  0.40225317832465862  0.41320447874689670  0.42512328241341596  0.43738130520412188
  0.44885155099839363  0.45946018062572064  0.46950554357265772  0.47934669852915840
  0.48870198315965246  0.49765870414808228  0.50704445308014434  0.51717353460696558
  0.53023621059041448  0.54556040282386764  0.55959647301244475  0.56938130013315613
  0.57653363610962205  0.58395504204435178  0.59140680440956916  0.59902453253299948
  0.60601936492397468  0.61324930621280005  0.62109108542633840  0.63073391542457580
  0.64264467497148625  0.65461398460621223  0.66641096676748290  0.67726339446912187
  0.68698380652428670  0.69694222460735122  0.70739577688198618  0.71715738213692448
  0.72754718547994313  0.73874008111335998  0.74853870538369027  0.75752633621676435
  0.76622950125852496  0.77586430563196529  0.78692304577620253  0.79663312301384770
  0.80531612985743528  0.81442886634786915  0.82393268152551624  0.83308331386441425
  0.84254919642493731  0.85080919772390429  0.86208097205493339  0.87382169926114073
  0.88364348851192465  0.89273478549360230  0.90189664352699073  0.91113601234816222
  0.92050238392934258  0.92980818511343588  0.93959794858665413  0.95055108289492962
  0.96181598470569685  0.97310557404673759  0.98522705213803907  1.00000000000000000
 -0.00004132836088117  0.00093077585359661  0.00381634409366508  0.00748713885766972
  0.01135779127850944  0.01588917006596158  0.02055054183898320  0.02561122732525768
  0.03148850769045205  0.03807108995562225  0.04514978711344479  0.05248918822714813
  0.06016277441776319  0.06830365985107667  0.07645661074836774  0.08499615378543716
  0.09374518363019956  0.10392382105852851  0.11374049954656894  0.12180381877649020
  0.12976227729089168  0.13841563643231988  0.14704681682372184  0.15510342083058148
  0.16264263580876137  0.17097013747582623  0.18127313487010704  0.19216138640484529
  0.20226217888737635  0.21251102351858614  0.22389604532749902  0.23619978373918293
  0.24880894111317811  0.26141337088853600  0.27396969661569048  0.28466974512354348
  0.29175640318317669  0.29982825491675580  0.30828059493318238  0.31716044302919738
  0.32617716172479772  0.33487188614274865  0.34328596594844540  0.35175060500594502
  0.36056701505942962  0.36991097396734446  0.37911424123572190  0.38828282615250126
  0.39728613754880254  0.40582658632792473  0.41472781906816159  0.42667381784908776
  0.43658260836265028  0.44621958050927268  0.45612535889545519  0.46600450061143434
  0.47579556659538297  0.48562279353826776  0.49620425294763770  0.50735494913819446
  0.51890010337839287  0.53077400498366056  0.54275172439660013  0.55491952850307946
  0.56730835278776326  0.57852148425095407  0.59046022589867031  0.60243809618969779
  0.61437251995639552  0.62619265328704399  0.63781814829904682  0.64961686575667166
  0.66207695248659715  0.67526992132498387  0.68905514814722169  0.70306833127838120
  0.71769459282642700  0.73269469298727563  0.74761182338521204  0.76202477973558225
  0.77669648843633132  0.79155756700340607  0.80672019400841499  0.82223823992804612
  0.83781092740492269  0.85308630658175877  0.86770939568038885  0.88199064783423320
  0.89627852325797386  0.91070220818384484  0.92554097138686986  0.94052382046719440
  0.95533910291989743  0.97004613191248146  0.98484388523479505  1.00000000000000000
 -0.00205087107869826  0.00801137862922431  0.01893286624997190  0.02886754340132923
  0.03841860748171194  0.04966193959996646  0.06191080269106432  0.07220802712096536
  0.08152566450533659  0.09085765301385099  0.10085281863656471  0.11103016708808278
  0.12111831498272786  0.13280312141544764  0.14563997532982009  0.15695731585344544
  0.16775541486046272  0.17867500032841310  0.18923284629476114  0.19856090555975509
  0.20871803464898570  0.21981649136558812  0.23047352857181247  0.24114800910856946
  0.25355251447837446  0.26667525072778514  0.27847607592612222  0.28887786779912089
  0.29903594246964343  0.30947355785374020  0.31961814192910981  0.32920461995921840
  0.33932270273288123  0.35153592808542672  0.36532725884754202  0.37908548182719060
  0.39155725155447080  0.40258162992049196  0.41316679599850520  0.42420254015548803
  0.43542497060988294  0.44599033706381208  0.45595867265019707  0.46613222776362334
  0.47686872538849928  0.48787573413780416  0.49867768853993183  0.50873367508782052
  0.51859738740353689  0.52893354326979947  0.53975555089212657  0.55076468305198700
  0.56184600742054003  0.57297255696803351  0.58380063281757721  0.59402811433884051
  0.60425176457617824  0.61469189360178844  0.62513755895009826  0.63501094247068135
  0.64381936833948683  0.65056814514731476  0.65679912348068892  0.66377998982542308
  0.67061392564678590  0.67749101766157027  0.68436679123998834  0.69160978124988082
  0.69765061118182348  0.70343813549883116  0.71119313392108163  0.72073650203029749
  0.73018494753531227  0.74057457523313153  0.75155411614387169  0.76257697019575643
  0.77414247991287932  0.78614245122111093  0.79748672786226860  0.81001303049441531
  0.82220289328715257  0.83379102473843825  0.84467540934936647  0.85622325316805770
  0.86841640771964068  0.87963173985028542  0.89012013422264391  0.90141476755409689
  0.91393184326265109  0.92688331483620312  0.93959882269073569  0.95201380880268938
  0.96420938884990670  0.97607632744638084  0.98716422222859113  1.00000000000000000
 -0.00156267221067773  0.00653893485697363  0.01552377184979098  0.02381876100447334
  0.03270806990179163  0.04248241216171116  0.05298756168405235  0.06318479570632787
  0.07288332043716630  0.08260261174607671  0.09116033852769409  0.10015555489512928
  0.10935042049453872  0.11786734915340361  0.12513420394506442  0.13257879859371310
  0.14079087766790296  0.15144410871305444  0.16335914837236698  0.17448849961849128
  0.18451385927454111  0.19394000645150661  0.20344431213156716  0.21346143246618354
  0.22419425205801069  0.23467901407812117  0.24436031445249667  0.25436527333701692
  0.26481517636100094  0.27557305767989621  0.28617352133380725  0.29706960609032829
  0.30800976014686404  0.32046008376366281  0.33361470501879265  0.34688007023250289
  0.35972217953722796  0.37268128940995349  0.38573474960699555  0.40037949882047374
  0.41605698323967344  0.43184131499389022  0.44811563429300005  0.46412697245663520
  0.47871499573074616  0.49279195938115394  0.50591659190272253  0.51844370347410662
  0.53181130305122248  0.54730127548595764  0.56262964098996138  0.57831222562651963
  0.59394680693069746  0.60655157252622049  0.61693321761975495  0.62827929209309352
  0.64028010639969568  0.65092123240314270  0.66106583402528651  0.67405514797257449
  0.68964343241177217  0.70409936663362793  0.71758775673102360  0.72851571317939556
  0.73588988334124550  0.74252826098103375  0.74912151443102615  0.75663054507249039
  0.76534024734846051  0.77319582243503071  0.78009871367442185  0.78719383136239141
  0.79533945644489890  0.80643275330174480  0.81876852782241893  0.83091498024721355
  0.84348554562693068  0.85598465353195974  0.86690941789735476  0.87670686750855065
  0.88568632592405772  0.89403624956170769  0.90234026039591397  0.91098880309993724
  0.91916822175596880  0.92630998308240653  0.93307319295177105  0.93952713695621981
  0.94617418547844012  0.95289035108349485  0.95933296608825425  0.96592114658856565
  0.97257659674063701  0.97970775336198979  0.98832943079428048  1.00000000000000000
 -0.00283351969898487  0.01052146579762953  0.02086927060221789  0.03171132440409376
  0.04214652116128980  0.05321032629366707  0.06518994039223304  0.07772847218191863
  0.09076296175455970  0.10407927185810138  0.11674021858361536  0.12753918493601463
  0.13701770075981515  0.14679676959361007  0.15734370853592705  0.16868578585280952
  0.17957804688922879  0.19070861815505061  0.20296305706488069  0.21572924942292038
  0.22805625445836100  0.23816572855214194  0.24716649051385883  0.25650319071560029
  0.26677867136703026  0.27796465875559884  0.28948820058394931  0.30170175591394721
  0.31388393839280221  0.32478725841773975  0.33576289024005340  0.34747512610696729
  0.35917347960077117  0.36980408972144568  0.37968000639241722  0.38951973681801694
  0.39745599397273734  0.40418673759585122  0.41184631571331198  0.41918816603704839
  0.42620514387387354  0.43328275380464903  0.44087900035179173  0.44876383491872762
  0.45664385314272438  0.46780550380880082  0.48098937838926764  0.49228607256651147
  0.50264532115206972  0.51222403270925532  0.52190177403374038  0.53221485408086089
  0.54290553104949379  0.55417306246284581  0.56506154665834951  0.57517337188063655
  0.58533146649388179  0.59658531924009983  0.60868185522631035  0.62067897424573659
  0.63171223226944218  0.64218473618018690  0.65319225273205150  0.66539577561344931
  0.67805209564522584  0.69002867464683360  0.70123543581304715  0.71101407798953253
  0.71957352875064717  0.72843108356680386  0.73741996118639586  0.74616517861365306
  0.75524279422509533  0.76482971898221175  0.77348205229258271  0.78148194178475017
  0.78990366343347096  0.79926023821137926  0.80915983729793572  0.81949398560920350
  0.83046245876053393  0.84201724283132684  0.85417008570799746  0.86691096258498013
  0.87964838621360297  0.89140279037471826  0.90278690783310600  0.91444000027035366
  0.92544427131197082  0.93672262213948820  0.94834112456976116  0.95890895573625445
  0.96833721044244692  0.97775320842875002  0.98791915608185266  1.00000000000000000
 -0.08671493093381605  0.83995385168690007  0.91194914152559103  0.94193007149218522
  0.95748201942839006  0.96273614563656729  0.96676155718006451  0.97036531997657005
  0.97353291707083556  0.97620576015617277  0.97857746694609071  0.98056583620087578
  0.98226185145779954  0.98371760450291101  0.98501765386285145  0.98621520503477755
  0.98732206986850835  0.98833514479514883  0.98921455790208501  0.99003546974620527
  0.99080782673675527  0.99149267665291663  0.99208215418297441  0.99261926418644697
  0.99311228748177682  0.99357337697822234  0.99400947734858602  0.99440854019743363
  0.99477790667070798  0.99510431538380095  0.99540359992616878  0.99567434502456909
  0.99592681973358743  0.99616364910849831  0.99638049281090502  0.99658895686762672
  0.99677151818560006  0.99693637188316808  0.99709020389412717  0.99724284721454870
  0.99737887210977816  0.99750418683486386  0.99762014790620079  0.99772863654958244
  0.99783289349820259  0.99793517262624321  0.99803240477587041  0.99811369162178465
  0.99819452165122113  0.99827262768162928  0.99834733180166457  0.99841886645519151
  0.99848773321148232  0.99855439218889308  0.99861846590948289  0.99867780680849993
  0.99873228389376834  0.99878265874912064  0.99883052509069992  0.99887729192555141
  0.99892137260734715  0.99896465772388288  0.99900716726115679  0.99904813140308024
  0.99908841290720229  0.99912729167762637  0.99916518986752290  0.99920238018520791
  0.99923772292697477  0.99927262900986458  0.99930668521403743  0.99933864862515664
  0.99936857158220738  0.99939757337308754  0.99942583958129960  0.99945254186827681
  0.99947885299138428  0.99950488470837251  0.99953033500389832  0.99955549589255199
  0.99958025347094404  0.99960460695310527  0.99962862666201902  0.99965173010287434
  0.99967476605095718  0.99969775520166548  0.99972110648002110  0.99974444920604610
  0.99976777689704088  0.99979114957659088  0.99981523572251296  0.99984301686146781
  0.99987234507554801  0.99990466219744123  0.99994805723171720  1.00000000000000000
 -0.02197197555357610  0.12876951018309446  0.18760961476297297  0.22440033035079515
  0.25715862353702407  0.28375352349174249  0.30494746780609616  0.32174790712309043
  0.33389130597026173  0.34412835759736665  0.35349916574968088  0.36291369244316801
  0.37278841565302645  0.38387792139937066  0.39634494052501673  0.40797045073349281
  0.41872089873298812  0.42909822980373136  0.43872145063997686  0.44750438720327679
  0.45571612217706936  0.46337071438604227  0.47048690427571616  0.47738115595595010
  0.48409930491998659  0.49045974469450510  0.49658408514888536  0.50301170054145128
  0.50971523777359629  0.51601035390258210  0.52197540502790940  0.52775421162839875
  0.53340785408892555  0.53913686282867834  0.54508561280963574  0.55154781041228795
  0.55835020720233230  0.56538295114262893  0.57253840267835887  0.57969668505476424
  0.58617697570857497  0.59127679906382058  0.59617735608801226  0.60111852120033349
  0.60599985725724637  0.61082513743114464  0.61572735051145178  0.62084674699209974
  0.62596030941525649  0.62938638172815120  0.63350541555734430  0.63754715112210736
  0.64123764844067010  0.64480190186048481  0.64857177692546419  0.65270081058433560
  0.65690136042658509  0.66085885257505939  0.66468405020674615  0.66868006050511919
  0.67277633086616240  0.67688842807933947  0.68079044586068405  0.68468221256941186
  0.68933090911105799  0.69503043617270577  0.70173129849177451  0.70761301097476326
  0.71340412270916742  0.71924755116298444  0.72486241906558058  0.73061393190682355
  0.73667759574228553  0.74301991861478212  0.74943556781794329  0.75539381563336294
  0.76113903066972799  0.76678409029725580  0.77304640212978659  0.78015727357219822
  0.78737816401012406  0.79420663127146818  0.80053932827080876  0.80724952447948972
  0.81452332111511727  0.82249926065529366  0.83083678223666679  0.83845873389841152
  0.84573748240060542  0.85342611199764817  0.86255465762032124  0.87310866001132104
  0.88414865475334048  0.89903972964358903  0.92553974830268870  1.00000000000000000
   4.5286721776759993E-010  -1.0000000000000000     
 T T F F F F T T F F F F F F F F F F F F F F F F T T F F F F T T T T F F F F T T F F F F F F F F F F F F F F F F T T F F F F T T
  <DiscreteSampler_grid>
  grouped_processes
  1 # 1 for a reference and 2 for a running grid.
  10 # Attribute 'min_bin_probing_points' of the grid.
  1 # Attribute 'grid_mode' of the grid. 1=='default',2=='initialization'
  0.0000000000000000 # Attribute 'small_contrib_threshold' of the grid.
  0.5000000000000000 # Attribute 'damping_power' of the grid.
 # binID   n_entries weight   weight_sqr   abs_weight
    13   10   2.453162469374262E-001   5.714307467691062E-001   2.453162469374262E-001
    14   10   2.453162469374264E-001   5.714307467691068E-001   2.453162469374264E-001
    16   10   3.075191400746881E-001   8.981778656281975E-001   3.075191400746881E-001
    17   10   3.075191400746883E-001   8.981778656281986E-001   3.075191400746883E-001
  </DiscreteSampler_grid>
