  0.00121568180167108  0.01689099546966382  0.02641613616259160  0.03492884428555162
  0.04284332811032651  0.05096673107299227  0.05946440333226447  0.06774959364841764
  0.07513953453374131  0.08448321519953987  0.09674310934863528  0.10938249670043813
  0.12118925016369693  0.13271214467861298  0.14417824316405373  0.15501276705419956
  0.16525722456926359  0.17554404565191686  0.18530794673167941  0.19351324977319154
  0.20228513911668988  0.21120733439838071  0.22085870747337996  0.23092366958399840
  0.24117626463264702  0.25185771586988615  0.26318742302485720  0.27530060108264959
  0.28720132528697978  0.29842344624055289  0.30869778125715996  0.31884734819146265
  0.33051213856540734  0.34267684793511105  0.35489942931644902  0.36742499432344433
  0.38027997840374578  0.39332830074242386  0.40638794042944620  0.41711507508801937
  0.42696366669518415  0.43723928168034160  0.44678628320700881  0.45696006935267913
  0.46746983463538216  0.47813668168168627  0.49075549426561521  0.50312776094100464
  0.51421281380971628  0.52492125686093882  0.53579537874907168  0.54440874371581771
  0.55180609475937792  0.56048979215561379  0.56876382578612694  0.57799089786713898
  0.58770161508285768  0.59710953906018782  0.60705211292762651  0.61981692264553334
  0.63106920490692853  0.64077924983271317  0.65242922819993165  0.66305819742264782
  0.67316509879628916  0.68050764670036501  0.68891332315119025  0.69909285129662957
  0.71049961377451565  0.72109592036968018  0.73202731049995662  0.74356323025696214
  0.75452283731114889  0.76483882217622812  0.77534349741540765  0.78680345692912235
  0.79770080058424964  0.80768224626149288  0.81797305906663753  0.82876372519073449
  0.83951368672923232  0.84998823799494971  0.86075011061710804  0.87174551396586542
  0.88303066421452070  0.89526798057928647  0.90948887103737919  0.92434325733594358
  0.93758115226501793  0.94806719916472482  0.95831921669508646  0.96867905754748274
  0.97807598394510953  0.98649891967953562  0.99205758459718041  1.00000000000000000
 -0.00004310493723626  0.00097862250586682  0.00318278990021012  0.00656172854193080
  0.01089972239001243  0.01569015722966554  0.02173215551499941  0.02963332529828329
  0.03710367939760996  0.04332917013859450  0.04966552696992694  0.05633445836397912
  0.06294469846011998  0.06984782986555202  0.07730056739107330  0.08484643941677436
  0.09178281573537177  0.09848877408512938  0.10505433743524763  0.11166648756237656
  0.11897248019346161  0.12648842926287585  0.13434084706346261  0.14223626410371856
  0.15032525919652756  0.15939797325757876  0.16850983525761631  0.17721260021190827
  0.18658225667754427  0.19544580688964727  0.20376518805231214  0.21204837500416868
  0.22053519248316888  0.22939425844143305  0.23802402822812391  0.24711873521872396
  0.25679061298385747  0.26613262669421633  0.27529864158772660  0.28572710901733667
  0.29675253454996664  0.30834181265765781  0.31934424598044980  0.32913508760069515
  0.33897973153547123  0.34972835759064269  0.36081348941614366  0.37193792074321996
  0.38329688134201101  0.39339667052891814  0.40360232991542833  0.41404959900682498
  0.42494775284122066  0.43582085180662472  0.44644374344550392  0.45661264668112639
  0.46837191688852614  0.48037493153015287  0.49175636827298425  0.50273453086474296
  0.51356334158865269  0.52476078039675156  0.53685267930768055  0.54894521309569844
  0.56110371095474054  0.57332155186596379  0.58562626683329022  0.59755204750112645
  0.60937505430348482  0.62135988506098216  0.63352812754916410  0.64590838924080951
  0.65838209077910403  0.67091888266078759  0.68354845768141859  0.69636659892915875
  0.70907438078120166  0.72291942960765698  0.73879606461201286  0.75400005624259991
  0.76856757541539489  0.78407075909181090  0.80017413356919265  0.81629495712348132
  0.83234967443376706  0.84786208369079108  0.86311428382083644  0.87829891436016572
  0.89360338441936016  0.90920217061160280  0.92464405132420580  0.93956602538290190
  0.95442752796504404  0.96948016274764315  0.98471221306547330  1.00000000000000000
 -0.00296688995227364  0.00965757090417664  0.02108728671866763  0.03124673678320296
  0.04035753182300208  0.04839185332951625  0.05606849955686328  0.06552828059615379
  0.07319217669139451  0.08100199128515259  0.08994913785801045  0.10032760761255710
  0.11059271745365534  0.12042569986466425  0.13027631930765804  0.14088718519166621
  0.15319004558154189  0.16711828864805775  0.18131243666583652  0.19404270902168547
  0.20499966415327603  0.21537830231099503  0.22555356638744456  0.23558862251190107
  0.24722140523549563  0.25944936699399790  0.27182852063281920  0.28444950355455006
  0.29724088782099645  0.30958455145137032  0.32094925768819726  0.33166424420184776
  0.34283743665081440  0.35426601118646339  0.36569522366113666  0.37676386824133923
  0.38801199550650678  0.39977834110864419  0.41157779124819538  0.42284303935672046
  0.43426910844577798  0.44692394319530732  0.46058511421802739  0.47462752361629768
  0.48636391552338915  0.49577906881683331  0.50539531650197123  0.51495809111382318
  0.52512909376461148  0.53483166407659288  0.54397238389807501  0.55334721766256434
  0.56319799229231282  0.57452228530051230  0.58760846274948753  0.60301491065535140
  0.61310217116667831  0.62238092864736172  0.63406687428888919  0.64464025251610335
  0.65260640310103568  0.66030743579794671  0.66818583292505385  0.67717987228560850
  0.68698841086166862  0.69634661908762030  0.70461955987750491  0.71364949796770449
  0.72423743374185423  0.73484039342289620  0.74486005878097872  0.75461605359176176
  0.76399925164710336  0.77228138743288866  0.78032835434818237  0.78908237276302651
  0.79932649913889020  0.80912252807843188  0.81952885877417425  0.83090146821148758
  0.84203878437935176  0.85395532454888490  0.86613546236008376  0.87837743333392870
  0.89165475534783301  0.90554715318377410  0.91774297532270510  0.92747988754506405
  0.93611677655079950  0.94456280286333150  0.95362440932844872  0.96272605699038782
  0.97178296230261896  0.98126811182144191  0.99066448691437026  1.00000000000000000
 -0.00192528910095210  0.00745772634080832  0.01633230005498191  0.02373156958056966
  0.03039450516309128  0.03795876835337757  0.04641928550455505  0.05485688141321498
  0.06311802693092586  0.07173688252033227  0.08077452956946392  0.08977939280707295
  0.09857284258347157  0.10728831085214788  0.11595092530622335  0.12494261932119952
  0.13509527345710304  0.14640638559108440  0.15841869646449802  0.16999189175053053
  0.17860657584936210  0.18771909326984423  0.19639742471267282  0.20622287173489839
  0.21782220855281739  0.22868617305272701  0.23853679460568536  0.24861684265750089
  0.25904204630445904  0.26855870227886386  0.27688145949168014  0.28441371442615426
  0.29448158603942681  0.30851548845214016  0.32227097302072666  0.33683733316361220
  0.35168335358059477  0.36330480280341343  0.37390959555114667  0.38625245619793991
  0.39986170345465666  0.40902478316319035  0.41899823076023351  0.43163163886078199
  0.44702369414046184  0.46354956391772106  0.48037042713548539  0.49663470298639251
  0.51227765272198822  0.52493651180984602  0.53490340530521319  0.54471725072084154
  0.55448200303725836  0.56573350318313731  0.57737656594389808  0.58945591931041719
  0.60106867618347226  0.61239122443609062  0.62489595957832367  0.63876495048637771
  0.65321845831339498  0.66784081277252438  0.68174666313024002  0.69298365414791885
  0.70238144375253730  0.71344901345509759  0.72399344780618224  0.73435902364089745
  0.74547222497543764  0.76108402098882844  0.77463790704274404  0.78726523755797173
  0.79936210189857215  0.81095712171252488  0.82236244538273584  0.83213931948246656
  0.83997145058623435  0.84808125144574087  0.85621267343460872  0.86347128004909013
  0.87038579756132517  0.87741765195850741  0.88453243923704283  0.89161478689395435
  0.89986080971481475  0.90883772198152546  0.91767464924659625  0.92639583203942100
  0.93514696443228140  0.94355430125050499  0.95085784887501790  0.95993646038486624
  0.96957083140233713  0.97949996392148231  0.98968268616613320  1.00000000000000000
 -0.00377530697961084  0.01217583975142029  0.02520445295941190  0.03609213851268061
  0.04582012608348489  0.05496063816606228  0.06391564925281318  0.07449802760248303
  0.08695696393231890  0.09828409045924652  0.11085799201984632  0.12307920032204799
  0.13462904379212168  0.14433520453444509  0.15284517736459810  0.16154516792038023
  0.17063569381038049  0.18100920843680646  0.19313228776734445  0.20626672359002821
  0.21899816699636060  0.23125055200810193  0.24276094752242172  0.25433736782677319
  0.26607609612881195  0.27544517902282023  0.28562769988585784  0.29579957744620167
  0.30691902180585390  0.32002368541080584  0.33205937646483485  0.34319584146239540
  0.35405409447920777  0.36516140127492758  0.37638656784158081  0.38813762397366447
  0.40035768142358746  0.41207113013031549  0.42498494693878008  0.43590959377291405
  0.44813999506937535  0.45949226525628950  0.46645260814432682  0.47562716496826840
  0.48378939923628811  0.49144790421052781  0.49977852617646867  0.50879800615231752
  0.51601333673463701  0.52473696616997656  0.53488374251291571  0.54533469669666335
  0.55552326928311169  0.56456802843724518  0.57336571034359396  0.58245818574574526
  0.59143326935052498  0.59882896531790097  0.60679656921644676  0.61536499700756653
  0.62418315715549311  0.63298618726441769  0.64274826229981752  0.65460886198043677
  0.66660392447324834  0.67695080741470637  0.68680052544905201  0.69695597712129986
  0.70764425564399092  0.71832813715457655  0.72806782353396449  0.73741678597379456
  0.74629679504526458  0.75457995082189078  0.76320538325217280  0.77325408093146453
  0.78374633148414630  0.79421695012954796  0.80506249109058192  0.81626463178495423
  0.82763395400133988  0.83955969635568406  0.85287891061559928  0.86658126079324871
  0.87920972955987775  0.89070967788929856  0.90217264141064135  0.91400950028657268
  0.92553829793183617  0.93619170464985413  0.94664065567675748  0.95759259373709793
  0.96774675177561809  0.97818776784181749  0.98871141681795105  1.00000000000000000
 -0.11104908528257518  0.84040949733456050  0.91160381691131620  0.94155087861070674
  0.95837406727172703  0.96304777660439755  0.96714762243188046  0.97080385445832051
  0.97388840874407789  0.97665084896893606  0.97907899349668592  0.98102122284538396
  0.98272744927141431  0.98424396690955018  0.98561183123080864  0.98684216758405752
  0.98791401769806120  0.98889287620918909  0.98978771738900184  0.99058187583469137
  0.99129350651518799  0.99195637281905613  0.99256235952803340  0.99310806913202399
  0.99359600667392955  0.99403941116304084  0.99444302427122988  0.99481109135497336
  0.99515290588439420  0.99546369002660018  0.99575041137605302  0.99601562518094000
  0.99625900055701744  0.99649079714829836  0.99670259455948207  0.99688772432740369
  0.99706401938821454  0.99722897383007025  0.99738134399699296  0.99750873814868768
  0.99763116569598465  0.99774897795641926  0.99786268788980592  0.99796679604662186
  0.99806033905158487  0.99814711750562413  0.99822957550004210  0.99830999290557942
  0.99838739601863402  0.99846102447261342  0.99853081027833179  0.99859714807719213
  0.99866121589082357  0.99871340928346042  0.99876181096041117  0.99880937699929551
  0.99885628454032038  0.99890078484179901  0.99894385984211265  0.99898568809823918
  0.99902629023686951  0.99906568689822295  0.99910300868979385  0.99913881225281753
  0.99917372028850837  0.99920792458930130  0.99924125014537357  0.99927402882374772
  0.99930548090454341  0.99933530923701819  0.99936338612078668  0.99939072684389929
  0.99941739270510543  0.99944338452466464  0.99946875665650647  0.99949369397829368
  0.99951824830485037  0.99954237188320816  0.99956517910937071  0.99958763752410928
  0.99960993289327627  0.99963158762294280  0.99965306263716103  0.99967439364277655
  0.99969570750425274  0.99971679372677769  0.99973772404146077  0.99975853737358178
  0.99978004914159835  0.99980201517981693  0.99982452081865103  0.99984938669416479
  0.99987671538713430  0.99990789651489886  0.99994858826317512  1.00000000000000000
 -0.02131691527841802  0.11402424600746958  0.15531996907381448  0.19948196162011464
  0.23970244526930490  0.27132686280355611  0.29761625459069474  0.31518543712621833
  0.32908453712960972  0.34166592927213535  0.35304147364586885  0.36429641541377050
  0.37440163487518652  0.38471364755208237  0.39603655913365909  0.40735476021575506
  0.41829428885812286  0.42838130067064933  0.43748928099868684  0.44548086897915629
  0.45286496387529235  0.46011314332849229  0.46706683706602425  0.47383712774598552
  0.48052953869500842  0.48701815778060337  0.49304831913722080  0.49887740978105383
  0.50578843753089731  0.51291344023491270  0.51981984900991496  0.52660315350408637
  0.53338719345045260  0.54003941495688312  0.54622060455214161  0.55167052886611045
  0.55701069341392917  0.56230262013338717  0.56730900164632303  0.57267625721642179
  0.57824069185211679  0.58310404657585380  0.58751629744688072  0.59180990342309869
  0.59624495328636529  0.60122532645084414  0.60643309148503066  0.61129706225769764
  0.61582967730410265  0.62018951474028483  0.62471418219257735  0.63029416755705248
  0.63636460112678728  0.64204397289198756  0.64686705319152349  0.65098497964104529
  0.65486377693436548  0.65878399394211118  0.66280564330851810  0.66709234205827228
  0.67103820200558273  0.67480604377270426  0.67868338764050895  0.68267466127661480
  0.68703876964266009  0.69191469282784668  0.69677050395518247  0.70135410404962906
  0.70585745391785037  0.71050067558136143  0.71561953421962643  0.72080825216123656
  0.72591495134376149  0.73130364802064329  0.73666745910141318  0.74191915053052393
  0.74719990069360998  0.75261616135450804  0.75841939700530581  0.76441901765613762
  0.77045013360570591  0.77688290902463208  0.78409486289361474  0.79143167244532364
  0.79881053289991721  0.80658095610611291  0.81479682271433884  0.82331685041051650
  0.83208103433417557  0.84149745444500668  0.85149573136859757  0.86200619445278670
  0.87397540504223981  0.89257758977943735  0.92196796275206028  1.00000000000000000
   4.8203034712968760E-009  -1.0000000000000000     
 T T F F F F T T F F F F F F F F F F F F F F F F T T F F F F T T T T F F F F T T F F F F F F F F F F F F F F F F T T F F F F T T
  <DiscreteSampler_grid>
  grouped_processes
  1 # 1 for a reference and 2 for a running grid.
  10 # Attribute 'min_bin_probing_points' of the grid.
  1 # Attribute 'grid_mode' of the grid. 1=='default',2=='initialization'
  0.0000000000000000 # Attribute 'small_contrib_threshold' of the grid.
  0.5000000000000000 # Attribute 'damping_power' of the grid.
 # binID   n_entries weight   weight_sqr   abs_weight
    13   10   6.861877143991713E+001   3.149222941647935E+004   6.861877143991713E+001
    14   10   6.861877143991696E+001   3.149222941647919E+004   6.861877143991696E+001
    16   10   1.041822852920200E+002   7.260078300084488E+004   1.041822852920200E+002
    17   10   1.041822852920198E+002   7.260078300084456E+004   1.041822852920198E+002
  </DiscreteSampler_grid>
