  0.00173856107643747  0.02025137835564230  0.03536313609108716  0.04770651084070923
  0.05930140770369714  0.07069340569693401  0.08204281126532267  0.09329466798668734
  0.10445614670325541  0.11547196740441154  0.12639941639764357  0.13727689765636095
  0.14842236738624201  0.15944603987075717  0.17027903836202560  0.18094505857120424
  0.19216121439980838  0.20405452621596171  0.21563335338438777  0.22725289281957245
  0.23789596668008028  0.24856405760144845  0.25862357933041619  0.26895257860041810
  0.27980956802658224  0.29024673114870331  0.30078208967458020  0.31120507782176327
  0.32210500460006669  0.33320984926467734  0.34417661936519933  0.35517995628022314
  0.36632035931242229  0.37767671230218769  0.38878181511947202  0.40003656934293508
  0.41122576821203127  0.42223822078730155  0.43309703265987370  0.44350717225165659
  0.45356596815479733  0.46355071295022221  0.47338955325230836  0.48323949801178617
  0.49307029400105945  0.50296181320045286  0.51299797982922402  0.52276490531208863
  0.53274514187015587  0.54285843254251254  0.55322051223588897  0.56333761320273223
  0.57353212985078994  0.58379334663403193  0.59414617507471179  0.60471214843116816
  0.61579834416639723  0.62710896322832088  0.63812648862903154  0.64901069053761506
  0.65982777240822144  0.67045186887924968  0.68090955790771435  0.69145118279402706
  0.70214925106340620  0.71276513205011993  0.72330277560935019  0.73369530154744877
  0.74395329544491895  0.75424817375013986  0.76485343038615072  0.77574359256456504
  0.78663787740176372  0.79677379267427695  0.80665446607253866  0.81645515719027140
  0.82643785196593289  0.83641729121821407  0.84635087341079940  0.85630603744156697
  0.86650482779228211  0.87710051705801761  0.88781605965244925  0.89809176582893768
  0.90783592470307473  0.91739352250389583  0.92697219866075897  0.93646053996369294
  0.94574913372885305  0.95469439205987772  0.96317516371946810  0.97123167053974369
  0.97868776697444115  0.98556239291840975  0.99223894817763025  1.00000000000000000
  0.00000063790055484  0.00000072528690445  0.00000084339771736  0.00000096737683976
  0.00000108911909011  0.00000121112601189  0.00000133439177909  0.00000146048180625
  0.00000159285549903  0.00000173162564585  0.00000188259189021  0.00000204478735557
  0.00000221556769986  0.00000238729051049  0.00000255933384736  0.00000274100576991
  0.00000293489493499  0.00000313859551798  0.00000334934873195  0.00000356158249622
  0.00000378140273700  0.00000401265926585  0.00000425169707296  0.00000450589817019
  0.00000477691185781  0.00000506119688408  0.00000536804501838  0.00000569776953090
  0.00000603621855704  0.00000641035257383  0.00000679763583499  0.00000719166375210
  0.00000761588574023  0.00000806071805008  0.00000852932624718  0.00000905992295144
  0.00000960787085607  0.00001020274877270  0.00001085174907076  0.00001154471525789
  0.00001230297960100  0.00001313425914556  0.00001403564851395  0.00001503162961134
  0.00001611694472509  0.00001728470382193  0.00001856996398827  0.00001993151983763
  0.00002149442315263  0.00002321789978986  0.00002517272877535  0.00002730440338309
  0.00002968893169669  0.00003238451015103  0.00003541152556818  0.00003883099458066
  0.00004272258838743  0.00004706411476286  0.00005193350314154  0.00005725637396250
  0.00006321871971697  0.00006991553746432  0.00007753199574268  0.00008617486485238
  0.00009597760943481  0.00010686817838837  0.00011859399043847  0.00013186251580819
  0.00014697341608946  0.00016309558745847  0.00018018939610852  0.00019885946963262
  0.00022018510197545  0.00024407616062084  0.00026864179203322  0.00029523562675283
  0.00032853595462444  0.00038289581739775  0.00046134793769105  0.00054107291791155
  0.00060993847822058  0.00068860006255600  0.00079703001005923  0.00091204946492689
  0.00103359584965305  0.00125785093395586  0.00141484679522674  0.00167213953192062
  0.00205811399439902  0.00248219776712642  0.00266990905049248  0.00355697065395116
  0.00469746675307148  0.00518770085014856  0.12195361781239802  1.00000000000000000
 -0.00176657610974169  0.00608523298549027  0.01328414949998679  0.02067567048504078
  0.02836818930367611  0.03597709115228231  0.04373299730120786  0.05170583102124342
  0.05991338733978341  0.06813374624312467  0.07623787284390157  0.08428456835045819
  0.09223203474139197  0.10056968554726561  0.10916559436154002  0.11806270515113249
  0.12679187357292951  0.13595365845205906  0.14523710105634849  0.15503088134576803
  0.16461585006902457  0.17402495680234464  0.18330980373215094  0.19271815259926200
  0.20246215313778917  0.21245947855525851  0.22250053763315703  0.23227441425534578
  0.24175775206229153  0.25134167324131418  0.26115419694195813  0.27122327772058630
  0.28138825481766538  0.29158812173809828  0.30197147614207503  0.31268156603249075
  0.32383062272802665  0.33499460254050789  0.34597760534894739  0.35701950734906596
  0.36846124487984866  0.38015136217878864  0.39166266113601150  0.40331813459297577
  0.41514045345497075  0.42729028052333368  0.43950225368001411  0.45163348054270069
  0.46360636202411581  0.47556030645683439  0.48736221596869594  0.49917874786965005
  0.51115187021682107  0.52350220558757565  0.53581901419222822  0.54796228383055634
  0.55996555157195960  0.57202547392374103  0.58422802665614504  0.59656398783694298
  0.60919427245970237  0.62218283886630432  0.63527017753715620  0.64829039447814918
  0.66099620578604912  0.67345882342656949  0.68546731955175966  0.69722550792084792
  0.70877835234744158  0.72090800441480729  0.73288348407248649  0.74504186930550764
  0.75705254108239151  0.76810107916743775  0.77932441670349961  0.79056566595489042
  0.80269066934296418  0.81456680920853686  0.82547943295175197  0.83652838066035051
  0.84748126125769752  0.85824811514104382  0.86880606508412306  0.87960107284336286
  0.89097580521145869  0.90168486514909796  0.91193828343374472  0.92197827637355234
  0.93236212015538789  0.94257480579974384  0.95240522894114843  0.96189098989210053
  0.97155872934108956  0.98112348922357628  0.99073200154110974  1.00000000000000000
 -0.00217528192261128  0.01103700436485371  0.02191895975472596  0.03299779995404428
  0.04363916610713035  0.05434995582766605  0.06464525259477649  0.07505621391490667
  0.08550306304258479  0.09633837555527439  0.10710956816866893  0.11773541953957545
  0.12809826761211668  0.13829392362697920  0.14860743710902302  0.15875541558613129
  0.16903142241444571  0.17920916503978926  0.18964837877489080  0.20003937930165933
  0.21032328408435094  0.22096137814552400  0.23166607122859975  0.24258455885075098
  0.25296525056187585  0.26338285287235519  0.27377657417854356  0.28425265198310323
  0.29456640021984287  0.30479422990040467  0.31515319892345339  0.32561978871353914
  0.33631720773372997  0.34717332948890312  0.35818788526749101  0.36928366980371818
  0.38066504103581089  0.39213398831194762  0.40332761773353193  0.41430590777010318
  0.42536475303358851  0.43620246335892554  0.44694954440724133  0.45765878211729705
  0.46809530835511676  0.47831324164902717  0.48837369276673781  0.49880339982799110
  0.50978437393847831  0.52072342550101391  0.53140539956805355  0.54181962485153046
  0.55181653166530542  0.56189587717739486  0.57194974760578188  0.58275735323939981
  0.59298281058684477  0.60314771728165162  0.61313922170996138  0.62358126926177748
  0.63382745030373278  0.64416014641324448  0.65414152740072107  0.66417823768521445
  0.67412037169377104  0.68427579013349360  0.69428536990845502  0.70440454739602987
  0.71486722541075209  0.72573460256924682  0.73697071255101321  0.74836650034670138
  0.75993954918152973  0.77135991051025588  0.78248307132989703  0.79349159544139691
  0.80406341819937666  0.81481190021070138  0.82549502103019301  0.83612242754684185
  0.84624016593869100  0.85617563206307623  0.86633363198269842  0.87649537877707140
  0.88698631961099328  0.89741003992684776  0.90758295519072263  0.91746390525910815
  0.92756927062301608  0.93764994039259530  0.94772563604820237  0.95739072938378078
  0.96820137025997211  0.97891943060004105  0.98960764008855284  1.00000000000000000
 -0.00221442367131703  0.00976683154875081  0.01881736221416870  0.02852574645995252
  0.03814027535044752  0.04849063801959403  0.05914737549649712  0.06965797424137327
  0.08053865829831293  0.09121595601615758  0.10206432022894874  0.11295266361294032
  0.12421264845900744  0.13534409682039716  0.14631801043411796  0.15742672291358534
  0.16853496437037491  0.17930271220174573  0.18960332828960966  0.19962309346085569
  0.20960384034129986  0.22006323037057254  0.23093507053443357  0.24193872328294949
  0.25247678629310821  0.26293863173849152  0.27373614847640138  0.28477962852226801
  0.29599650547494433  0.30707385323341130  0.31805965998235552  0.32867827482459749
  0.33898556230497967  0.34929467808706544  0.35967557008654916  0.37008711698732488
  0.38053389654441405  0.39124872123931198  0.40219431102204051  0.41347403267957039
  0.42484852760490210  0.43624792573893112  0.44738568603215068  0.45819426128434293
  0.46859409704438126  0.47921563532010386  0.48994537651766207  0.50066875730079408
  0.51098845970300943  0.52097977035873955  0.53105709874012375  0.54132032013121012
  0.55187290338474482  0.56233386382175532  0.57261137588450861  0.58304900541798010
  0.59351687225720207  0.60410209737177700  0.61452837061822663  0.62474394855503179
  0.63483466228421792  0.64501722271008022  0.65564626314336938  0.66660734145886302
  0.67745164383556578  0.68810866483498712  0.69867496876297053  0.70920836439028367
  0.71973876528074765  0.73036025908481050  0.74120426515033466  0.75188360891223027
  0.76257827365906716  0.77337626427481598  0.78435106418603384  0.79528297245384871
  0.80585764939538751  0.81625362461649109  0.82645954914166364  0.83657404327459806
  0.84644585212837709  0.85657213063651028  0.86696804327729893  0.87740789055974078
  0.88758497407332071  0.89765186519806051  0.90791180513278258  0.91816860656752342
  0.92856248121132978  0.93892866385610541  0.94915146276944407  0.95952182079235582
  0.96992580201762824  0.98039951312524620  0.99025086692298003  1.00000000000000000
  0.08610494543712414  0.18727352515436918  0.26901351976432414  0.33728127481321213
  0.39107992174125050  0.43105323404591511  0.45827632288248138  0.47517165717687077
  0.48816130733490148  0.49882728469638987  0.50865250218785141  0.51801084984587586
  0.52362196277847894  0.52831242018535995  0.53222055550927250  0.53828351489767756
  0.54552563393663944  0.54924108840714592  0.55333375150095243  0.55729063235455301
  0.56111599927810585  0.56467254855485915  0.56794455926485177  0.57136888500575278
  0.57477773568870172  0.57806610038606154  0.58128099498208941  0.58415573268682930
  0.58760357326279711  0.59093158525995304  0.59433024769387388  0.59778215351902630
  0.60129518743924593  0.60472516436108026  0.60805842601189397  0.61137907830311466
  0.61467758823036811  0.61800682508290650  0.62134577296359206  0.62471197765324926
  0.62805187219196235  0.63143748610451755  0.63485747496132794  0.63826901883405596
  0.64169588574637992  0.64519336383878678  0.64870981980119413  0.65225973437284201
  0.65588610644053402  0.65958182872634574  0.66335168966460956  0.66720997255499426
  0.67112362267621350  0.67504466499167515  0.67899161905806005  0.68299662560579633
  0.68707784270822758  0.69131718946383658  0.69577255799213200  0.70026281735256390
  0.70476949367419051  0.70939831708573053  0.71418902501165638  0.71911044424327319
  0.72415553808997135  0.72924956311949185  0.73456730397980896  0.73987705505719648
  0.74519475144077441  0.75064921276703900  0.75631186594497446  0.76210780079026741
  0.76803959673209810  0.77426861320384244  0.78075020821313568  0.78726319079934004
  0.79393162093601433  0.80084077416281274  0.80795015140698523  0.81532706258714582
  0.82293416080314252  0.83077337636712623  0.83910974506934288  0.84799688359871450
  0.85726442238179379  0.86681261083065864  0.87674241814453113  0.88715974408693232
  0.89799348721276906  0.90925577938007529  0.92110161982203753  0.93404192149737408
  0.94847883286676904  0.96509048378901441  0.98275752975841990  1.00000000000000000
 -0.01907093152119268  0.11737155225778262  0.16064276666124808  0.18807694860330817
  0.20944737893894916  0.22776366534242162  0.24336333116755546  0.25773442339418046
  0.27165396357343979  0.28487220990581369  0.29755259149446373  0.30968532437306157
  0.32115883610578516  0.33216167554532450  0.34272507267210611  0.35307741205799026
  0.36279581624708823  0.37236226042715348  0.38166438842772477  0.39072172138938160
  0.39956504300221918  0.40814785884307619  0.41672945304406633  0.42538524330560340
  0.43388572966813199  0.44198492539044298  0.44975530986701362  0.45736952205397180
  0.46498059691165433  0.47261293275919269  0.48028862673875167  0.48800633107255526
  0.49570043732866048  0.50321192105062695  0.51053856841041800  0.51787227282978288
  0.52515076896719637  0.53231745384360785  0.53935791786565745  0.54621856679810721
  0.55289883475570545  0.55946631823859116  0.56602134122202552  0.57256023427703595
  0.57906758677483083  0.58536347816378764  0.59136844656637733  0.59737651336721087
  0.60336045390133319  0.60953824208175844  0.61585494508159710  0.62213639417213018
  0.62816995061515057  0.63380210796476044  0.63933368000458823  0.64482154801371805
  0.65029422889164146  0.65579171766000777  0.66131375438146378  0.66688675715090262
  0.67244754276451957  0.67789963879801085  0.68318830998746749  0.68839674661713268
  0.69364508400037017  0.69886268633767834  0.70408111067654522  0.70937783604042381
  0.71469869409885578  0.72022066548454022  0.72572983682413794  0.73127555492934437
  0.73683270257513711  0.74233263992831100  0.74788451752140017  0.75370927906492613
  0.75990456968443176  0.76630401768083101  0.77246644669764808  0.77872822663989993
  0.78499787179387825  0.79091039131324392  0.79785856938437494  0.80529771569355435
  0.81318996240231567  0.82141131645370413  0.82959903238032395  0.83745526166255002
  0.84494514716615854  0.85203824379809767  0.85911426347832420  0.86721711853022843
  0.87759068590709743  0.89204344440811734  0.96027631747205033  1.00000000000000000
   4.6530604797417669E-005  -1.0000000000000000     
 T T F F F F T T F F F F F F F F F F F F F F F F T T F F F F T T T T F F F F T T F F F F F F F F F F F F F F F F T T F F F F T T
  <DiscreteSampler_grid>
  grouped_processes
  1 # 1 for a reference and 2 for a running grid.
  10 # Attribute 'min_bin_probing_points' of the grid.
  1 # Attribute 'grid_mode' of the grid. 1=='default',2=='initialization'
  0.0000000000000000 # Attribute 'small_contrib_threshold' of the grid.
  0.5000000000000000 # Attribute 'damping_power' of the grid.
 # binID   n_entries weight   weight_sqr   abs_weight
    13   10   2.394399761439952E+004   9.797174429464124E+008   2.394399761439952E+004
    14   10   2.394399761439952E+004   9.797174429464121E+008   2.394399761439952E+004
    16   10   7.907697133624058E+003   1.083455799855472E+008   7.907697133624058E+003
    17   10   7.907697133624056E+003   1.083455799855471E+008   7.907697133624056E+003
  </DiscreteSampler_grid>
