  0.00119296583504815  0.01688729655331376  0.02627305855819887  0.03484270435483729
  0.04289855375909737  0.05115286657375723  0.05959576381268467  0.06783016266832348
  0.07526118715753881  0.08498284600009746  0.09782536840465988  0.11062500227339624
  0.12242285389487925  0.13391600016013272  0.14530166729055413  0.15609482881717954
  0.16642385365259746  0.17684021934646266  0.18638846975997220  0.19475126019493907
  0.20351771161986282  0.21226168046716434  0.22164037063409939  0.23148309469904471
  0.24163698172215792  0.25242858576444116  0.26399730418986078  0.27619992130374771
  0.28842195739492271  0.29983003175848472  0.31025101060686217  0.32066294694234310
  0.33281268916647377  0.34424777568481862  0.35577395778731652  0.36731909509159322
  0.38002036056033378  0.39279126257549046  0.40483459461548493  0.41588730180673589
  0.42613174649827446  0.43662804219953016  0.44656475816052105  0.45661601543461533
  0.46724418113559846  0.47813695112730770  0.49000188123717170  0.50258371688885817
  0.51373227614645389  0.52431038547310060  0.53559700359144291  0.54437208094014922
  0.55150093170042291  0.56043361317796325  0.56871327298259589  0.57759991386257858
  0.58701836444830835  0.59648230801411761  0.60689640585762361  0.61911981580114006
  0.63058780207764553  0.64055660764894895  0.65159160858922005  0.66249010103185391
  0.67225809094086741  0.68011052492555768  0.68823969449810218  0.69834933860973891
  0.70966403905079856  0.72044372496634002  0.73135959720203070  0.74290869181163965
  0.75401284379543843  0.76411398536485575  0.77422007779235169  0.78575504865497980
  0.79677502139227052  0.80688130838323413  0.81734355993905738  0.82841956646935344
  0.83946028415582263  0.85010278134419170  0.86095081317016708  0.87198124648527875
  0.88333982889259255  0.89563651718328152  0.90987496163158332  0.92473021238959485
  0.93770965989235233  0.94808972132570879  0.95815644865294869  0.96839692738028316
  0.97777372318694278  0.98633456808577380  0.99207003011981099  1.00000000000000000
 -0.00004505045499404  0.00099614199005216  0.00322286805556066  0.00668464771695126
  0.01112375924010713  0.01591632712130282  0.02204860226304791  0.02991733139018946
  0.03730836300194375  0.04351953873763932  0.04997162074981944  0.05675348165194997
  0.06326750566561831  0.07014858036367162  0.07760375887589639  0.08508645582153293
  0.09205523563321227  0.09882804346914698  0.10548225618307198  0.11225843523980819
  0.11963732279765117  0.12736998820183396  0.13552287562123852  0.14333786334461240
  0.15171953668348848  0.16079288823322027  0.16971791962239668  0.17814499639062298
  0.18724068843974756  0.19593311365540750  0.20405637163707591  0.21236751925206010
  0.22089851146924128  0.23003323904829662  0.23837335022956160  0.24646408396330879
  0.25522937771018506  0.26379303085906997  0.27262453224620609  0.28306717966008754
  0.29378579571389624  0.30525360741725482  0.31636790436600432  0.32631241742635536
  0.33599613806148670  0.34650043333457486  0.35745567268285022  0.36850642188797050
  0.37964152691711128  0.39015209445626253  0.40037869054986536  0.41084077429818694
  0.42184648323733798  0.43289758386335009  0.44371572775472590  0.45399341294428541
  0.46513547761653889  0.47689117087153254  0.48831446966555331  0.49940635143038919
  0.51031486587308050  0.52162757779435764  0.53355523280891981  0.54555213559080651
  0.55755855679056832  0.56959096681672783  0.58201096206154568  0.59401852418318724
  0.60615904875978532  0.61850330485093774  0.63097069626630609  0.64354934732000857
  0.65616576280490524  0.66865255585904049  0.68145152219298222  0.69448130475629155
  0.70747727033189367  0.72173583472828429  0.73744222523140168  0.75235152924669391
  0.76732034428323037  0.78316865924062939  0.79942644834175336  0.81568275897928144
  0.83199016103724366  0.84741784858013214  0.86259690257572585  0.87779270372790263
  0.89310376304899108  0.90886313280330633  0.92443493092263862  0.93944253321860016
  0.95435166532311899  0.96944999607836679  0.98472223059386799  1.00000000000000000
 -0.00301538200537018  0.00975352816620912  0.02124144034075910  0.03148485191097713
  0.04062456199043229  0.04854011887400975  0.05602947856150841  0.06535291234539166
  0.07312878732026097  0.08109987655306158  0.09011638543920722  0.10048226788744059
  0.11066571685652721  0.12040526225654828  0.13014389160848330  0.14087259727309573
  0.15368394668688778  0.16831550198760029  0.18343706282455841  0.19684113350011559
  0.20681857378117810  0.21751972188716007  0.22793423295457310  0.23771549137107614
  0.24992345409813041  0.26241348676695209  0.27461348339209440  0.28720408300121031
  0.29988635391143498  0.31211117823069984  0.32338932226458966  0.33409976562735083
  0.34523709119441209  0.35680655035188286  0.36842249239939240  0.37967515348084330
  0.39131344425638670  0.40368888614795301  0.41569363080636035  0.42717460576771799
  0.43897525962426048  0.45197526791029352  0.46590790528449494  0.47927476787295731
  0.48938514632105967  0.49890422474254997  0.50852894350089917  0.51819104939277094
  0.52826842849621936  0.53796673702031961  0.54733601548015909  0.55719402976228394
  0.56762332962201811  0.58001245327917517  0.59379882415544816  0.60738964941192675
  0.61708759304366834  0.62712221811605207  0.63835299304490078  0.64785848090509435
  0.65572167409108983  0.66353330470874594  0.67159000875427854  0.68072315166552233
  0.69021172438058187  0.69941359197641084  0.70775013040104251  0.71726797101352635
  0.72791215944745069  0.73823348087227703  0.74783147885352097  0.75769813824500831
  0.76673234008373270  0.77467839911725067  0.78289401876322640  0.79201241130449918
  0.80191462831136484  0.81160786708020860  0.82197649457526889  0.83311483038548229
  0.84428907951208065  0.85598845878581387  0.86800981991063286  0.88058038169633246
  0.89475946526240058  0.90845835904363859  0.91948833682566611  0.92910863655543618
  0.93748634116186147  0.94570849696425752  0.95447691282235314  0.96321329639347364
  0.97215107140139756  0.98167218263441935  0.99093354014240920  1.00000000000000000
 -0.00214219585250857  0.00787490666004490  0.01693184231880609  0.02438732634408913
  0.03116452510858254  0.03881839098666973  0.04735296115260990  0.05591842923756081
  0.06432494983849731  0.07300933193915360  0.08212688568625939  0.09121742500591760
  0.10010386700967544  0.10886936265701383  0.11741709153431111  0.12642229273104741
  0.13683979436662627  0.14841962871083295  0.16051791141895394  0.17165847470409323
  0.18055033651535612  0.18955289900392738  0.19837888796641892  0.20858957615823154
  0.21993039754694674  0.23045960962069562  0.24030887053919475  0.25072338404275685
  0.26109301098594373  0.27016274160873660  0.27826516172056331  0.28560942950993401
  0.29629387632726972  0.31111484814385798  0.32466469536506076  0.33927477778117360
  0.35433838411873503  0.36493286018684334  0.37568919789229388  0.38839337397216872
  0.40102715971622976  0.41006884588390136  0.42010690032303272  0.43310696320212067
  0.44911256302301467  0.46613283238870762  0.48351331956799215  0.49970574014406688
  0.51508375955330421  0.52666376878588284  0.53684301365819176  0.54658591414893698
  0.55660235633528299  0.56790595914730935  0.57964591982165403  0.59161224187889017
  0.60335655516560860  0.61478211772746627  0.62772926194880541  0.64173905934094322
  0.65612588380250791  0.67059880216327528  0.68401864754528252  0.69460550851178116
  0.70412415805294382  0.71556999047475245  0.72596603037830654  0.73646881266027997
  0.74768094548431629  0.76429094779378448  0.77731957911255467  0.78955807264612743
  0.80153207585419228  0.81295980347721009  0.82437209105316023  0.83415716452669564
  0.84208534665029133  0.85043014723517196  0.85828072396065591  0.86562018428079957
  0.87267932421107597  0.87987469274973962  0.88698228689793612  0.89348527840870862
  0.90142207295027221  0.90995183001686697  0.91810668952077068  0.92655584645022759
  0.93523244152089835  0.94355338666821531  0.95075513416384516  0.95987798287943626
  0.96951736402782596  0.97947646455805781  0.98969082404961173  1.00000000000000000
 -0.00372439816552259  0.01183787528785958  0.02480291161766908  0.03572856446452693
  0.04540204180712089  0.05452483502769165  0.06355096508318671  0.07422791303707006
  0.08716930911566001  0.09915484364441959  0.11186637864423890  0.12438203852123335
  0.13515395845051673  0.14430610332685681  0.15251538496997924  0.16099583087941161
  0.16989038077964860  0.17989564098306440  0.19171076234044843  0.20472144142668136
  0.21768032774308074  0.23017188841669950  0.24171256830747864  0.25296046168827008
  0.26442640220117752  0.27349740162342662  0.28332361834338182  0.29324937206042112
  0.30416366748572721  0.31676865158650014  0.32918141927771105  0.34077404363644698
  0.35178489573525790  0.36278232482351574  0.37388621769400665  0.38529225750916563
  0.39755408248837065  0.40890985903803234  0.42200801979547370  0.43329692834497480
  0.44542585198926715  0.45716337429900011  0.46471180319549382  0.47392672410116227
  0.48224463998496603  0.48994836814175335  0.49805295852975945  0.50693135520633625
  0.51472262595160911  0.52311102167551549  0.53318029549188162  0.54373334339675394
  0.55399793535057573  0.56346405147964052  0.57246454371235955  0.58166038995263181
  0.59057219646376136  0.59806296703758977  0.60592867173910370  0.61448299871193723
  0.62335184454179471  0.63222896436126597  0.64175360196315523  0.65307097599486108
  0.66506855861719949  0.67563055794764082  0.68546801172418581  0.69591129785124595
  0.70628810301132816  0.71639662463416820  0.72591541819765915  0.73570834306929700
  0.74512322633951988  0.75354037991813938  0.76200339938767603  0.77199029838112421
  0.78249347834210459  0.79284017828036257  0.80361006562338189  0.81433784381710494
  0.82573517304857647  0.83787706331967338  0.85151383612716836  0.86551151399346971
  0.87838839163453020  0.88996411644723050  0.90135366023648134  0.91318300723624690
  0.92477835658643659  0.93543721404343072  0.94594233477210243  0.95706553934784744
  0.96731753093131223  0.97784745185007782  0.98848341010520535  1.00000000000000000
 -0.11010798877014630  0.84019813427585865  0.91214871589348623  0.94228763135804083
  0.95863993287299831  0.96324826738861935  0.96733694183041685  0.97100546444730451
  0.97408760120793014  0.97684739567277101  0.97926714722360686  0.98119051336606322
  0.98288956006043859  0.98440162338437120  0.98576678319773825  0.98698428488733780
  0.98804254762130095  0.98901577676940100  0.98990855769286501  0.99069755740043197
  0.99140548246959381  0.99206451762032610  0.99265937138817262  0.99319716207858977
  0.99367815035346052  0.99411393777016754  0.99451221799234757  0.99487543943673717
  0.99521404287638393  0.99552197224602224  0.99580499057467919  0.99606608561247545
  0.99630909872780093  0.99654185306120791  0.99675282417946121  0.99693696794956688
  0.99711300318296980  0.99727475002078247  0.99742156148016137  0.99754871980392612
  0.99767170821103046  0.99778960246648285  0.99790377570673094  0.99800664229782687
  0.99809653911707441  0.99818080993846992  0.99826342975208415  0.99834299443174646
  0.99841936298258649  0.99849274407931465  0.99856219656451506  0.99862612697496600
  0.99868553377525826  0.99873597578369910  0.99878362781267216  0.99883098430698336
  0.99887749136367288  0.99892101512386433  0.99896319395683564  0.99900440923819012
  0.99904445657821717  0.99908308422116365  0.99911951886396799  0.99915447924568790
  0.99918858584643266  0.99922206971905936  0.99925481015616169  0.99928710444793578
  0.99931807917443460  0.99934730627806079  0.99937479690645559  0.99940151511629494
  0.99942769063840764  0.99945340705779395  0.99947831160443990  0.99950294420256258
  0.99952721953413581  0.99955085039102554  0.99957335329677410  0.99959545291573604
  0.99961734079446485  0.99963859594251814  0.99965968342937561  0.99968064511463373
  0.99970153507216675  0.99972216915450074  0.99974260158578376  0.99976289372768379
  0.99978388476857016  0.99980538077635805  0.99982739039096891  0.99985167855270729
  0.99987835986384666  0.99990888894243202  0.99994892915283184  1.00000000000000000
 -0.02137324028220322  0.11413025002747371  0.15632565931814915  0.20149557221764802
  0.24168916683761399  0.27315508816032580  0.29887739831902566  0.31655009732824058
  0.33052748364513940  0.34303297702045965  0.35421111763994784  0.36519103830584049
  0.37514823515081885  0.38551046720556320  0.39698762818195371  0.40864098429747708
  0.41956009740200328  0.42963810352931864  0.43878802167520375  0.44672063640048182
  0.45402499155816711  0.46135744485238389  0.46834368748853800  0.47507281790384298
  0.48184762249183299  0.48849732558046083  0.49473552049465574  0.50082640659648048
  0.50741514443019964  0.51479135436077661  0.52152988556085245  0.52817721526879058
  0.53477053170124278  0.54113884570304571  0.54719443776886256  0.55288606196075052
  0.55825276351887965  0.56363654637910854  0.56863423523075329  0.57414494602475230
  0.57953724187239131  0.58428573992091581  0.58875161896912220  0.59313262978637937
  0.59747120500581719  0.60266166592060144  0.60799329535546776  0.61287362277196178
  0.61737229578362585  0.62177182641989714  0.62646920921619131  0.63162521150833095
  0.63692886467639909  0.64302106542698556  0.64734979246985802  0.65133622243662070
  0.65527733353381046  0.65920309166046021  0.66315031894519383  0.66731091526031072
  0.67135131271539839  0.67508727254514478  0.67890504127497231  0.68276351116088640
  0.68692855921623708  0.69152921166412251  0.69633719611832212  0.70093864692426644
  0.70545448165628888  0.71019345310234772  0.71513153417561759  0.72020852577586558
  0.72517097466391034  0.73043746542874732  0.73584877205570998  0.74120520413680235
  0.74662126586039967  0.75219658559458802  0.75801226998924509  0.76392844920623093
  0.76996767106874808  0.77638302786234659  0.78333684924243463  0.79065357264216951
  0.79796396701632766  0.80555756358441066  0.81369259150949647  0.82187017931393180
  0.83011085639100290  0.83882708990738075  0.84861894195732812  0.86038404894060105
  0.87471839074673630  0.89353157850164067  0.92251863039059667  1.00000000000000000
   4.4776501216046062E-010  -1.0000000000000000     
 T T F F F F T T F F F F F F F F F F F F F F F F T T F F F F T T T T F F F F T T F F F F F F F F F F F F F F F F T T F F F F T T
  <DiscreteSampler_grid>
  grouped_processes
  1 # 1 for a reference and 2 for a running grid.
  10 # Attribute 'min_bin_probing_points' of the grid.
  1 # Attribute 'grid_mode' of the grid. 1=='default',2=='initialization'
  0.0000000000000000 # Attribute 'small_contrib_threshold' of the grid.
  0.5000000000000000 # Attribute 'damping_power' of the grid.
 # binID   n_entries weight   weight_sqr   abs_weight
    13   10   6.900887717263214E+000   3.186490422803527E+002   6.900887717263214E+000
    14   10   6.900887717263198E+000   3.186490422803512E+002   6.900887717263198E+000
    16   10   8.654923525119395E+000   5.015168422463670E+002   8.654923525119395E+000
    17   10   8.654923525119376E+000   5.015168422463647E+002   8.654923525119376E+000
  </DiscreteSampler_grid>
