  0.00108921621540927  0.01657628225536754  0.03203616210417062  0.04403538062047897
  0.05348586299176739  0.06239152985023926  0.07120903122079324  0.07975894903487465
  0.08851126718573349  0.09698125134993105  0.10648363582127028  0.11772884663001931
  0.13034734759262231  0.14503125384391971  0.15558481803763724  0.16746502601007901
  0.17791022374195647  0.18629198920334322  0.19519768353512204  0.20415093637599652
  0.21497940861439002  0.22853897986104627  0.23917088844270626  0.24907253101213994
  0.25873415768540409  0.26831486111980685  0.27756955773773212  0.28600260084451751
  0.29586427337119492  0.30836382226444503  0.31967858628280094  0.33017228811261723
  0.34107747304843167  0.35257122432740773  0.36420895055068547  0.37476945297382602
  0.38521884794624978  0.39590714184162779  0.40664457054675585  0.41858131271899857
  0.43470802645430356  0.44786075860746377  0.46095557593400027  0.47364561503907338
  0.48344725416766565  0.49183735647469362  0.50077807208683411  0.51032139291502654
  0.51962077178041044  0.52842392774623903  0.53744507110615736  0.54799107468735375
  0.55940110912057872  0.57008892901953911  0.57995210435131084  0.59133193321973776
  0.60253632401395441  0.61371889679097580  0.62489314410920949  0.63473069563787909
  0.64462577668982213  0.65348498634121022  0.66108381258502269  0.66864540086540203
  0.67697303313026691  0.68639192387005443  0.69747894618359452  0.70989588014747984
  0.72193694528213459  0.73298260700600415  0.74377864497848301  0.75416436110605345
  0.76375828540200563  0.77399320977941610  0.78432790575014966  0.79526752078276663
  0.80687665287280197  0.81898409806415529  0.82680995947511193  0.83604338651982202
  0.84565473256735224  0.85422352484023045  0.86196164043330314  0.86949052419597850
  0.87825176966662721  0.88934276278540270  0.90133774184317217  0.91231212292323005
  0.92267095427491008  0.93288311376060185  0.94300737873512608  0.95340582614576685
  0.96404002250478504  0.97502602557455842  0.98674540246280884  1.00000000000000000
 -0.00004046539694686  0.00098543058087486  0.00390664256585961  0.00749020156726644
  0.01258038580365073  0.01791804300652751  0.02358170777739603  0.02984238028647133
  0.03639087012075163  0.04521837354651533  0.05345957082396474  0.06029198136937219
  0.06742752408728078  0.07575647654588952  0.08565261616132436  0.09516774954872934
  0.10326832422219349  0.11215801940464487  0.12107554370214546  0.12951262811150532
  0.13939880455064138  0.14860883282689344  0.15521746223337465  0.16246882547918254
  0.16943391363984317  0.17714750345758318  0.18598239905531322  0.19491842837086626
  0.20306582791962008  0.21041329596328212  0.21808941576460752  0.22796324243063901
  0.23711047699576432  0.24658759375789785  0.25859591591473374  0.27091148615818372
  0.28356076968886873  0.29666745437562214  0.30985643386304751  0.32257677683836922
  0.33560229029009048  0.34889948916413138  0.36187183069687490  0.37397085155195264
  0.38564200946653621  0.39711520344362822  0.40859229241224104  0.42021665802450314
  0.43200524964062909  0.44415476725077191  0.45598577015742076  0.46726587150816934
  0.47903354724448127  0.49106302944901531  0.50316603477933985  0.51535027165004832
  0.52784165829768825  0.54078656495738919  0.55378592475687449  0.56643301103995769
  0.57875759679056182  0.59068324323353127  0.60199418320167652  0.61336314573743289
  0.62505306233559754  0.63677323425433907  0.64861354326914678  0.66070485215310337
  0.67333926510977682  0.68711050223338177  0.69882015119500507  0.71060232463765627
  0.72290393318735635  0.73555168830686113  0.74825532060088129  0.76085631652934227
  0.77338757961530746  0.78584818787933275  0.79874641413344161  0.81176452558565459
  0.82514422977327473  0.83727987054913622  0.84862455562672701  0.86004255033438204
  0.87168634327042938  0.88347541605081226  0.89506723755065820  0.90592051034170062
  0.91653364503332013  0.92735843005660024  0.93861114319837546  0.95055668901452206
  0.96314391240820330  0.97557945222778097  0.98779163516069046  1.00000000000000000
 -0.00188736713948702  0.00728674006423792  0.01772485600919126  0.02694316039530935
  0.04011354161933538  0.05240375252518074  0.06517857709725122  0.07769735343914126
  0.08927412738812024  0.09997084522314952  0.11046094283400398  0.12048531042894817
  0.12938948919610482  0.13801802955954304  0.14677267305516592  0.15587067287184214
  0.16605057501015588  0.17681755720646844  0.18750873976663135  0.19951345246307814
  0.21185233747354013  0.22390803854761468  0.23625099933936958  0.24858508194817977
  0.26028323017670152  0.27156335156664974  0.28291300515643020  0.29438153021510788
  0.30588593162766531  0.31729245194713751  0.32821193933654058  0.33853806143523030
  0.34954043706805049  0.36126457469412637  0.37314479622564434  0.38571346341046292
  0.39950424073466639  0.41363601696474372  0.42667773887705851  0.43784232165671816
  0.44840401860335594  0.45972856808246154  0.47103558971243570  0.48241184787370500
  0.49428895863944045  0.50776889776141398  0.52209584717099977  0.53519204341153437
  0.54755480250976962  0.56000917411985252  0.57166209625116715  0.58392637735195485
  0.59558906025194414  0.60519429351314569  0.61342767297620993  0.62221958620255624
  0.63092383398809260  0.63886681413106783  0.64733413232618087  0.65697312012521702
  0.66417023821166188  0.67328005472602237  0.68644245591618347  0.69866224253561660
  0.70871346017926728  0.71642946099594806  0.72437391330679402  0.73338232488520894
  0.74187056907548588  0.74937504879778427  0.75744170743687245  0.76542465498299672
  0.77433298059751654  0.78346773670315362  0.79107642162294589  0.80082954219041858
  0.81127377699277547  0.82108515963076112  0.82994991958307218  0.83841134641051529
  0.84748093818088954  0.85697574432182622  0.86548695961019717  0.87514501499472930
  0.88738077707129559  0.89874628649359056  0.90807651070727213  0.91815123107831886
  0.92819327900990489  0.93807103419694204  0.94727317023550339  0.95653328047580222
  0.96680262871224720  0.97793157539541553  0.98928935685126096  1.00000000000000000
 -0.00158930311763599  0.00713131828471870  0.01445558176711868  0.02196300240545815
  0.02886003720424710  0.03545950767582234  0.04214691154687875  0.04882404670926327
  0.05575755687177022  0.06343566813033086  0.07308246202392982  0.08409467172116449
  0.09547570800560190  0.10631355457510019  0.11590643443732820  0.12483955980312858
  0.13400434576953668  0.14318004822688232  0.15202100805725871  0.16059602401270781
  0.16949830729238186  0.17877156276129144  0.18823527147029703  0.19796687209280125
  0.20792989682266527  0.21861922280713547  0.23002159680652834  0.24125637155535834
  0.25207689506489317  0.26310062927433048  0.27389766893386930  0.28285805708393580
  0.29358326537342039  0.30658089595255006  0.31923824104677379  0.33251411388522478
  0.34805355710654312  0.36535375707393031  0.38294917752235269  0.40009143569349653
  0.41641703776639721  0.43135619878088688  0.44492827403423257  0.45815953247073876
  0.47146644084237310  0.48569441133419816  0.50115714169005054  0.51669602496550049
  0.53122819246143826  0.54583434795022157  0.56130782010697799  0.57680838540697243
  0.59278725166109103  0.60951550797568910  0.62541634149113001  0.64169900718650985
  0.65723218278887607  0.67293400015070715  0.68809020665790244  0.70377605433329915
  0.71884234664009616  0.73154891266428224  0.74162080196066271  0.75066114033452846
  0.75970978423076441  0.76971202446769504  0.77836377659413136  0.78708941097048679
  0.79542394042199627  0.80668983693305096  0.81482921857840229  0.82152772698103216
  0.82928857058257777  0.83708393537719572  0.84404436843024111  0.85102451147933178
  0.85820238803225979  0.86546639261962732  0.87275010108370787  0.87894954181282070
  0.88545516020183501  0.89183079315033886  0.89883268902402347  0.90628804734876067
  0.91393410133990882  0.92157206028378036  0.92852341275881556  0.93536399266869197
  0.94237257098754190  0.94934904400888276  0.95656789205337356  0.96384482380383751
  0.97057581157752415  0.97761223443669176  0.98692277180828936  1.00000000000000000
 -0.00295368286524374  0.00991729339997535  0.02253641666079344  0.03521088972303171
  0.04766641793099685  0.05990193967152663  0.07209547158497709  0.08457156383294848
  0.09707309480656730  0.10968051190562297  0.12250842386322183  0.13535830065406607
  0.14836854726842005  0.16152242118954560  0.17439956778731705  0.18702509543565093
  0.19894019900399856  0.21043051232819232  0.22121649231858359  0.23108002891416987
  0.24105026455148987  0.25124425176727050  0.26170219813760626  0.27204462504707383
  0.28205555293479739  0.29328076909495793  0.30645184633229627  0.32128773406678535
  0.33728937701959161  0.35328779297591878  0.36631900838460640  0.37790300665762067
  0.38895657416025226  0.39966058963211037  0.41048208887393423  0.42006145307327303
  0.42904210809001875  0.43924385655882375  0.44641579665861092  0.45394468005636190
  0.46220198529554424  0.47205341466117101  0.48214687880891827  0.49185824947027590
  0.50182839819014702  0.51147779410345795  0.52046512952786239  0.52867078826968283
  0.53703469974469997  0.54638263574767831  0.55827647382984102  0.56798069072086865
  0.57666445243947184  0.58566543365951707  0.59494875752039889  0.60601381474507598
  0.61683908514917773  0.62772025156209010  0.63891750646725143  0.65074568340286676
  0.66247891586960261  0.67195707808457328  0.68145504508423271  0.69174603435900106
  0.70220809703659715  0.71330508377622703  0.72431986023201922  0.73346364718696289
  0.74132790609830368  0.74932780275880095  0.75938130488057354  0.76900143784799291
  0.77821091274583043  0.78746454375975061  0.79582013366592763  0.80714120553213653
  0.81753180928852631  0.82725040333180333  0.83714418998805629  0.84671333507768154
  0.85907969313010590  0.87257025872219129  0.88255063639155673  0.89174917051598546
  0.90064268659845170  0.90998149998073552  0.91956650549874241  0.92992803784686118
  0.94060911100422395  0.95032337749338680  0.95866628931083497  0.96652613620081951
  0.97492729954626467  0.98335124579802302  0.99159369213391679  1.00000000000000000
 -0.06002479878098408  0.83406699927066519  0.91408009275141822  0.94394084488512486
  0.95886837116670620  0.96372461089166706  0.96794718130429980  0.97162326193399307
  0.97479774925610385  0.97762432763453588  0.97997341237172231  0.98183509493810095
  0.98352219770106453  0.98498507284720305  0.98631266384908389  0.98747244868646666
  0.98854458571400761  0.98949262585997710  0.99031872728526804  0.99107618836911249
  0.99176648791476396  0.99240112605910724  0.99295790760987424  0.99346651006900033
  0.99392772260174522  0.99434045515981828  0.99471998773553794  0.99506588086060377
  0.99537977057580307  0.99566650254316968  0.99593253083536626  0.99617463193124245
  0.99640421550445291  0.99661139880826810  0.99680022018510983  0.99698059398255623
  0.99715218262309491  0.99730733358931678  0.99744347316142701  0.99757103930586633
  0.99769200285996751  0.99780697318728095  0.99791141398160721  0.99800573107400281
  0.99809364278239632  0.99817772982861830  0.99825902958512169  0.99833746884484220
  0.99841123159606193  0.99848273734581294  0.99855220274024936  0.99861599228972975
  0.99867140622756223  0.99871936753139889  0.99876849538101120  0.99881626592368578
  0.99886256601182366  0.99890769346972175  0.99895165278859988  0.99899421692123780
  0.99903456878694319  0.99907379385418760  0.99911203366260315  0.99914939836526762
  0.99918599534108710  0.99922111230998722  0.99925590225051319  0.99928996298340733
  0.99932095457429493  0.99935149204908791  0.99938049819584007  0.99940781560774083
  0.99943464952988670  0.99946101933103149  0.99948712659793204  0.99951318113896626
  0.99953778227038370  0.99956178391853767  0.99958532374833553  0.99960782153433902
  0.99962970602823498  0.99965092234212782  0.99967179894661029  0.99969201347185088
  0.99971140557195493  0.99973077447814396  0.99975034359436188  0.99977027811374952
  0.99979055421418361  0.99981092554614148  0.99983136051239974  0.99985545197060277
  0.99988168686783763  0.99991044079339975  0.99995056607500565  1.00000000000000000
 -0.02336791090492165  0.12880159993170559  0.19795283389039453  0.22645435077901563
  0.24597771880267316  0.26299992329678268  0.28275139887534240  0.30710285805715237
  0.32538306187742816  0.33946927653367703  0.35105217516310128  0.36366440932834315
  0.37686018808583471  0.38909060442976257  0.40061145517732594  0.41130887270495714
  0.42124030463232320  0.43047703282137600  0.43916904839445819  0.44772236200749199
  0.45646651987876813  0.46561048745506972  0.47516672155397544  0.48375553465724913
  0.49076135260914133  0.49754412222565103  0.50397044627501131  0.51019847060423640
  0.51597735846147363  0.52138054162482927  0.52650372679983282  0.53144893648276470
  0.53696023334042187  0.54288929978839429  0.54882907637091904  0.55458248153760958
  0.56000003377910068  0.56473040803493824  0.56887042113254627  0.57314042369547380
  0.57785534040700437  0.58277400830949788  0.58771484891086412  0.59307558734854815
  0.59817676518758567  0.60323146758682866  0.60814080307585661  0.61287124439912788
  0.61744139045105029  0.62193605611547842  0.62670549711513779  0.63207674581165008
  0.63787371756931066  0.64355552561787377  0.64911411343791903  0.65457726380128278
  0.65991601777794573  0.66512235368408024  0.67034235477437942  0.67571526101149959
  0.68110759492563566  0.68611301175559658  0.69051098129012689  0.69483215617348348
  0.69935242457462132  0.70440020686963234  0.70959274617609713  0.71421045295270258
  0.71867603346081399  0.72307831898715502  0.72757793395261283  0.73194722222831754
  0.73619564121828507  0.74041453918789579  0.74473921161365675  0.74920884588448211
  0.75388354685835501  0.75863257520878691  0.76341663487776168  0.76906063008803560
  0.77535732782929123  0.78165891550767885  0.78798323005912385  0.79451380153658946
  0.80129231294473002  0.80800687051585096  0.81511151214430211  0.82332969996430716
  0.83218180396187413  0.84170641556939041  0.85241120607970311  0.86485531627885004
  0.87814878159452814  0.89421135627761317  0.92062645999586501  1.00000000000000000
   1.0235347417281330E-010  -1.0000000000000000     
 T T F F F F T T F F F F F F F F F F F F F F F F T T F F F F T T T T F F F F T T F F F F F F F F F F F F F F F F T T F F F F T T
  <DiscreteSampler_grid>
  grouped_processes
  1 # 1 for a reference and 2 for a running grid.
  10 # Attribute 'min_bin_probing_points' of the grid.
  1 # Attribute 'grid_mode' of the grid. 1=='default',2=='initialization'
  0.0000000000000000 # Attribute 'small_contrib_threshold' of the grid.
  0.5000000000000000 # Attribute 'damping_power' of the grid.
 # binID   n_entries weight   weight_sqr   abs_weight
    13   10   9.922772350665860E-005   3.956116169323974E-008   9.922772350665860E-005
    14   10   9.922772350665868E-005   3.956116169323978E-008   9.922772350665868E-005
    16   10   2.353650739496443E-005   2.211899262949794E-009   2.353650739496443E-005
    17   10   2.353650739496444E-005   2.211899262949795E-009   2.353650739496444E-005
  </DiscreteSampler_grid>
