  0.00456612533757257  0.00494792049110608  0.00521836468219333  0.00549656752895212
  0.00577587405849632  0.00607744589979681  0.00638396037749939  0.00679648221679204
  0.00723621832577020  0.00768993414630213  0.00814614970986570  0.00863918950773349
  0.00917216286695346  0.00982935869759120  0.01053280394343022  0.01127149435051779
  0.01210264034222914  0.01306963533102926  0.01416452371220974  0.01536605727142899
  0.01678289370665536  0.01838511841435408  0.02022018870597021  0.02236890094485572
  0.02484997096403389  0.02752140609581781  0.03034780651915846  0.03324472707207738
  0.03617442552937888  0.03890593413012991  0.04160539522317280  0.04461309950138936
  0.04785289560685243  0.05129040968090585  0.05492086650421796  0.05860339911632093
  0.06239885609090545  0.06633265529743168  0.07022346440932033  0.07449506905003997
  0.07882555006046724  0.08360040520937005  0.08872199837070770  0.09404671203992393
  0.09886907414684573  0.10364965826530247  0.10845084781636849  0.11378506873654626
  0.11920055023854335  0.12637420846384342  0.13419822930793102  0.14202399125711393
  0.14948195195583328  0.15793419913407442  0.16629516557043322  0.17542628353885836
  0.18338443214039293  0.19205573344848598  0.20067378261744326  0.21039252412409290
  0.21891316016852166  0.22734032252329039  0.23615146381459037  0.24609602386570131
  0.25550571192474392  0.26495286268653195  0.27401705094208456  0.28349572886186081
  0.30402299411713762  0.31991993365910532  0.32795125682015158  0.33739604078981505
  0.34656094342096427  0.35901218094789511  0.37515553405263874  0.38731964780465311
  0.39664567995767236  0.40615434536765133  0.41777101881342632  0.43375571438960653
  0.44798143586620892  0.45926851995035367  0.47289801907962320  0.50149593133867321
  0.51365647566191941  0.52355812329948415  0.53782737668190062  0.55314642946658876
  0.60489955255408179  0.62735443841261262  0.63977298488618584  0.65548909131965649
  0.67024424880281830  0.68491540111100035  0.70633497270539158  1.00000000000000000
 -0.00279731989593421  0.01157057969636618  0.02303452671539955  0.03573518275098328
  0.04842668907856579  0.06064720959375202  0.07228718954782529  0.08368673535103263
  0.09463326602962603  0.10515415041936094  0.11532875620783581  0.12536062225904562
  0.13661092164252769  0.14746493375888392  0.16010730320087549  0.17158550210298953
  0.18302462632170824  0.19334183806568808  0.20349844619490734  0.21331886126538852
  0.22344860832446264  0.23418932637666270  0.24576703036396988  0.25646449945024669
  0.26644307078347762  0.27610730447665160  0.28570904481950843  0.29572518182708074
  0.30620376283265927  0.31639792822000223  0.32644505636292082  0.33626426817918598
  0.34610927261831792  0.35702755175411416  0.36766373624884530  0.37830996802404721
  0.38800733915483099  0.39702338569943996  0.40592522146464993  0.41534232691836059
  0.42566895124950832  0.43664068980621334  0.44683317289901131  0.45712697458322527
  0.46697549261907756  0.47705315457356190  0.48709279781837500  0.49678119397256670
  0.50625044141139330  0.51610165173650613  0.52637675520236238  0.53654844206663832
  0.54638472933934989  0.55628186309573568  0.56637016605338675  0.57590404384248406
  0.58541767886335905  0.59484100313597021  0.60461049836224301  0.61360107519128571
  0.62259045543491320  0.63176125895998503  0.64090798616036437  0.65021844578237586
  0.66022192933222978  0.67102463411673852  0.68201179075037510  0.69229577768653994
  0.70210831356034331  0.71195089347140161  0.72213224098221307  0.73246205722844715
  0.74266979435201863  0.75291921796671779  0.76304083398020439  0.77318533675120082
  0.78322783556799791  0.79312878399484565  0.80344852223885377  0.81401701838781182
  0.82482907064497113  0.83587072922593042  0.84670333159535216  0.85742986100540974
  0.86814827839929043  0.87879723017742495  0.88961831570399885  0.90103293916552507
  0.91261755139910772  0.92355078187252448  0.93451332096153572  0.94716755432597866
  0.96041746740965039  0.97413978765856124  0.98691909568178615  1.00000000000000000
 -0.00174388973720341  0.00967995094949757  0.01979035035203849  0.03038171934370624
  0.04032434972117825  0.05044258486867684  0.06020212852668268  0.07001477863363817
  0.07971698016401589  0.09009712956016472  0.10115498155839671  0.11304828707413579
  0.12501784240516042  0.13646130486893579  0.14781164871441702  0.15890292273601833
  0.16988500258491712  0.17975488713024729  0.18978371379697909  0.20011420214019454
  0.21035245132228880  0.22060209169046904  0.23131214237643313  0.24225514419490121
  0.25316850832210519  0.26428427488600598  0.27445242147744475  0.28392894692518267
  0.29359136987158180  0.30372109051219820  0.31440236391898746  0.32488953946345744
  0.33482748037597576  0.34702641384894467  0.35844584757880049  0.36959694587814718
  0.38038432638908592  0.39160686576633036  0.40306409811908878  0.41402499147292338
  0.42543416420728714  0.43653283879174826  0.44739470139101162  0.45766553159525780
  0.46805147184185480  0.47901866066654714  0.48933702469227436  0.50004784036667715
  0.51072061315027428  0.52181048988735834  0.53284568329885884  0.54335396276666770
  0.55372021322524112  0.56435179653752376  0.57582119293150913  0.58722855447766831
  0.59799035493504993  0.60864853777935979  0.61925996036813113  0.63001796876673832
  0.64078498643912152  0.65117919967926685  0.66119709733963905  0.67129030931772637
  0.68225390416027254  0.69395078411260613  0.70514683698035241  0.71521824303299053
  0.72478447786041000  0.73424389496111908  0.74374870091802847  0.75357827376052644
  0.76361897305073700  0.77316426336416388  0.78254631784385109  0.79203797970230261
  0.80168521474783982  0.81168862707580547  0.82103063886502559  0.82981268337379177
  0.83870091517998724  0.84837386057140673  0.85879938080324714  0.86962105063850814
  0.88014131545562391  0.89083391051264993  0.90213216479683245  0.91414269352133837
  0.92595545024946002  0.93702322934337090  0.94715525046958193  0.95680023550611037
  0.96672195219038259  0.97737587028338957  0.98879633832167502  1.00000000000000000
  0.03944410296350894  0.04510257003340468  0.04953744273098625  0.05386927715317703
  0.05830113454194388  0.06240474753453034  0.06708776803305086  0.07186471483862295
  0.07756312947073066  0.08370840223149316  0.09090319461495192  0.09883800205360209
  0.10697304726660763  0.11559416662983410  0.12405963454516626  0.13222010619920788
  0.14099762851037950  0.14971484635386675  0.15866490472445144  0.16758878268440858
  0.17654786321771693  0.18563251981047380  0.19438739144546513  0.20303597728770184
  0.21157877849300868  0.22026356065577599  0.22902299053491423  0.23800582339844001
  0.24731698925385945  0.25711460930057128  0.26717899938997525  0.27761689372884091
  0.28879482253002431  0.30014270065749232  0.31230278547517104  0.32446462862901998
  0.33696842046244491  0.34928836608655267  0.36132560242535788  0.37300107508117858
  0.38486388477500172  0.39645786091331187  0.40796073535930649  0.42011346557154250
  0.43323732814502414  0.44594185357071553  0.45770680179375645  0.46916511032297908
  0.48047875052922534  0.49237567300241242  0.50420130139891250  0.51550291844936769
  0.52698884817259017  0.53887334382075902  0.55094097623334770  0.56272313248805284
  0.57426202820307892  0.58551080945906964  0.59657579315282305  0.60829154207004432
  0.62082497259771929  0.63303131603183593  0.64454558097386661  0.65570768595237738
  0.66746218296309456  0.67978164586355450  0.69245817232643048  0.70431821560671459
  0.71600756395270126  0.72792091783977275  0.73933298107250234  0.75041736787249969
  0.76112172677459966  0.77187100310174472  0.78235733062558310  0.79284861441786958
  0.80457635174493480  0.81560103505314174  0.82609294372430575  0.83581276682107464
  0.84483777203294208  0.85374370095875929  0.86232229435307040  0.87149673499566427
  0.88007700954592227  0.88843386467995800  0.89667481891440204  0.90503062998607664
  0.91358805499657403  0.92137810737590853  0.92894348415231320  0.93670162148221681
  0.94311540945327077  0.94923668345990042  0.95491562491943627  1.00000000000000000
 -0.00223282565481834  0.00928046674889969  0.01972939347651022  0.02949134507547007
  0.03896800310918370  0.04782121206938941  0.05659060073331137  0.06573749993381055
  0.07520305890734416  0.08474331813098510  0.09486022739346937  0.10528008557918560
  0.11590838255744683  0.12665882316639077  0.13780582718392878  0.14904615905270710
  0.15991603656850148  0.17063081479975004  0.18120790405848949  0.19196807642754965
  0.20241237045789137  0.21223475380391946  0.22139641089499038  0.23044047701148379
  0.23996429340900094  0.24950896631526137  0.26057413077565827  0.27160265627406610
  0.28308399090033753  0.29416376857184062  0.30498698657464651  0.31547729913632883
  0.32607219588037339  0.33706609371481511  0.34738579731219382  0.35740370767870239
  0.36760805310573713  0.37714030240855462  0.38679303763138506  0.39614782137839910
  0.40635039342361950  0.41681255763884256  0.42708604959953644  0.43744546866973705
  0.44765528641997449  0.45779506097365291  0.46844572512600952  0.47938966126425087
  0.49056805353930921  0.50155404492192246  0.51241500543191543  0.52270178242110943
  0.53195662243169561  0.54071262793939801  0.54983016801576368  0.55914617191571436
  0.56918399889613325  0.58010256605332755  0.59188109337231476  0.60387551718286980
  0.61539183430976196  0.62655780554173457  0.63738576370573619  0.64801717380370549
  0.65810784340071482  0.66815666434161047  0.67865673023097606  0.68931330746783992
  0.70032749366046587  0.71173757903219692  0.72349020186491664  0.73531394247397219
  0.74712742690638312  0.75914630136154770  0.77091024218543225  0.78211186852271508
  0.79306612674778043  0.80409245455490952  0.81486581333509056  0.82501161963161829
  0.83518748061688253  0.84543045851248277  0.85546924241830402  0.86520058765111829
  0.87516997291058873  0.88586277718771844  0.89670838782132312  0.90801631911235947
  0.91967210065171312  0.93242087161181841  0.94468987446629993  0.95709383536045167
  0.96786453606185519  0.97862550813847471  0.98876123762597301  1.00000000000000000
  0.01998691796312624  0.05558457670214259  0.08276855204878958  0.10476439482507964
  0.12432721406384686  0.14217914395896930  0.15928834454703308  0.17566358850765379
  0.19150390257246031  0.20654756328396706  0.22051494135769506  0.23442961774803689
  0.24810132479349153  0.26026093720514498  0.27143851061234142  0.28179449246295990
  0.29280442634089154  0.30406371799469628  0.31605368004515039  0.32786469293845993
  0.33923186917847414  0.35063422263909105  0.36222209996949456  0.37351172707510427
  0.38427766379717487  0.39500087607334550  0.40566911071152290  0.41621953785597932
  0.42691078689330625  0.43714681518427662  0.44690893859024450  0.45615367707873095
  0.46555847435744224  0.47541085696154839  0.48552470688348476  0.49553877991679679
  0.50505474387774874  0.51432555605379937  0.52321627768073042  0.53185185802927049
  0.54032458994087329  0.54884148583278902  0.55738560619155886  0.56578566061307778
  0.57391558962776956  0.58205105901431264  0.59042991780500542  0.59885440090584297
  0.60750459665971446  0.61638784552031667  0.62530535396171905  0.63409908208776999
  0.64309803874688398  0.65216900472966444  0.66098252739913732  0.66961305908489455
  0.67764419346212867  0.68587796206081519  0.69419000601570258  0.70208376568288700
  0.71017356384037367  0.71825065211098738  0.72655502851637865  0.73485851259194068
  0.74307182325379739  0.75141560752019576  0.75992298375878442  0.76846734529860805
  0.77648376072594505  0.78366376331931742  0.79048515915861151  0.79817708254235176
  0.80609447722292249  0.81420502183216270  0.82252264271138953  0.83092853684146928
  0.83887179947800306  0.84631269061462155  0.85358143850418433  0.86015154897141799
  0.86674229559613791  0.87339084792115562  0.88063221305335226  0.88801131175482917
  0.89503225027138356  0.90281282060165269  0.91065767829392485  0.91846398027974629
  0.92627576738975737  0.93409929979807194  0.94213017612773087  0.95058794962766635
  0.95893831444689603  0.96666962907965193  0.97101119405158143  1.00000000000000000
  0.14241498564580038  0.16558448296386247  0.18393632502476970  0.20028277651281023
  0.21604421225390544  0.23130050077166125  0.24567546771308488  0.25932627527957158
  0.27290248560012098  0.28652096264841520  0.29958559701146026  0.31148368738650717
  0.32253663706567515  0.33374253202672266  0.34432539404709100  0.35499808413375705
  0.36499667056696811  0.37483723830449683  0.38420141000419367  0.39322427957168332
  0.40182046588357190  0.41004384274159517  0.41850700137853269  0.42678535489066516
  0.43504622272724874  0.44317429446344758  0.45133161947079792  0.45968435926494283
  0.46855802967924415  0.47747755957453769  0.48592730337712248  0.49389592832807711
  0.50171343536088520  0.50935949220460863  0.51686045487143628  0.52447258827611631
  0.53224873124557026  0.53993272851159346  0.54741459657812042  0.55498825886612957
  0.56269843193630653  0.57032185677814162  0.57774456196654023  0.58493015782799862
  0.59191978294554182  0.59885897487228545  0.60576647478845003  0.61269455102284121
  0.61965980918233710  0.62634752107206704  0.63268495939392666  0.63906094905543265
  0.64554005360997158  0.65209870190499397  0.65871294061437347  0.66530158958752750
  0.67196878947426408  0.67842643956812620  0.68477642690662777  0.69148372092498878
  0.69856671471465925  0.70556554140090233  0.71224781883925625  0.71875328731161237
  0.72524770845584552  0.73164728379274069  0.73837679421191715  0.74491115072803038
  0.75089197644995309  0.75699921075375176  0.76306030662590918  0.76941443613416161
  0.77558046840305517  0.78103724407882669  0.78632557180232099  0.79148816133259503
  0.79677601866925707  0.80241651114753454  0.80821005147374880  0.81362844023630321
  0.81879950677948721  0.82354662731108752  0.82855733671917697  0.83436705015701074
  0.84074158035412483  0.84555625779626209  0.85059397525604807  0.85527088233759208
  0.85940331826793637  0.86384148854225762  0.86424218148679743  0.86464287443133725
  0.86541082289220517  0.86631176694612655  0.86721271100004782  1.00000000000000000
   1.0720678995949167E-012  -1.0000000000000000     
 T T F F F F T T F F F F F F F F F F F F F F F F T T F F F F T T T T F F F F T T F F F F F F F F F F F F F F F F T T F F F F T T
  <DiscreteSampler_grid>
  grouped_processes
  1 # 1 for a reference and 2 for a running grid.
  10 # Attribute 'min_bin_probing_points' of the grid.
  1 # Attribute 'grid_mode' of the grid. 1=='default',2=='initialization'
  0.0000000000000000 # Attribute 'small_contrib_threshold' of the grid.
  0.5000000000000000 # Attribute 'damping_power' of the grid.
 # binID   n_entries weight   weight_sqr   abs_weight
    13   10   4.225076510910740E-004   3.577915997965592E-007   4.225076510910740E-004
    14   10   4.225076510910723E-004   3.577915997965542E-007   4.225076510910723E-004
    16   10   5.318149289155654E-004   5.712857463176820E-007   5.318149289155654E-004
    17   10   5.318149289155632E-004   5.712857463176738E-007   5.318149289155632E-004
  </DiscreteSampler_grid>
