  0.00060306483138948  0.01651525375900694  0.03184723150929924  0.04614453810692563
  0.05888673430756113  0.07111265469493892  0.08316381962632144  0.09154033424756833
  0.09988431978007849  0.10883225822598142  0.11926106681053386  0.13079362800928818
  0.14192511428609345  0.15242139263126106  0.16522911770012808  0.17548430154768072
  0.18697740365276866  0.19876277710450899  0.20984122231096952  0.21931138053898111
  0.22811623764216440  0.23647367230316646  0.24458144907519852  0.25337689006244124
  0.26205503457756663  0.27180427745262892  0.28384840203659767  0.29667330588297502
  0.30906699326672404  0.32089738244664506  0.33250142908208452  0.34385729877071208
  0.35439753632247839  0.36420731610105378  0.37413357968808014  0.38439756760701438
  0.39611626066760747  0.40953664660795674  0.42129515892040437  0.43251172763307444
  0.44279596391730180  0.45244482632251032  0.46264653235941189  0.47278811525686176
  0.48321100654766219  0.49335168751808883  0.50385452735929093  0.51550054726211536
  0.52762430356807744  0.54059255234281978  0.55398670413107987  0.56569879378808585
  0.57480675893198885  0.58406386975222235  0.59415043860168493  0.60475870433829748
  0.61414857408526569  0.62382629728832506  0.63696525855167263  0.64964643870859839
  0.65910932859460802  0.66838004123609684  0.67701776362107435  0.68501774972589946
  0.69266096232034657  0.69978654299712584  0.70735114859003789  0.71685800484120676
  0.72764531919896291  0.73862015688112648  0.74949058540312230  0.76056725783063328
  0.77180527713382130  0.78222103529206977  0.79106268601664209  0.79733417425646425
  0.80349358918227221  0.81173440032461586  0.82074422955001092  0.82930194825552306
  0.83753345330419582  0.84566605180332832  0.85434163620423020  0.86547157392490748
  0.87724732109414028  0.88782476191670590  0.89783781941615404  0.90784525057059606
  0.91830753995993775  0.92939811368792724  0.94078521537996462  0.95206174486701889
  0.96353758672051848  0.97560090697490343  0.98748404735900075  1.00000000000000000
 -0.00003494446849912  0.00077401948542702  0.00299642904883900  0.00668921290899578
  0.01079186495924686  0.01578623982436603  0.02121126917988850  0.02680583623565441
  0.03289447491412745  0.04022023969807320  0.04857411995710575  0.05788483259855347
  0.06742860286916018  0.07706136501425943  0.08708803022059786  0.09748771669876047
  0.10777760670236605  0.11773713075938930  0.12757244987168265  0.13743991691503171
  0.14730041569402880  0.15733036836208050  0.16662323397031811  0.17550490174208630
  0.18477961041655247  0.19335505770293424  0.20168865980499573  0.20987688454248923
  0.21799273645566522  0.22605157274367627  0.23474402081960344  0.24298086204103173
  0.25013820081288912  0.25761070986071238  0.26526043295182783  0.27389072638634654
  0.28360221878332992  0.29369055924489151  0.30361224403781861  0.31346689864669597
  0.32351021358383980  0.33378518924359868  0.34429226227205045  0.35499728702316358
  0.36578446314516738  0.37676232525582998  0.38814491056738609  0.39935703941452050
  0.41054915989366580  0.42161853535794874  0.43181460026695451  0.44167546540814423
  0.45158504741349403  0.46160505043668337  0.47260579563752497  0.48505665674269660
  0.49808392119036676  0.51111028454410579  0.52400074241847105  0.53639854464844483
  0.54838223923202178  0.56055125990141608  0.57262014560732721  0.58482422833663017
  0.59762689054173068  0.61119158420031672  0.62536115796525116  0.63993250578664262
  0.65495985634482123  0.66701651204617340  0.67959346694389566  0.69204200294895735
  0.70345566556568917  0.71436963671222942  0.72576980181374184  0.73722476900756173
  0.74869310329285221  0.76090359049736467  0.77366949552327635  0.78667003794022261
  0.79945053850247472  0.81232256934358826  0.82475597649417876  0.83713388103116393
  0.84964962102999775  0.86226709041108329  0.87524971032751231  0.88907395027146641
  0.90422530688590153  0.91905660063364847  0.93346729916355908  0.94733941149586909
  0.96077389639254041  0.97396980625648655  0.98699486516502888  1.00000000000000000
 -0.00393384187563305  0.01218920179454721  0.02551987576038418  0.03752372601533766
  0.04916728717098612  0.06087049365628875  0.07254874392780022  0.08368262944847640
  0.09470500476425979  0.10576835882932435  0.11702782453641920  0.12900494572304888
  0.14002508521774193  0.14989482632259174  0.15999593426423983  0.16995468200993880
  0.18102723745752369  0.19306052400357726  0.20428967689965088  0.21373155947856964
  0.22211185904098021  0.23032093871411483  0.23879135181088840  0.24728632410602724
  0.25618843282074932  0.26455343652682561  0.27621970583021388  0.29088648741823092
  0.30597124691274180  0.31971729955115774  0.33185795479510899  0.34349729735452478
  0.35474582929662213  0.36609119521876637  0.37745958552821962  0.38832896551598794
  0.39688369485970959  0.40569178875511214  0.41491074733681649  0.42410244121833168
  0.43319919251183070  0.44224722566082075  0.45176300461275237  0.46277290966305279
  0.47444592830995114  0.48553100865724458  0.49654280982213761  0.50774991581027318
  0.51891499589921242  0.53042799253317197  0.54174815199976645  0.55131806650757054
  0.55983678517632318  0.56880782846593436  0.57846669953631558  0.58809010964835851
  0.59699207882099048  0.60618673594594796  0.61804157327516629  0.62983890052996827
  0.64074547489959222  0.65178551643024252  0.66306969436195773  0.67461632643590819
  0.68651587741809361  0.69848281946546886  0.71091930017627691  0.72435473780275206
  0.73632771617361059  0.74721412275544308  0.75692077601660623  0.76637486970689650
  0.77597774213259518  0.78538386804308435  0.79698052380131479  0.80932863804329425
  0.82186073153552464  0.83447669250766143  0.84729137752276107  0.86003053544943653
  0.87160795269892488  0.88176818830368675  0.89071923444783307  0.89855606862607684
  0.90577112479968580  0.91454482516833280  0.92278319330674830  0.93068903243910384
  0.93943299950508086  0.94859676783793900  0.95565489364418865  0.96275507824114559
  0.97121740364431985  0.98039290466065188  0.99013221210776847  1.00000000000000000
 -0.00285357366696978  0.00943827293789436  0.02021627071296083  0.02954768295770839
  0.03839809745202798  0.04700658220502385  0.05570210367094577  0.06470790657403433
  0.07301692856595912  0.08088840689111626  0.08875855546533129  0.09706710740804365
  0.10685649796370529  0.11915121764338943  0.13309384606507391  0.14550470031691107
  0.15581875432655129  0.16555174432424508  0.17587747051795127  0.18488064325693881
  0.19324984966041878  0.20116525598158036  0.21008070575088383  0.22038461763505598
  0.23173087696320771  0.24466375034079993  0.25740313977053197  0.26986805454956636
  0.28179348189128733  0.29369314501577787  0.30587626033259563  0.31794972561886969
  0.32971764386451718  0.34220110612797155  0.35454644426007131  0.36668381419581814
  0.37857118173238413  0.38917857420963869  0.40112580742356824  0.41299693607028504
  0.42388866050150226  0.43412089436328866  0.44365398029882591  0.45298058018470244
  0.46357294832205592  0.47633658839596127  0.49468976805717979  0.51321662441768268
  0.52993422434476967  0.54555717288802430  0.56056301173179690  0.57574905186662872
  0.59133955083331557  0.60815632071239500  0.62266452606368594  0.63612245537478163
  0.64905574443659930  0.66113290904047672  0.67278528239067115  0.68582965883567604
  0.69757541012467783  0.70801327429691241  0.71833370579127132  0.73022561760114646
  0.74169822924314233  0.75309759109581487  0.76587606772957495  0.77814559738639155
  0.79133211281713123  0.80403219853920438  0.81631838331291839  0.82866298975224484
  0.84015681292407285  0.85080903830023358  0.86208415563723984  0.87259645827635945
  0.87986465239451694  0.88712836879365575  0.89472770192407436  0.90011473924835661
  0.90500269781104914  0.91077134835847640  0.91753258637828294  0.92352647621608730
  0.92900424585269292  0.93436950007325148  0.94009710632331045  0.94637389389184401
  0.95228654992327955  0.95824982055059693  0.96505649998025289  0.97261440803331256
  0.97932765628752194  0.98615412182726103  0.99268511156832506  1.00000000000000000
 -0.00252583770389834  0.00944088592026086  0.02037895737085630  0.03010609080111044
  0.03976050420548452  0.05044828332943553  0.06008947687369357  0.06973685533106075
  0.07877738223465552  0.08949053457348188  0.10170406095788354  0.11512771220817661
  0.12690132046850255  0.13848355191979464  0.15020204323076894  0.16223358768150195
  0.17435190498719907  0.18612688120872434  0.19723666361815073  0.20825024624490562
  0.21913099152216048  0.22907301039662603  0.23844028400277062  0.24839046960557393
  0.25892201059591352  0.26973680787417320  0.28034765678890311  0.29023391324004116
  0.29963154483954291  0.30951412744232376  0.31982980521167526  0.33004635478426808
  0.33967478567119869  0.34850187685824807  0.35756095106283942  0.36716097542599579
  0.37722082382335770  0.38617656302276770  0.39566446657055671  0.40624101213148522
  0.41738023889793591  0.42826717064348840  0.43975846718226808  0.45275465636982964
  0.46613484782687487  0.47976048792933451  0.49366074563802781  0.50803261994542104
  0.52230261490785101  0.53510509347222390  0.54680871804923570  0.55825171889686431
  0.56975644981319118  0.58233680008619115  0.59601410852068748  0.60889278827212479
  0.62089260901828425  0.63279823508943256  0.64501181851545930  0.65699894589017183
  0.66786580060084599  0.67782773764218551  0.68753137897434491  0.69683379532812761
  0.70570565656230544  0.71415142806664522  0.72316267961937608  0.73314197823884175
  0.74294151474902392  0.75207858484751700  0.76072551336336913  0.76993177839222948
  0.77959500297440221  0.78883659573771303  0.79608483617986847  0.80264256652249621
  0.80908197315858676  0.81606085764026615  0.82328318018549806  0.83056604334549833
  0.83832657348535644  0.84500062469127812  0.85194774658773809  0.86126893926989301
  0.87226001368222139  0.88336290367028925  0.89519511460534806  0.90790171769096872
  0.92020617596689691  0.93184545578430233  0.94297571694398497  0.95393195276852727
  0.96511326485915738  0.97681386419518856  0.98814558653644169  1.00000000000000000
 -0.07491525848446262  0.83489453578899686  0.91373284517671649  0.94241763995954508
  0.95774501050885930  0.96335094602733395  0.96761258132730066  0.97133165728281634
  0.97443435584293758  0.97711504524802817  0.97941797559807886  0.98125093625843907
  0.98292530435401571  0.98440112233467547  0.98575055813086332  0.98694260432265368
  0.98807256502993823  0.98910971854489060  0.98999788975925840  0.99079084062700085
  0.99151007327749419  0.99214878983391042  0.99271247974494947  0.99322385052740714
  0.99369079871269239  0.99412444015848977  0.99452442542636921  0.99489706883978990
  0.99523985985837138  0.99555452653178900  0.99584110244192392  0.99608937097181427
  0.99632268288417503  0.99652997391550691  0.99672071057525580  0.99690092846970557
  0.99707405703141005  0.99722669677849929  0.99736155037959517  0.99749161957045529
  0.99761592409162336  0.99773193124915638  0.99784082925988893  0.99794502907797789
  0.99803353208987577  0.99812081265508967  0.99820637347517260  0.99828853437013965
  0.99836732578069398  0.99844427145491921  0.99852087735365103  0.99858396234746838
  0.99864085654591028  0.99869334669971110  0.99874268376162390  0.99879182160844726
  0.99883999927811318  0.99888594558499622  0.99893063826345252  0.99897414330025747
  0.99901598954592274  0.99905637206771070  0.99909439775796027  0.99913120420091295
  0.99916736498168335  0.99920215358618758  0.99923618032499018  0.99926882204908896
  0.99929968937379221  0.99933026982235551  0.99935952911529102  0.99938791921337211
  0.99941584653045645  0.99944282310286237  0.99946941099380859  0.99949567595669497
  0.99952043671518431  0.99954486189798142  0.99956896379240645  0.99959207294313923
  0.99961482206176411  0.99963715851816359  0.99965961250272928  0.99968151173012931
  0.99970259802611250  0.99972374884726090  0.99974485998965468  0.99976590069011351
  0.99978705841704962  0.99980825726196187  0.99982950249773639  0.99985461831049427
  0.99988156158385211  0.99991038791449793  0.99995057759926875  1.00000000000000000
 -0.02016540659386403  0.12653162836539184  0.18907336691622095  0.22664005560027659
  0.25484103215839915  0.27569281883733326  0.29221651622594308  0.30869436582753967
  0.32436509951750192  0.33823719053760437  0.35348504703695216  0.36553175378827707
  0.37893595979654610  0.38990625952928565  0.40010210601560903  0.40934950305904511
  0.41850546439703640  0.42841393614054102  0.43812460588505148  0.44761692043227191
  0.45727965540309623  0.46712377756462725  0.47646948380182419  0.48559129611919843
  0.49329052986323058  0.49998929531828656  0.50649057552814958  0.51269832561440731
  0.51856086971926874  0.52393287534036526  0.52808313080552816  0.53291937730160743
  0.53852088286459721  0.54411003555589599  0.54974676104779596  0.55546450010852499
  0.56095783860039883  0.56647836877010704  0.57188589863787886  0.57706471981805985
  0.58194733529472964  0.58756099491986091  0.59448263925540779  0.60052417580916839
  0.60628567285966684  0.61179403337272908  0.61728833864852906  0.62290266519667392
  0.62864453135405740  0.63458802369552447  0.64123192498324566  0.64580156753871831
  0.64977543064514676  0.65337588645734224  0.65705213331788437  0.66100507857308466
  0.66553795327472098  0.66939086175923157  0.67281240619525484  0.67625379070985314
  0.67955626156336257  0.68353042905278216  0.68755464534976818  0.69149805729364100
  0.69549943225509647  0.69966633993825356  0.70385421588767239  0.70830353377488608
  0.71343499276266686  0.71947765446782663  0.72508177879627578  0.73122311914221183
  0.73739693529243977  0.74340506220844427  0.74939627069237469  0.75549555119337863
  0.76158083256344611  0.76746633779704365  0.77311430290602634  0.77877685982090705
  0.78432520419361318  0.78972489781749844  0.79561545196792272  0.80194753617209280
  0.80864113616772559  0.81643436395235014  0.82547135618476541  0.83562684022697076
  0.84566007143691668  0.85626859332200334  0.86734228310371053  0.87964749369297934
  0.89317070738869075  0.90891641168554127  0.93085474957273762  1.00000000000000000
   1.3430418094375833E-009  -1.0000000000000000     
 T T F F F F T T F F F F F F F F F F F F F F F F T T F F F F T T T T F F F F T T F F F F F F F F F F F F F F F F T T F F F F T T
  <DiscreteSampler_grid>
  grouped_processes
  1 # 1 for a reference and 2 for a running grid.
  10 # Attribute 'min_bin_probing_points' of the grid.
  1 # Attribute 'grid_mode' of the grid. 1=='default',2=='initialization'
  0.0000000000000000 # Attribute 'small_contrib_threshold' of the grid.
  0.5000000000000000 # Attribute 'damping_power' of the grid.
 # binID   n_entries weight   weight_sqr   abs_weight
    13   10   2.074436593686562E-001   2.384071761556278E-001   2.074436593686562E-001
    14   10   2.074436593686564E-001   2.384071761556281E-001   2.074436593686564E-001
    16   10   6.016961256377461E-002   2.011836362813018E-002   6.016961256377461E-002
    17   10   6.016961256377466E-002   2.011836362813020E-002   6.016961256377466E-002
  </DiscreteSampler_grid>
