  0.00213631868111244  0.01353107910088100  0.02584876930119239  0.03718445208873045
  0.04817024705506631  0.05886185212564824  0.06921556614628829  0.07957222731076836
  0.09075127023703665  0.10251475835208763  0.11427909799941424  0.12585383888880083
  0.13697845436979667  0.14712984953249383  0.15586861941251737  0.16433500836972392
  0.17341312268682113  0.18311361105522644  0.19239144702191138  0.20104968467534753
  0.21044514290275665  0.22097687854697134  0.23165966508340932  0.24160918509717166
  0.25222981987767867  0.26456793025563652  0.27726887798742483  0.28884718975288071
  0.30098960045968798  0.31356613849061016  0.32684973716056120  0.34037957618948461
  0.35400506395702253  0.36761781094723389  0.38125697893925248  0.39480831290158730
  0.40794848224612634  0.42026903678634547  0.43129481942044579  0.44030904772457691
  0.44788867548695405  0.45585889279527542  0.46325090186118451  0.47080542191118013
  0.47886805068432126  0.48726561377529937  0.49522334949802271  0.50324743076359091
  0.51371511733995023  0.52529516370282070  0.53772337579721041  0.54675590513393435
  0.55637638150473745  0.56606461951211551  0.57575481897450931  0.58497664431308061
  0.59531378695472337  0.60569976198375630  0.61641900102599356  0.62832032870047139
  0.63888673653803718  0.64992094195957728  0.66126020491887005  0.67332224225138415
  0.68564767271281413  0.69777970243581300  0.70937646037779178  0.72058027081761433
  0.73153558846595013  0.74201114245880839  0.75204877242147905  0.76241718011128690
  0.77308180196365495  0.78306077145530584  0.79226446687868224  0.80104986736648942
  0.80965174811738594  0.81841740612816360  0.82756259579163405  0.83743388488671910
  0.84732765699260582  0.85635470601997110  0.86480311275103372  0.87383096150043216
  0.88443998981871907  0.89657924923053556  0.90977298494357484  0.92135097756570661
  0.93040078552656047  0.93855810438113119  0.94687434497470147  0.95542393180438501
  0.96452745662086903  0.97300932568265952  0.98149753460120648  1.00000000000000000
 -0.00003993629853908  0.00086622930931079  0.00334459133689519  0.00732917680428045
  0.01255661188091240  0.01750441993753556  0.02205664344575067  0.02700828719851786
  0.03224826401776500  0.03786248528216021  0.04300061041576823  0.04904200321497536
  0.05671277088984191  0.06571067880725265  0.07461748148664971  0.08413265399385247
  0.09286156911327023  0.10078211939122669  0.10889339298649264  0.11705837970359151
  0.12498184509460407  0.13389443258555583  0.14394668205296937  0.15325711301438474
  0.16123695139171498  0.16934973589757474  0.17810016126762501  0.18718691534254417
  0.19692196437957904  0.20640889914128133  0.21639355567798491  0.22743525815139737
  0.23863484218327685  0.24990227377544358  0.26195060259391700  0.27426458859837161
  0.28642073370169996  0.29912101017888415  0.31151795557694012  0.32157335519892422
  0.32971952804629934  0.33751559218965732  0.34533211010359011  0.35344529971399263
  0.36256941957201605  0.37278998585804962  0.38288605371566481  0.39256549093789417
  0.40232287836300806  0.41250568987219732  0.42300228420933372  0.43310693007776990
  0.44279931682073809  0.45214154936393436  0.46221776673280257  0.47390317731796644
  0.48695380910455083  0.50152753937913996  0.51539286904731074  0.52872076507479715
  0.54165742826277397  0.55435478868053445  0.56694733452971025  0.57923907302747346
  0.59057876837314949  0.60172478351996439  0.61312450809129604  0.62514345039296748
  0.63664897691996414  0.64725095722389669  0.65732328094012449  0.66780363140062626
  0.67930118501933201  0.69118176485073290  0.70295206468387783  0.71501611796328346
  0.72724570357703400  0.74036269237945107  0.75445534324950903  0.76935009661150822
  0.78428029962731616  0.79883803866269465  0.81294891041933226  0.82703874887490691
  0.84129459341497370  0.85566127343535869  0.87013177455305646  0.88470550052560715
  0.89933135006831022  0.91337027309319663  0.92760966608738737  0.94210438553135278
  0.95657138891803517  0.97094477670570256  0.98539577014471447  1.00000000000000000
 -0.00346245652733603  0.01145103221973419  0.02478023508501552  0.03631347326236389
  0.04628933519436509  0.05544102451396381  0.06541563983239661  0.07617080405226384
  0.08636664714849283  0.09569403299261359  0.10482003238549883  0.11468798909531806
  0.12525862094737794  0.13627375699698199  0.14734563236951934  0.15785708150693617
  0.16784393117179280  0.17747394019108714  0.18754137790830494  0.19863775816867227
  0.21046027874419640  0.22260136382110707  0.23466769110774971  0.24642782656052237
  0.25801854168685923  0.26938108793434501  0.28023256684196818  0.29072035019793835
  0.30139772720117686  0.31228704724229739  0.32227064531840022  0.33064984901827588
  0.33846922227071419  0.34678924337456379  0.35654513180920588  0.36809024101275784
  0.37852025830667146  0.38762509438331377  0.39679556823098844  0.40712294728635795
  0.41802150251764025  0.42831676005742625  0.43936849380655246  0.45317267441476855
  0.46653576166725164  0.47786433570025394  0.48751912723383256  0.49647672857221986
  0.50565321759528814  0.51563204974258292  0.52762842491759809  0.53996504941074452
  0.55088303761101198  0.56149346325876492  0.57201855896751941  0.58284725778917978
  0.59345907493045491  0.60498886880259550  0.61857380936093465  0.63329518470570700
  0.64733818502672924  0.65889628620618312  0.67142805348889323  0.68335747661799473
  0.69371650179280164  0.70319920450602758  0.71310946883395421  0.72274333968251014
  0.73221262268234133  0.74148354467400435  0.75147788157036299  0.76356510251202336
  0.77778405369825265  0.79129736890933200  0.80360233501507117  0.81571500151497733
  0.82751062260908026  0.83921452093209825  0.85054270307534163  0.86054504988964242
  0.86943066294124394  0.87773660588207647  0.88529025207462275  0.89233559313533772
  0.89950702302431529  0.90736051810580165  0.91447873193641149  0.92182085006283099
  0.92988819362807973  0.93718599845189987  0.94674521338488860  0.95890914260422555
  0.96988597612679628  0.98000332201046025  0.98991188792995555  1.00000000000000000
 -0.00063772322686510  0.00569252013894357  0.01069440138090657  0.01571803368531811
  0.02141815340467635  0.02747277324734181  0.03320298781371551  0.03874787912549457
  0.04498779150397530  0.05219846691737814  0.06013959353091743  0.06893073177814825
  0.07843508435558144  0.08775681017757926  0.09650543292251407  0.10498398332173672
  0.11348576072318080  0.12171120426542648  0.12881167616987382  0.13482261435361323
  0.14077801882084678  0.14760264457030972  0.15492674707554313  0.16233544409710252
  0.16980174470019202  0.17683864987366513  0.18347043000598992  0.19151758848336203
  0.20169614627734289  0.21093412058134209  0.21983618870156771  0.22830425893764675
  0.23732853343774185  0.24754042770087553  0.25979433879501507  0.27309056207247173
  0.28631693097538163  0.29897701133388355  0.31136672715481994  0.32416357075482505
  0.33689246917907079  0.34956700195391266  0.36203381517748390  0.37432691007463265
  0.38660806904055989  0.39859864494608255  0.41083853960466726  0.42442688518339589
  0.43895685031742321  0.45404208888928321  0.46990452651896131  0.48527118887215120
  0.50146773501505448  0.51694944017138367  0.53212707425065842  0.54787953125652133
  0.56376186672664008  0.58205682600861519  0.59800497504708516  0.61161233060995446
  0.62444505497637248  0.63715437008027254  0.65276191724275523  0.66649082489034861
  0.67979580409977569  0.69178702267909176  0.70341215256517697  0.71539405613755369
  0.72642127153040825  0.73576190785878537  0.74365520246682082  0.75160226293757026
  0.75967937515379602  0.76834077142599799  0.77818243981212165  0.78779038737188478
  0.79731318588502464  0.80717920637957552  0.81685372099209141  0.82672737651145334
  0.83705422037329991  0.84730250655892414  0.85707316974870074  0.86617414651359304
  0.87520184638628651  0.88502881176739201  0.89537339623628642  0.90549676845262772
  0.91585482750701719  0.92643928146755017  0.93681873432298890  0.94659889461347613
  0.95725953533994335  0.96983791454355628  0.98410629631711732  1.00000000000000000
 -0.00209727378714238  0.00822390360290151  0.01757436027253274  0.02837417981393186
  0.03822997795178924  0.04779504530194176  0.05737973042974405  0.07054033510550575
  0.08439144203476992  0.09779466107816276  0.11081331817447480  0.12344743213314430
  0.13602104069686863  0.14841315290789994  0.16023276664040925  0.17152651557865145
  0.18229438527069061  0.19271718146604652  0.20298535052927077  0.21244612377249256
  0.22149582362007572  0.23096072322243233  0.24081744570428273  0.25011616287912503
  0.25838051345548285  0.26637747828456709  0.27389359957260412  0.28108216003945485
  0.28967983375996209  0.29813111394524827  0.30530208098521777  0.31328500644491886
  0.32477727606805412  0.33830846039290613  0.35171141567054326  0.36438971394416925
  0.37738671342833841  0.38999849413683829  0.40233260562229833  0.41490767862232886
  0.42769828559198408  0.43942021685329558  0.45043941010980598  0.46174163324348894
  0.47371705600269204  0.48626444128404051  0.49830106649317607  0.50917343280160232
  0.51940467572611315  0.52947241835792780  0.53926415174425069  0.54837793409059676
  0.55733170354344919  0.56677958147194696  0.57733852943193253  0.58806032001520647
  0.59762785175764288  0.60678371177896795  0.61712069247469747  0.62732976209429336
  0.63756414862899236  0.64729040271180605  0.65601393242565353  0.66480120240622620
  0.67397453817281916  0.68346340672378281  0.69366731570227858  0.70423272775217438
  0.71465507041181575  0.72487649908170415  0.73533162310009403  0.74638214013022697
  0.75628495544447927  0.76636413187837582  0.77584037556689189  0.78529961993147335
  0.79608984050401510  0.80727196115334332  0.81612941217804802  0.82505560836148495
  0.83369657215976867  0.84299664485161974  0.85520081001714987  0.86696544541977583
  0.87804236893633658  0.88871555117801948  0.89972774166338976  0.91276704864016545
  0.92400766543143498  0.93474238194573478  0.94586776237719750  0.95797702661681028
  0.96989572645963273  0.98088270454129023  0.99079546903126103  1.00000000000000000
 -0.06538747295491378  0.83155639565577522  0.91011052775298429  0.94142010258181008
  0.95771855770701320  0.96299895138400660  0.96715427411376476  0.97072839590242332
  0.97388791077876014  0.97665380896766052  0.97909844555179781  0.98095133222519115
  0.98262735286864478  0.98412963607457626  0.98549647738379009  0.98672014828621746
  0.98780042709831861  0.98875818292570095  0.98963537580241956  0.99044938025237350
  0.99117133035775129  0.99182003072933289  0.99241485404192220  0.99295978110117378
  0.99346032594457023  0.99391900155316337  0.99434064256058141  0.99472212435055252
  0.99507691663496900  0.99539510896430905  0.99566538109140457  0.99592308316732003
  0.99615351280199438  0.99637015654757466  0.99657482582460166  0.99676932874668278
  0.99694488210262033  0.99711064475632694  0.99726279671774454  0.99740432183143568
  0.99753322648557596  0.99765535250312076  0.99777346215421603  0.99788774352265142
  0.99799765097981519  0.99808701376089826  0.99817028254992723  0.99825044907960303
  0.99832559183226521  0.99839644483191337  0.99846453759439024  0.99853134201138660
  0.99859822998817627  0.99865363137091911  0.99870731657814882  0.99875826128394862
  0.99880664806726838  0.99885418357258537  0.99890094844351285  0.99894616432644112
  0.99899020865960497  0.99903255931247215  0.99907181381884269  0.99911052851794613
  0.99914784266994305  0.99918387926754781  0.99921947682760248  0.99925345972920354
  0.99928683640193749  0.99931998099445596  0.99934839453355506  0.99937641712401770
  0.99940401464869755  0.99943043357619310  0.99945600347483665  0.99948114809617983
  0.99950595161969202  0.99953015080652274  0.99955401474750472  0.99957756120715480
  0.99959951462446417  0.99962134180963180  0.99964304744489507  0.99966474011098039
  0.99968648974021301  0.99970833859844899  0.99973015372443752  0.99975223735915497
  0.99977507981415015  0.99979769238877347  0.99982067378018413  0.99984637610006211
  0.99987467715460943  0.99990644290702602  0.99994752900442430  1.00000000000000000
 -0.02056665077579495  0.12095302542413072  0.18507908810950696  0.22524520041301235
  0.25546272878096504  0.27514906648597465  0.29139166218618640  0.30666096078256166
  0.32035085305598082  0.33221167250092859  0.34176580292275222  0.35078491594553057
  0.35975181156883140  0.36824463822700709  0.37621732937628105  0.38444534150278148
  0.39245005345814521  0.40077826439019448  0.41052660647209122  0.41925381612066281
  0.42732098497013860  0.43522605096223249  0.44312902791908332  0.45041498934154794
  0.45776675256219290  0.46508587982192440  0.47218754535027502  0.47912475832600443
  0.48607585703029121  0.49307913045574420  0.49989377107219662  0.50625394412304203
  0.51231361416178356  0.51840985341560997  0.52439438931538773  0.53028120702720694
  0.53613053094681173  0.54185180088046525  0.54742968493883326  0.55303236581832038
  0.55875416732829897  0.56413231065490499  0.56912918078905161  0.57380096153973503
  0.57835725044877484  0.58280778473968908  0.58711701914357728  0.59168710396103785
  0.59686915435667121  0.60258819682884246  0.60833995353571813  0.61382033856983587
  0.61918683591526058  0.62457821045091155  0.62985746425651234  0.63553214629305055
  0.64138471186099111  0.64717007476114585  0.65303359120679960  0.65891871168405036
  0.66471828517444609  0.67038852696954154  0.67600457518368473  0.68144215628576355
  0.68713731122787147  0.69311177695218007  0.69921172304028756  0.70534242096783195
  0.71220393366071355  0.71869894948394397  0.72488990882667981  0.73059243199457680
  0.73573211077219158  0.74088433951670241  0.74661624962748885  0.75264694380599162
  0.75862219785023666  0.76456430069035763  0.77049328429270592  0.77645075148975606
  0.78216284902057054  0.78786209659766104  0.79351441449418358  0.79948409639396123
  0.80558586177507008  0.81162454987614407  0.81753748921514691  0.82387155730534223
  0.83172888391623712  0.84042029491823389  0.84907896235798885  0.85871311622860635
  0.87268527920169026  0.89475519206894394  0.92497834295340753  1.00000000000000000
   3.3246639685779000E-009  -1.0000000000000000     
 T T F F F F T T F F F F F F F F F F F F F F F F T T F F F F T T T T F F F F T T F F F F F F F F F F F F F F F F T T F F F F T T
  <DiscreteSampler_grid>
  grouped_processes
  1 # 1 for a reference and 2 for a running grid.
  10 # Attribute 'min_bin_probing_points' of the grid.
  1 # Attribute 'grid_mode' of the grid. 1=='default',2=='initialization'
  0.0000000000000000 # Attribute 'small_contrib_threshold' of the grid.
  0.5000000000000000 # Attribute 'damping_power' of the grid.
 # binID   n_entries weight   weight_sqr   abs_weight
    13   10   2.395502643590791E-001   3.858646612977236E-001   2.395502643590791E-001
    14   10   2.395502643590792E-001   3.858646612977241E-001   2.395502643590792E-001
    16   10   1.923889444122396E-001   2.476244943049652E-001   1.923889444122396E-001
    17   10   1.923889444122398E-001   2.476244943049656E-001   1.923889444122398E-001
  </DiscreteSampler_grid>
