  0.00233937457123432  0.01344728098517205  0.02524696019997435  0.03566698272064106
  0.04607866360723543  0.05714628208413431  0.06922764426868791  0.08216716416321609
  0.09552752551238267  0.10851080689268942  0.12035153494627764  0.13077250061042697
  0.14059002072673316  0.15092125615815483  0.16166399141519536  0.17223165443187996
  0.18236642684245966  0.19344707114040666  0.20595710459875963  0.21716313651960512
  0.22788785874255282  0.23664008108864348  0.24467935184297343  0.25138672449570038
  0.25832411731769067  0.26636702927743655  0.27446526366925800  0.28267700316097527
  0.29123340449078766  0.30256312474388070  0.31643453294140722  0.32929174043148673
  0.34179276490944172  0.35426543186491866  0.36779645704904673  0.37989117951525236
  0.38974637170110865  0.39948781967486352  0.40940425693525889  0.41909092197840386
  0.42805339199876380  0.43733456765515999  0.44672611758749314  0.45629158782774176
  0.46609265659549631  0.47514533153980959  0.48892615034849929  0.50203746577249431
  0.51523285472227531  0.52896305079209449  0.54337628902123880  0.55859156450474745
  0.57408783336770286  0.58722655138477875  0.59958552602561976  0.61158234657058752
  0.62366903365950865  0.63584053737720125  0.64746679493503445  0.65856898762615812
  0.66870494495800670  0.67813848562950352  0.68794338431423385  0.69749961450244380
  0.70601290459112731  0.71366961780122273  0.72109439675429021  0.72835510539873238
  0.73610219595252524  0.74540705617224678  0.75471354541265301  0.76348771856024322
  0.77221992295510566  0.78114379146403479  0.78989336232306862  0.79855207354730051
  0.80748325481394667  0.81713345941882587  0.82614632179012881  0.83432296781544601
  0.84260665063593720  0.85130507134345690  0.86151761634230517  0.87067529276991085
  0.88276135404443545  0.89415598632502991  0.90355032405498137  0.91359846350475171
  0.92403874433880506  0.93495950559931806  0.94559956355078434  0.95544293197268826
  0.96607325464537519  0.97690516858887255  0.98802080178928575  1.00000000000000000
 -0.00004763714116971  0.00092160391873349  0.00339921062421050  0.00628077675130492
  0.01029213242427393  0.01529293940809250  0.02131996544473095  0.02705061528999124
  0.03314643833153452  0.04120392999026183  0.04723919193523950  0.05327114169510097
  0.05968511407519815  0.06580741651734565  0.07237788625859885  0.07812427059737663
  0.08364541568992921  0.09025765735222181  0.09856107555225453  0.10767552703788878
  0.11841150352103236  0.13010997385369505  0.14155637659403522  0.15288913936213933
  0.16413505060096414  0.17423121577235437  0.18500435014947203  0.19436934479113221
  0.20339020871238875  0.21206393120765832  0.21999271224162384  0.22815293569650236
  0.23624268099445087  0.24535164237772908  0.25554434366684703  0.26543564369486761
  0.27440887014411447  0.28411009623634875  0.29487908966991910  0.30536347939699826
  0.31582556153996849  0.32585731602943391  0.33780941548142418  0.35041430645772886
  0.36302006870868714  0.37647316009902465  0.39012273041102674  0.40317820274575755
  0.41497482848368245  0.42511856130748937  0.43526002176625456  0.44573866275966295
  0.45618678405037516  0.46619877902679080  0.47634404214913545  0.48679082881612423
  0.49738655639569535  0.50800847431895424  0.51854141174763024  0.52923012176701689
  0.54056154736280326  0.55257058027007389  0.56469442903060352  0.57641359351953103
  0.58808398562736564  0.60034041882724720  0.61326784963822445  0.62664150470329383
  0.64007584398179251  0.65348504476388281  0.66667607384020255  0.67950056376378054
  0.69238690343947507  0.70542554735959662  0.71853976162170152  0.73238488138511726
  0.74680806513702180  0.76139272071541941  0.77565330300993585  0.78909062226149529
  0.80228746815152596  0.81469917761446731  0.82667509498044434  0.83893130999847443
  0.85158036293767825  0.86428388460031280  0.87722633330118238  0.89043745693158427
  0.90392459736878583  0.91735898188691767  0.93115820615529221  0.94503780609127974
  0.95883737634720057  0.97252155442841171  0.98615790005271764  1.00000000000000000
 -0.00238506698369312  0.00908298455320211  0.01865818759042847  0.02826489262258218
  0.03750062283864084  0.04713753134642741  0.05766671738544556  0.06835085711702490
  0.07969032027736811  0.08997108131035940  0.10002402105429070  0.11053075957392682
  0.12025650814382961  0.12886882752874337  0.13698392903049439  0.14643955966921718
  0.15655115262441166  0.16559960015719108  0.17429437264864289  0.18237520115488656
  0.19058954510584414  0.20021687538490096  0.21088986814542393  0.22246870813387873
  0.23451300258244909  0.24646802503035559  0.25794150301029123  0.26903039269146045
  0.28017279782930143  0.29149935027510887  0.30280365897777717  0.31365035976857014
  0.32408118383812151  0.33487806064918552  0.34610534119961806  0.35695727596799959
  0.36766814561515787  0.37827296244867936  0.38986227150788394  0.40026740903314395
  0.40965302694490524  0.41874583570362239  0.42849070064636940  0.43902607447360603
  0.45012147595474417  0.46209062660975125  0.47369286860126808  0.48405885871921739
  0.49440984252818554  0.50599897999535937  0.51583225404707989  0.52571249482027937
  0.53601622363695967  0.54757053498851738  0.55828554776697914  0.56993044677156846
  0.58138214895309537  0.59215465868507089  0.60312397924796235  0.61481087670515666
  0.62752950439388278  0.64191122259903688  0.65771567230171124  0.67410228069651679
  0.69035557598417407  0.70625371743014720  0.71793491670026766  0.72932007850419123
  0.74137221202585779  0.75397076385590023  0.76618542047880833  0.77747524028866288
  0.78808003168567220  0.79817685026132301  0.80819595351106943  0.81709158843128893
  0.82425173056883216  0.83086610855526533  0.83817052484520627  0.84552781413928013
  0.85347687097950597  0.86100377582410592  0.86876122900896835  0.87799192113924063
  0.88879825770391152  0.89976227534206976  0.91024487865608106  0.92128633701253682
  0.93259052117473584  0.94284162298326790  0.95233591513600990  0.96146138819205151
  0.97094070139386401  0.98091122073705417  0.99045872921945988  1.00000000000000000
 -0.00040514591389650  0.00378405178454838  0.00980455027028655  0.01562250851610127
  0.02170938915948268  0.02977416940392800  0.03933869028719537  0.04846606477998779
  0.05760221047479077  0.06670118160570511  0.07610169317266309  0.08578484161868784
  0.09551549824327971  0.10568713277969420  0.11636397944541216  0.12697599075455374
  0.13673211348572664  0.14588200270489413  0.15530103232885514  0.16465311723157655
  0.17456890085476406  0.18474932995536389  0.19598731912555040  0.20745036467551214
  0.21795824909800474  0.22869272001593111  0.23994513250512911  0.25203273093516665
  0.26511372607757483  0.27977375530720539  0.29256162935773272  0.30200309972214628
  0.31126943941620816  0.32167535451684481  0.33034732182093790  0.33784179525124514
  0.34558897538325650  0.35656822920744052  0.37108498136312179  0.38561405681015504
  0.39918443959754968  0.41268007029397902  0.42642455140652830  0.43826239680256496
  0.44997054733529235  0.46193152108015051  0.47470118864739907  0.49119443931723866
  0.50516003891983186  0.51656153475969169  0.52963441529140309  0.54218309262343545
  0.55348756221570683  0.56673978767967348  0.58340772987502332  0.60172093663877424
  0.61759087957425507  0.62965818303171028  0.64082511710941081  0.65275627375723555
  0.66300015893204589  0.67358411646365213  0.68449031044788877  0.69452685460230934
  0.70374793502401622  0.71432709524526627  0.72702969594008415  0.74035822512275307
  0.75408846932719120  0.76798420569772152  0.78036192321320419  0.79090392044360291
  0.80068473834734544  0.80969221518915746  0.81827350123051179  0.82649037333944342
  0.83451525773070179  0.84392943240495688  0.85376290373840025  0.86322100587098727
  0.87283199490290009  0.88341908070974917  0.89327802645618792  0.90362702946919049
  0.91427563978109438  0.92495288825821020  0.93461082506588877  0.94264516656984820
  0.94976486790122794  0.95692811579130987  0.96413503928841282  0.97078387460873750
  0.97747942586522518  0.98403060743006887  0.99123392621480177  1.00000000000000000
 -0.00193402315980295  0.00838269694651751  0.01590705818793596  0.02370242684018844
  0.03149139391345718  0.03961940267368082  0.04859497481726106  0.05769414567947377
  0.06747282910260337  0.07776813085876355  0.08804891254383640  0.09844378175504143
  0.10841026738525124  0.11799110913492182  0.12797604873289542  0.13885047587285593
  0.15025321000115954  0.16105062279741336  0.17091672560348500  0.18050453236633079
  0.19058541582114860  0.20066291894534621  0.21024967929270780  0.21862902783586596
  0.22580985004006940  0.23483034137715181  0.24592556990048628  0.25695881520922731
  0.27040283306213303  0.28407910802235414  0.29504761140154562  0.30466218784409294
  0.31472317626264479  0.32557268433576442  0.33689692081079015  0.34740154714007748
  0.35763254488001139  0.36850494841201625  0.37894685593992655  0.38970952701492761
  0.40063964897609133  0.41187886741059926  0.42295718427823709  0.43420930307448186
  0.44548534716781174  0.45621086606445282  0.46960439051526986  0.48218154855398776
  0.49316261955472684  0.50406461657049018  0.51510044675970801  0.52593789367078758
  0.53693917101597710  0.54860359549451898  0.56083494885261331  0.57295899665862704
  0.58459577672602658  0.59641667892264372  0.60780183463757009  0.61760918502412243
  0.62749955042013994  0.63760657182876357  0.64694228328302184  0.65723889182898410
  0.66733407886992502  0.68147177553743377  0.69236911800709933  0.70058490619165192
  0.70984981289828697  0.71826764588767567  0.72630629497074461  0.73465506261769908
  0.74436269118269938  0.75570844378003088  0.76817268980437559  0.77985186640178272
  0.79097582869516969  0.80169726524085605  0.81219359161370597  0.82363153669846578
  0.83564462747066015  0.84646000736569027  0.85695561843706880  0.86701981371298409
  0.87746780805032609  0.88887467196920422  0.89974784300603539  0.90998003789674597
  0.92048130958627572  0.93146608234554706  0.94284997436567586  0.95466607994902541
  0.96647043151546863  0.97767781498324613  0.98912903954574372  1.00000000000000000
 -0.05922033096236174  0.82984666675786167  0.91213834965285345  0.94278989112932554
  0.95796348301187439  0.96355815859043825  0.96774641956388352  0.97151023059979302
  0.97469071542175756  0.97748465935722240  0.97984365493007908  0.98172710526600970
  0.98344138913974866  0.98496175523420759  0.98627013128398677  0.98743191966993726
  0.98849451167848978  0.98943371022666615  0.99030332216334460  0.99107829407949077
  0.99177101715729865  0.99238733112483468  0.99295130503665385  0.99346367107705735
  0.99391631502647515  0.99432012137058223  0.99469268688144841  0.99503738827811139
  0.99534687478318506  0.99564270404467614  0.99589700841217599  0.99614159967443128
  0.99636715535764575  0.99657358448616007  0.99675980438039413  0.99693814247132961
  0.99710323914942356  0.99725552879022528  0.99739597178630046  0.99753230959812744
  0.99766356146584223  0.99778866149946954  0.99790026529108988  0.99799147070739136
  0.99807994701249858  0.99816514764368669  0.99824610697177807  0.99832483762297575
  0.99840166056953894  0.99847398221019845  0.99854086544641529  0.99860505068259076
  0.99865720730663898  0.99870941457714502  0.99876058967187797  0.99881038070605088
  0.99885876746892022  0.99890581239162968  0.99894994600516940  0.99899325301618291
  0.99903550688775022  0.99907648312821784  0.99911617165896105  0.99915469480693275
  0.99919200598691338  0.99922802326283289  0.99926089760327419  0.99929337473847091
  0.99932468924858842  0.99935295795465084  0.99938113804270634  0.99940854412477498
  0.99943498780824480  0.99946117500718634  0.99948635331971858  0.99951069475536725
  0.99953422764184241  0.99955724381523980  0.99957975606348137  0.99960103307735149
  0.99962217211628934  0.99964319370018451  0.99966392037826735  0.99968439289451605
  0.99970468981277705  0.99972483196116779  0.99974533711397817  0.99976612306100110
  0.99978721212417621  0.99980839061209403  0.99982966324210976  0.99985546089425636
  0.99988256498134676  0.99991130532746242  0.99995122506827505  1.00000000000000000
 -0.02112241681711869  0.13676263188274790  0.20669966026227946  0.23949405388345868
  0.26642535155858776  0.29013167768620396  0.30931992426147842  0.32353654986778541
  0.33686606230923150  0.35190242029621588  0.36304758692025096  0.37227868461229358
  0.38175553832114623  0.39063401800602093  0.39840272097467400  0.40565410211659986
  0.41326528733576579  0.42301526252040461  0.43415156887245465  0.44328322237852774
  0.45003125580035724  0.45607885610738569  0.46207975074500296  0.46828719028320864
  0.47465966839719792  0.48104419913623564  0.48721048175084020  0.49336398599215886
  0.49936693871518406  0.50515631364492997  0.51088114594320799  0.51666391249140919
  0.52272775842026842  0.52900910684753788  0.53513842757130869  0.54098454907830495
  0.54689790595550514  0.55275675522251777  0.55779102314957951  0.56302912377714176
  0.56893203882191901  0.57502031213753624  0.58092616079747239  0.58661880115941323
  0.59217347154383648  0.59776188596505464  0.60323261081511392  0.60862053230296065
  0.61387419295646162  0.61940544361435490  0.62579756660574437  0.63156789618574738
  0.63693331643091011  0.64222734547721039  0.64753785125477525  0.65280932072247522
  0.65802153673318764  0.66327947883319704  0.66859759475790270  0.67394792084861443
  0.67929200403410428  0.68428963842936663  0.68925227904550146  0.69425807483346247
  0.69917213991236116  0.70399600576658250  0.70887954202029979  0.71391563459098006
  0.71901008645621933  0.72402825960546136  0.72896251858332550  0.73393969461635977
  0.73897712975202290  0.74383327639377017  0.74897550797324186  0.75457555797080444
  0.76045787831051370  0.76658698508228407  0.77258455401228998  0.77879067598020668
  0.78567819346290879  0.79312716088336777  0.80065426927609873  0.80806107769754776
  0.81540269715382563  0.82303909801007313  0.83108499026836480  0.83920349917662862
  0.84724906045495618  0.85576713760875822  0.86398680396142058  0.87359385011284407
  0.88524240382741670  0.90068803392650088  0.93100707791403980  1.00000000000000000
   2.2635448559764072E-007  -1.0000000000000000     
 T T F F F F T T F F F F F F F F F F F F F F F F T T F F F F T T T T F F F F T T F F F F F F F F F F F F F F F F T T F F F F T T
  <DiscreteSampler_grid>
  grouped_processes
  1 # 1 for a reference and 2 for a running grid.
  10 # Attribute 'min_bin_probing_points' of the grid.
  1 # Attribute 'grid_mode' of the grid. 1=='default',2=='initialization'
  0.0000000000000000 # Attribute 'small_contrib_threshold' of the grid.
  0.5000000000000000 # Attribute 'damping_power' of the grid.
 # binID   n_entries weight   weight_sqr   abs_weight
    13   10   2.168737476609360E+002   3.820715199720497E+005   2.168737476609360E+002
    14   10   2.168737476609357E+002   3.820715199720487E+005   2.168737476609357E+002
    16   10   3.354392571540586E+001   9.143813510899046E+003   3.354392571540586E+001
    17   10   3.354392571540581E+001   9.143813510899021E+003   3.354392571540581E+001
  </DiscreteSampler_grid>
