  0.00172030677095481  0.01981003203347476  0.03516476677855938  0.04783259925227343
  0.05961777174698070  0.07126354675687413  0.08305584309180156  0.09491587898347391
  0.10652827829469419  0.11784787994075693  0.12889267011814842  0.13968242092299288
  0.15048888859352963  0.16123683756593313  0.17187703915789429  0.18230912929543838
  0.19308580448517426  0.20407751632084772  0.21526352596216142  0.22643045702375625
  0.23734191978894520  0.24834368159040213  0.25910679432866790  0.26993401097981012
  0.28055096300984589  0.29115087263454342  0.30163983782326603  0.31219628077706568
  0.32279666252986683  0.33337555402845542  0.34380803660007542  0.35426933972545982
  0.36521241259433096  0.37605207307515875  0.38679485372585631  0.39740355429665791
  0.40798054157826846  0.41857568312788124  0.42921822548652527  0.43990533545103355
  0.45031252524349852  0.46052137942150606  0.47087132867409048  0.48124573520182906
  0.49168619539417541  0.50215863569558494  0.51267265555913377  0.52321383194837878
  0.53375855836320241  0.54446184637436490  0.55513996721783254  0.56567933042912888
  0.57633001420238161  0.58676585828631278  0.59700728167786599  0.60704016712700382
  0.61707272119525547  0.62733587523021350  0.63785410719680136  0.64866173644112046
  0.65959473391176937  0.67028254063835457  0.68073876219167417  0.69136726888415989
  0.70218471236527968  0.71307557316640335  0.72394969724699643  0.73474412003276435
  0.74536016189326082  0.75591646277016589  0.76635044276751563  0.77673902658003247
  0.78691706093640823  0.79711929993012465  0.80724784431645114  0.81737411328326692
  0.82753353445383349  0.83785304047941578  0.84816953972365849  0.85845440938618289
  0.86870980445393586  0.87883658719330093  0.88864494716262354  0.89828583801653117
  0.90791079223721882  0.91758742091150469  0.92738304526247128  0.93704746396476413
  0.94641833525434127  0.95555057970441626  0.96431112592142643  0.97246604892246724
  0.97934124441186143  0.98576383270941892  0.99254488519531225  1.00000000000000000
  0.00000061995951762  0.00000073080144027  0.00000080124502636  0.00000086562970105
  0.00000093269020534  0.00000100157631980  0.00000107204681703  0.00000114427441419
  0.00000122013914275  0.00000129776267817  0.00000137878583071  0.00000146536518268
  0.00000155559600180  0.00000165029551595  0.00000174780327422  0.00000184530737127
  0.00000194629431138  0.00000205380429174  0.00000216194359620  0.00000227468734488
  0.00000239424020133  0.00000251694598935  0.00000264504446376  0.00000278361230347
  0.00000292747510520  0.00000307068882943  0.00000322660394616  0.00000339136679787
  0.00000356009115585  0.00000373471046032  0.00000391718842025  0.00000410473068370
  0.00000429771825356  0.00000450111346441  0.00000471394883328  0.00000493247096921
  0.00000515826488290  0.00000541550386786  0.00000567813041304  0.00000594259554466
  0.00000622522716665  0.00000653225742196  0.00000684804987328  0.00000718182399794
  0.00000755359775148  0.00000795601273131  0.00000837790164430  0.00000883106957138
  0.00000931112488161  0.00000980694583087  0.00001034395986889  0.00001096089308024
  0.00001158455005726  0.00001228420979367  0.00001303353558834  0.00001382659845555
  0.00001469697387368  0.00001566145906441  0.00001667169154013  0.00001787529296165
  0.00001913929009612  0.00002057484767655  0.00002210714437946  0.00002384733950671
  0.00002577853865053  0.00002795729231410  0.00003038541650531  0.00003308598322979
  0.00003619159382546  0.00003959187365139  0.00004347908382889  0.00004763606271233
  0.00005252200043207  0.00005823193063580  0.00006511222617789  0.00007335336849468
  0.00008281337404170  0.00009361249801850  0.00010591714081047  0.00011974943072171
  0.00013512321861540  0.00015258250623408  0.00017323390684863  0.00019714069702203
  0.00022379686142114  0.00025374667334421  0.00028951753877307  0.00033215370362942
  0.00038331813216660  0.00045139425200920  0.00054647393377781  0.00070099846697987
  0.00097724038807058  0.00163341689282832  0.04788082632169020  1.00000000000000000
 -0.00155029806930190  0.00621618317765924  0.01347721739163043  0.02062524539211056
  0.02789706867798931  0.03538798706940685  0.04313257930870462  0.05110238013849737
  0.05918441561547249  0.06720943221372404  0.07508525821804977  0.08295505720634963
  0.09097104261997024  0.09905187768976770  0.10714323253711684  0.11522077794083084
  0.12365862362518650  0.13235384005946774  0.14101311422539584  0.14963520173664144
  0.15849264413291678  0.16759988205420104  0.17696121774074891  0.18640031770698454
  0.19572090806761627  0.20515605445327625  0.21457353423314648  0.22384863436490932
  0.23327973805288335  0.24282952217949613  0.25280484762173533  0.26337144616348451
  0.27380942758258758  0.28411643943400355  0.29436061498719152  0.30470224220458808
  0.31538999857009281  0.32624926069769361  0.33736761770575702  0.34882938687834231
  0.36047789433767291  0.37214891894796537  0.38344933975541273  0.39493218381745243
  0.40665762780306780  0.41859392301925313  0.43037665716532547  0.44259648464426443
  0.45491483178873787  0.46750921765610959  0.47978723592943862  0.49259179800702485
  0.50530151619220132  0.51849742260686893  0.53141380780809688  0.54446822160774866
  0.55709806333553102  0.56995380498790360  0.58256162239433973  0.59517405546465829
  0.60764046361825574  0.62016912980339634  0.63293029557437541  0.64575427432227950
  0.65819524998408518  0.67051332535390451  0.68295576868213070  0.69540597852251818
  0.70771178397918000  0.71998699533042465  0.73206363609943104  0.74415859012353158
  0.75597851289685247  0.76779904885172212  0.77965211163884351  0.79133628950744539
  0.80284519460917858  0.81411158817101148  0.82524421338068432  0.83620685182259469
  0.84729294677807143  0.85847660057017361  0.86964109470682793  0.88076711721308809
  0.89172275196493067  0.90232881576633461  0.91254790099957606  0.92261830925362642
  0.93255576843352306  0.94239499045626640  0.95212742999945699  0.96163342023052756
  0.97115702700687812  0.98046767795930145  0.99030029060994806  1.00000000000000000
 -0.00239957549493116  0.00945984585257812  0.01970978605587642  0.03005999563434220
  0.04050820944208989  0.05076549525649143  0.06110169010256303  0.07188145561567894
  0.08271482190844118  0.09378008416789865  0.10486120021417207  0.11557528215094839
  0.12625824940741245  0.13679728394789001  0.14730783641256767  0.15732786009822344
  0.16731395733619248  0.17738162932189866  0.18761512239492947  0.19769439085181126
  0.20741229767324576  0.21741214804836878  0.22726349617960057  0.23770455166251050
  0.24834045963846851  0.25892280110238858  0.26930049381242693  0.28002004801771085
  0.29070602356178099  0.30140268517340124  0.31202189754469745  0.32315903466392953
  0.33423971193171320  0.34489983335637520  0.35553753197693083  0.36597880033549035
  0.37654227934266038  0.38685517665304742  0.39703938323826327  0.40711667216831410
  0.41741113923436129  0.42783404870879543  0.43843603099953238  0.44908639286254692
  0.45969274110398445  0.47076683177382467  0.48134805315783213  0.49194402368626261
  0.50237207366132974  0.51285270229961810  0.52347216014700826  0.53387293961412352
  0.54451873061579303  0.55497338000604535  0.56525254090575916  0.57547281622494750
  0.58609570959105517  0.59710605900315039  0.60833436758732806  0.61947556216085509
  0.63057923908115732  0.64143019321052896  0.65214574119725999  0.66267245350438442
  0.67336188837880084  0.68431817025199571  0.69559269622409570  0.70684419695399692
  0.71784121622514951  0.72872765290369901  0.73968473531584689  0.75061014206168331
  0.76122769979371163  0.77178108268648660  0.78249493073426502  0.79324569987269100
  0.80400002950124860  0.81434500481682526  0.82456385194775450  0.83470729052955295
  0.84477520104886794  0.85484577380802262  0.86473724934867513  0.87491009292196975
  0.88519624003957698  0.89568218447924453  0.90602826892866140  0.91629426898295208
  0.92640118149483919  0.93651441677216629  0.94707314378434215  0.95768292270911692
  0.96826451191215124  0.97874120643039664  0.98932739437351913  1.00000000000000000
 -0.00233804078743885  0.01008773583386297  0.02061194737546511  0.03097705825012128
  0.04114464871294517  0.05158791071895964  0.06193614782424353  0.07235804385810160
  0.08289695445440128  0.09366181887315010  0.10438975025794656  0.11483775590297286
  0.12533087425096071  0.13622758782722968  0.14705608125339517  0.15810842248911239
  0.16896656840182839  0.17982204022298265  0.19029814527836683  0.20074450702414046
  0.21122240030175643  0.22192871808067660  0.23277751700445865  0.24377637198309104
  0.25446344553815253  0.26506303940684683  0.27573391991921470  0.28642299732425658
  0.29664790855003831  0.30653129684591329  0.31667877495336749  0.32707306772294931
  0.33740587339664768  0.34732625281855040  0.35741945987091955  0.36786063742571445
  0.37837860536942824  0.38862973752766611  0.39911822072728037  0.40985505943368683
  0.42034424428063938  0.43046814878207079  0.44066338703499103  0.45088043360591418
  0.46105489770870095  0.47114115362952419  0.48150974315769640  0.49207031307174792
  0.50262366600174979  0.51298794478075038  0.52365426988971087  0.53430417720079915
  0.54473504265717509  0.55503346085752359  0.56550422137365142  0.57662783032146381
  0.58798616571322326  0.59908648437663714  0.61002390023064046  0.62051814127718352
  0.63095665222722619  0.64174547386867531  0.65236652708331111  0.66328159401350195
  0.67364899719980575  0.68428108321335590  0.69427874128488798  0.70474873938885674
  0.71498503909672795  0.72574051562770436  0.73608125423675852  0.74659855278940412
  0.75691991870155684  0.76702274177484564  0.77743316140474028  0.78784155430432246
  0.79862222006327910  0.80924788172970963  0.81987319632849787  0.83030259434079290
  0.84084726481987471  0.85147661736271751  0.86204181083903975  0.87273050369705496
  0.88340952985568477  0.89464982244010272  0.90486547984212706  0.91543601250941864
  0.92577837119034190  0.93624178903852007  0.94682446378593677  0.95713675448607705
  0.96777477814416579  0.97825397277285409  0.98911501710157645  1.00000000000000000
  0.10105592481718635  0.20391767032897587  0.28634471361609548  0.35265343764066726
  0.40189290446506654  0.43764020074396254  0.46564544872473079  0.48446614384784364
  0.49465335570113844  0.50323904102935246  0.51090935692245509  0.51733522594776604
  0.52271182469517208  0.52769278045831780  0.53297955103833494  0.55248306751719900
  0.55863293746252063  0.56348093456220660  0.56669084842545514  0.57016575779592316
  0.57363494701769457  0.57718987543144318  0.58102696788807440  0.58505031699584109
  0.58899885578505717  0.59270715129547491  0.59610635835978398  0.59935952375915991
  0.60250090352306784  0.60557090240545164  0.60867175802930540  0.61184549164793589
  0.61507627047556346  0.61834335229427062  0.62165705636138191  0.62495109469888599
  0.62814728489953431  0.63136681119754445  0.63460455611276223  0.63784572942045137
  0.64111609836190697  0.64444064638396992  0.64781415993007996  0.65124068648496813
  0.65470972920988624  0.65819576415855896  0.66178866484979726  0.66540466828700817
  0.66905539008716008  0.67276881991596527  0.67651156231659382  0.68034163157067362
  0.68429085933241263  0.68833226756438204  0.69248027467234619  0.69669573565651022
  0.70090659760240037  0.70516723132902603  0.70955761029029418  0.71409899352477879
  0.71870022040481507  0.72334527265514170  0.72802230832862924  0.73279957525826278
  0.73762032419968360  0.74249318195200109  0.74746245717698989  0.75257539951907770
  0.75787112960095460  0.76328333017668815  0.76870293099020581  0.77425637169301753
  0.77996771356178751  0.78576276512639620  0.79181249189624892  0.79811610351908646
  0.80454105437358070  0.81111636231820061  0.81796732408151895  0.82507480328437921
  0.83231466247328201  0.83985912288127862  0.84764486749637702  0.85568715095121828
  0.86407961799146515  0.87272432405470868  0.88189004882873290  0.89129107600425717
  0.90125121981730738  0.91141175723715262  0.92234605203300879  0.93394219367549791
  0.94654200289151535  0.96071152744901078  0.97814823623289759  1.00000000000000000
  0.02708257871109688  0.18385441201301014  0.21205812664076784  0.23425398516451904
  0.25256085911366905  0.26796658158692171  0.28189185019774610  0.29465587612186334
  0.30702010749032432  0.31918736502619882  0.33054410700831838  0.34091329493452832
  0.35092848101396829  0.36103317256928469  0.37120313197089178  0.38097274813869042
  0.39057893692142287  0.40023574806131640  0.40966083852133972  0.41897352622808448
  0.42776817557827157  0.43635979533323532  0.44467856531793848  0.45292640179024246
  0.46114203979157919  0.46923117690783711  0.47728565893037428  0.48525526919840767
  0.49329244079601881  0.50133392714599101  0.50923769421791032  0.51707328683590803
  0.52468816171201105  0.53218968591027682  0.53964749423859615  0.54708941135284850
  0.55451772982480085  0.56181287221799991  0.56901229222565075  0.57628059055996017
  0.58357924313317489  0.59082489747464828  0.59798186680712861  0.60493827172512049
  0.61174451784719064  0.61851250730268015  0.62529314330319830  0.63198072062275201
  0.63853877280625992  0.64496818698516001  0.65118141653627204  0.65725371289960832
  0.66331132548203220  0.66936652158606325  0.67537479931406186  0.68126842191425663
  0.68702588310075519  0.69274485928925233  0.69850150739807826  0.70428261581251483
  0.70999537282828662  0.71574131552565101  0.72140964719872347  0.72701820002236561
  0.73250538763544093  0.73789077914878076  0.74322740543294497  0.74850814703494128
  0.75368832300001998  0.75878879258412424  0.76389085514455901  0.76904348984713256
  0.77429556362855534  0.77968400226612022  0.78500363817192065  0.79038550765342774
  0.79594338617888083  0.80161543916006794  0.80726312656500954  0.81298809506205405
  0.81898323969404896  0.82505997678849274  0.83114940421610140  0.83743805964220286
  0.84392662724836121  0.85061662810174465  0.85745513008912166  0.86428635320368941
  0.87135501621622535  0.87897011803970926  0.88764180051326191  0.89728503490456224
  0.90872548049810375  0.92383486939717663  0.94850143758572658  1.00000000000000000
   3.9718739492918270E-005  -1.0000000000000000     
 T T F F F F T T F F F F F F F F F F F F F F F F T T F F F F T T T T F F F F T T F F F F F F F F F F F F F F F F T T F F F F T T
  <DiscreteSampler_grid>
  grouped_processes
  1 # 1 for a reference and 2 for a running grid.
  10 # Attribute 'min_bin_probing_points' of the grid.
  1 # Attribute 'grid_mode' of the grid. 1=='default',2=='initialization'
  0.0000000000000000 # Attribute 'small_contrib_threshold' of the grid.
  0.5000000000000000 # Attribute 'damping_power' of the grid.
 # binID   n_entries weight   weight_sqr   abs_weight
    13   10   3.019189233048766E+005   2.988171766752457E+011   3.019189233048766E+005
    14   10   3.019189233048764E+005   2.988171766752455E+011   3.019189233048764E+005
    16   10   9.528831011755380E+004   2.869326005830254E+010   9.528831011755380E+004
    17   10   9.528831011755373E+004   2.869326005830253E+010   9.528831011755373E+004
  </DiscreteSampler_grid>
