  0.00344810363706779  0.01103915829910367  0.01796939424770750  0.02553334838597542
  0.03333337347050754  0.04057031207200661  0.04817121804854989  0.05625756920051826
  0.06381528692769638  0.07560858648743535  0.08865281120266112  0.09991643741580998
  0.11063678016120815  0.12133305945836921  0.13278769840629845  0.14692752296476064
  0.16124495500848560  0.17503325324993474  0.18816173032774144  0.20039480459402578
  0.21058212566897780  0.21816025851187179  0.22555948847138560  0.23281295465135443
  0.23943098271869312  0.24612325575096278  0.25435200158472387  0.26223677029447795
  0.26976857852021413  0.28061621116500662  0.29295525894875163  0.30396969310430200
  0.31448274727281955  0.32494194684956496  0.33534392306995603  0.34568462839847902
  0.35730273553357922  0.37126974485347375  0.38227539029716667  0.39350008509556744
  0.40334333169367309  0.41238264136275782  0.42094387241069470  0.42920397908281172
  0.43862059182088420  0.44901441946799792  0.46016666521568172  0.47184997427254999
  0.48325622395974654  0.49422122372518079  0.50543307645530733  0.51748294480047319
  0.52991623098025331  0.54405763407170493  0.55797379740229147  0.57147266002360275
  0.58457045216496561  0.59700664432947659  0.60839865348218325  0.61962559167926368
  0.63084343518484676  0.64114600027784618  0.65269754258397084  0.66503500651023284
  0.67759089169818365  0.68842711618452623  0.69680561236526184  0.70472391144091440
  0.71226781968189212  0.71957453916500469  0.72704826422038615  0.73455855475216403
  0.74185568383705380  0.74961779585642596  0.75946916938006337  0.77030674543823219
  0.78180238863933804  0.79375954183952402  0.80550783647829727  0.81681333974752068
  0.82785527484032029  0.83899187478001935  0.85039474962612993  0.86215219415106537
  0.87404251070760741  0.88595350892961600  0.89744592677159363  0.90894630881132654
  0.92119106340215384  0.93248937327805237  0.94325484416205396  0.95367522208929201
  0.96387193658250103  0.97459508209060708  0.98703392549456337  1.00000000000000000
 -0.00004105117497045  0.00104525907971773  0.00351971354592886  0.00778165937490733
  0.01308877682981670  0.01955422418759737  0.02496790935032182  0.03072869259500538
  0.03872125446343617  0.04820164882031731  0.05649915058953932  0.06481926737534648
  0.07446906437527431  0.08607659333360904  0.09785318315839606  0.10772771085239657
  0.11804793181103961  0.12806754938684253  0.13746168646029050  0.14722980778098521
  0.15777882896820461  0.16990633473635902  0.18264157096511183  0.19468829792281661
  0.20701626701896733  0.21917285390855204  0.23095617647993760  0.24247271797715891
  0.25395207263894237  0.26603657707172684  0.27719230448580068  0.28547264552918167
  0.29385196565696448  0.30281965506757219  0.31221710759378390  0.32180534720257070
  0.33178225170009495  0.34166868671925932  0.35102325172158433  0.36015959732634545
  0.36908386121806414  0.37767591377209997  0.38659698130777526  0.39591038995764838
  0.40600055787346845  0.41741267442244734  0.42950258245610851  0.44101687886259100
  0.45178599723450030  0.46271815947464823  0.47315910737028616  0.48370982546274321
  0.49418467123628257  0.50450328426331725  0.51475220029380775  0.52622657981959675
  0.53489599081002459  0.54357503853929956  0.55248432429993488  0.56142093409463678
  0.56906073067137097  0.57681448743736485  0.58424293487572843  0.59174626456519042
  0.60050521447969263  0.61044434290500560  0.62105171157856220  0.63199132156099636
  0.64287708762512696  0.65342277105983715  0.66323983706267864  0.67334886334587207
  0.68338291952278829  0.69389271399344832  0.70514620363631797  0.71679451058192423
  0.72830427266225994  0.73898934527414628  0.74942417112846937  0.75907858446713394
  0.76832183839918122  0.78039091876763989  0.79439205401075219  0.81030142476967815
  0.82667696512827482  0.84195956027418073  0.85698171082206998  0.87249272071933759
  0.88802015404138945  0.90342397513628658  0.91879746893249348  0.93621976433796839
  0.95263089335979145  0.96852539623655931  0.98423767696012743  1.00000000000000000
 -0.00406747692750248  0.01148409596721477  0.02656337149933706  0.04026054223591594
  0.05363927961940952  0.06680322290851426  0.07911434559249894  0.09114467543189086
  0.10299280623812053  0.11514609184159690  0.12787846014970977  0.14070931360571365
  0.15349806201241906  0.16631732168237306  0.17969936931215921  0.19365238850741645
  0.20754277129839327  0.22035901953170081  0.23128449248309227  0.24156833566681762
  0.25135946809946746  0.26101710614360091  0.27123353807263267  0.28377405556097773
  0.29703894165105721  0.31072912990593327  0.32403352830136350  0.33572702690238571
  0.34583156216499306  0.35504012184135297  0.36330918992481936  0.37120607637738978
  0.37900964560469680  0.38654004219045113  0.39373414348286828  0.39997831485815716
  0.40599495413523157  0.41222496014589860  0.41920534464097464  0.42596669256341896
  0.43190402033917313  0.43831350338886294  0.44511572787341358  0.45226263232796782
  0.45849181061694882  0.46741019323691613  0.47827551097755205  0.48994890350425385
  0.50261533489427590  0.51618533479462447  0.52758163232022914  0.53846523245458688
  0.54922223185157981  0.55979649677071996  0.57077153582442841  0.58251630993824055
  0.59384414478526559  0.60498491528569642  0.61594510393227520  0.62692187731402338
  0.63828914877051546  0.64972276763111492  0.66145367802804234  0.67363175672354469
  0.68597002412496189  0.69791846206386832  0.70890431386972019  0.71863748581910536
  0.72781454230562326  0.73743119058554196  0.74811360298000806  0.76011806053096587
  0.77299048735456555  0.78660505264511027  0.80093453988044394  0.81509768942949312
  0.82831154108892124  0.83926358300533321  0.84959347865171286  0.85909574720763981
  0.86818890887202893  0.87775809828136908  0.88794921069235322  0.89840562859478790
  0.90896174734968693  0.91980330628580531  0.93025745511569169  0.93956841831610716
  0.94729818900883134  0.95592867312145424  0.96416845161704379  0.97244140855436534
  0.97988740328798696  0.98601350734308202  0.99252524067463466  1.00000000000000000
 -0.00164054101763056  0.00770459342446990  0.01562973163227691  0.02283959341420309
  0.02989152584579713  0.03687350753067645  0.04411326131936962  0.05217598910704094
  0.06097833516910604  0.07012341584720151  0.07854186411690967  0.08732937121646954
  0.09665114599368750  0.10575382434852865  0.11526882212371369  0.12594334200915755
  0.13691889033545815  0.14892031147272361  0.16210875165965402  0.17510586446007170
  0.18643039053042165  0.19546580304393621  0.20363826347205249  0.21287573360308315
  0.22212448863920145  0.23119424786483961  0.24011172803966502  0.24945202170613109
  0.26096402283609293  0.27383662747038939  0.28688424971554810  0.30087108788055328
  0.31519688862756357  0.32952208448542175  0.34402489017285642  0.35860024503943594
  0.37360985617135989  0.38804004323170105  0.40150185145843748  0.41483085688234844
  0.42869861530220271  0.44256674768751680  0.45594268267089400  0.47035962368825046
  0.48517378016287144  0.49916686795536741  0.51459786153687126  0.52973102964167618
  0.54341911663422848  0.55617528330255195  0.56994546813274982  0.58503283836572251
  0.60002756395532331  0.61467361238859597  0.62961002898322205  0.64399938210032659
  0.65738061858171226  0.67037100357256940  0.68250066088164862  0.69185662000251380
  0.70008475619342825  0.70916275093788805  0.71853473482700270  0.72736254666537470
  0.73517487732727893  0.74284999237425098  0.75234609056938873  0.76639469697151019
  0.78059259582282581  0.79439431054635679  0.80652469512290870  0.81505827366699168
  0.82158371996804225  0.82836395620291658  0.83473591514767276  0.84108738518494353
  0.84786384325510866  0.85425487604000760  0.85985885413126961  0.86498200643687539
  0.87067412043235382  0.87764024380723271  0.88778935805562587  0.89708009358782181
  0.90526299504640095  0.91320167326469004  0.92108990926719514  0.92864264423639087
  0.93674009325509489  0.94552495167512673  0.95395895596495006  0.96276050025154214
  0.97171969419771576  0.98068058234402966  0.98995389753638252  1.00000000000000000
 -0.00389357489294859  0.01338525663122692  0.02659692525933854  0.03889875363901225
  0.05087678901393346  0.06301807727007003  0.07571343621274057  0.08877482409096205
  0.10131734909564025  0.11266823662782920  0.12443560722286547  0.13602050343081426
  0.14781601515279402  0.16056150637673552  0.17333326024481238  0.18577666915248067
  0.19782084816487605  0.21002670216958849  0.22239660317341062  0.23491502477564333
  0.24739098242467075  0.25912879643321718  0.27010633404658985  0.28052808965487741
  0.29109427948629191  0.30246090617525201  0.31402875363452554  0.32494551831554502
  0.33568167920116165  0.34674590554294382  0.35800663933438304  0.37007268779415886
  0.38162761273421936  0.39208843076894107  0.40262541960323722  0.41262839816077346
  0.42438504786007225  0.43674775161878010  0.44856336230699256  0.45995145445660418
  0.47185508122349973  0.48346033228429047  0.49512896162188069  0.50745565725829622
  0.52013562158222826  0.53276463223765258  0.54459814314697852  0.55496697702993691
  0.56477814811179583  0.57422384204042298  0.58369041162106761  0.59303350362915874
  0.60310447601319206  0.61402431140280089  0.62573576326244640  0.63732213880710564
  0.64779641649540975  0.65879101110842575  0.66722974882237995  0.67269960098759918
  0.67929996421965133  0.68520343862764477  0.69059640382840171  0.69509311285533715
  0.69968146328118008  0.70536460158751868  0.71149886639608828  0.71768809383752941
  0.72425634820023754  0.72827094665939274  0.73910243474293835  0.75027397045063204
  0.76139863011191955  0.77290838437097864  0.78484997276503432  0.79742058062804577
  0.81148006479781742  0.82488567189007223  0.83725097807767190  0.84911260988347093
  0.86046755214524484  0.87127871168595139  0.88202745533482807  0.89347047379464761
  0.90533577068197235  0.91687645139033280  0.92713259585622765  0.93722267474713816
  0.94736365924857069  0.95748400395030087  0.96484121597793948  0.97241085209759814
  0.97980850257638397  0.98614986353085654  0.99279204532015342  1.00000000000000000
 -0.05263603774666143  0.83340488539865232  0.91630220001884255  0.94650232627927466
  0.95958724677526186  0.96424050995396482  0.96829049351031349  0.97170982119099880
  0.97483444345495973  0.97754182013701774  0.97988647159974118  0.98166344397709038
  0.98323439473417895  0.98465020138922632  0.98595298596150194  0.98711364362680831
  0.98817356554015179  0.98911501004783819  0.98997413663426170  0.99075299352212465
  0.99145809995272249  0.99209274408945958  0.99268037608407123  0.99321492023025659
  0.99369169555452175  0.99411893888860736  0.99451152361434880  0.99487595812776708
  0.99520945607755007  0.99551834398499173  0.99580171707351717  0.99606195440330592
  0.99628096297352087  0.99648854582644930  0.99667769130446382  0.99685495136574409
  0.99702326595712765  0.99718797945556470  0.99732900899221766  0.99745582283434475
  0.99757289747354672  0.99768479152214351  0.99779220651672373  0.99789417081652820
  0.99798963369328331  0.99807704869853064  0.99815557102278096  0.99823271283906101
  0.99830788923504588  0.99837976220395208  0.99844893258169165  0.99851612940637147
  0.99858034607876944  0.99863861664794906  0.99869337118274393  0.99874300146808259
  0.99879085153115732  0.99883802365135643  0.99888451691152136  0.99893050597507360
  0.99897556021698397  0.99901889556737988  0.99906095540857776  0.99910190671363686
  0.99913917882727599  0.99917619023507775  0.99921206040013799  0.99924610767842803
  0.99927967700838916  0.99931176669173050  0.99934249064348935  0.99937176222652280
  0.99940005746091487  0.99942737741070653  0.99945314301383981  0.99947874102286727
  0.99950399824308866  0.99952857376268311  0.99955286252908326  0.99957699625121654
  0.99960093123351157  0.99962396585367752  0.99964657332364404  0.99966863203696643
  0.99969069229091179  0.99971276019326916  0.99973499978731950  0.99975716341126453
  0.99977922134007569  0.99980242267969666  0.99982629305873849  0.99985243653900402
  0.99988044096653161  0.99991113451937230  0.99995123709435285  1.00000000000000000
 -0.01931648715822517  0.13136074946216181  0.20575108591184510  0.24233720668795702
  0.27096264538134396  0.29579556162874443  0.31613126223353294  0.33209707627562424
  0.34467347884036525  0.35573331457335583  0.36664564860503357  0.37740765707914820
  0.38838284081554475  0.39989489981083742  0.41253088659075410  0.42509829416641876
  0.43684249157333832  0.44729845175093152  0.45657482058006005  0.46663112175718002
  0.47586086400429528  0.48465810542928567  0.49278846877063848  0.49986372386322514
  0.50539717398631590  0.50986270272577305  0.51447122999783668  0.51924177958605444
  0.52423130590766087  0.52931851331765478  0.53422872515884490  0.53897970969728093
  0.54376894078541727  0.54855654052873515  0.55326346545695504  0.55781943937562950
  0.56265016493063946  0.56831507228206790  0.57458383164712667  0.58081040122235550
  0.58658876113818248  0.59226993147292417  0.59793425121371924  0.60359039855664587
  0.60922179226972850  0.61486355874689269  0.62066315174042008  0.62631995685781539
  0.63206462162115107  0.63791893452127413  0.64384581737740065  0.64967244403552638
  0.65516739029425508  0.66033389466788972  0.66517678005805292  0.67028756995021543
  0.67547603711749538  0.68082449720111060  0.68579874550776698  0.68971021583378944
  0.69302170062657809  0.69654360067020327  0.70034268916284215  0.70403718039834429
  0.70729446699962717  0.71042175664023000  0.71368475919140262  0.71720153306545664
  0.72085501456095458  0.72465889729653565  0.72845472185304050  0.73211141975192195
  0.73560606844902465  0.73922251691763485  0.74323142064526038  0.74737432540855819
  0.75228891378578133  0.75873879716363557  0.76653022525658332  0.77317188720717334
  0.77967703153874690  0.78615228496235345  0.79273050507675580  0.79947290320863795
  0.80643322153072361  0.81349842157740826  0.82062629195225334  0.82788940505530029
  0.83717474881816223  0.84801204219381288  0.85893654244407192  0.86973165016356724
  0.88126919984760865  0.89664299696385663  0.92179867502352075  1.00000000000000000
   2.2963155064964784E-007  -1.0000000000000000     
 T T F F F F T T F F F F F F F F F F F F F F F F T T F F F F T T T T F F F F T T F F F F F F F F F F F F F F F F T T F F F F T T
  <DiscreteSampler_grid>
  grouped_processes
  1 # 1 for a reference and 2 for a running grid.
  10 # Attribute 'min_bin_probing_points' of the grid.
  1 # Attribute 'grid_mode' of the grid. 1=='default',2=='initialization'
  0.0000000000000000 # Attribute 'small_contrib_threshold' of the grid.
  0.5000000000000000 # Attribute 'damping_power' of the grid.
 # binID   n_entries weight   weight_sqr   abs_weight
    13   10   1.099608862427829E+001   7.159950614279717E+002   1.099608862427829E+001
    14   10   1.099608862427832E+001   7.159950614279725E+002   1.099608862427832E+001
    16   10   1.711123274567296E+000   1.739793910138820E+001   1.711123274567296E+000
    17   10   1.711123274567300E+000   1.739793910138821E+001   1.711123274567300E+000
  </DiscreteSampler_grid>
