  0.00283677044001478  0.01245328156532212  0.02356655715517051  0.03467042919445244
  0.04580739199127768  0.05663720599537089  0.06807239288812626  0.08092330181681115
  0.09318931641827836  0.10471809750010906  0.11621316388020884  0.12855943859465985
  0.14054520814172652  0.15069776948464383  0.15963884593928285  0.16889519449735477
  0.17903533049536607  0.18980764541588213  0.20046471255672149  0.21120418289173254
  0.22186947852522665  0.23150511658292922  0.24040910315052144  0.24995914087129445
  0.26022432289235931  0.27042999909177312  0.27918496578224361  0.28704612009944602
  0.29507221616924051  0.30332503755782220  0.31191457768242736  0.32133283993747785
  0.33028829981001062  0.33884217945154416  0.34888077318345434  0.35895800399661570
  0.36941855181294397  0.38029403850676202  0.39161905119379253  0.40254570868170686
  0.41287014525518739  0.42332337622896604  0.43391960375814687  0.44551644190428025
  0.45784462516928626  0.46990360487782734  0.48185867331566701  0.49395167229054215
  0.50641142593874033  0.51906109505202080  0.53198435631298280  0.54518622775963466
  0.55905015688249948  0.57268198220439293  0.58454850089611055  0.59417648696611880
  0.60350890136811464  0.61273424266792720  0.62059223866453106  0.62786413655743978
  0.63536208853116405  0.64370236738102449  0.65341730446525670  0.66667781968286044
  0.67840509259921566  0.68874089408637051  0.69837585387270051  0.70721310436042062
  0.71814518927522797  0.72926649592705806  0.74043151116241523  0.75148523203831230
  0.76201405448879422  0.77204601755826108  0.78007323348584590  0.78830906244221044
  0.79758642895104848  0.80905242721178983  0.81954662405545908  0.82853715118250204
  0.83980301675171887  0.85229860243672717  0.86606454266137656  0.88065089846041522
  0.89606550055555134  0.91213112178301958  0.92777725302645886  0.94030066366558596
  0.94920186142264451  0.95699068098125784  0.96411820106231771  0.97096939601463450
  0.97828256012582049  0.98592177159011141  0.99213563994867071  1.00000000000000000
 -0.00004719046407382  0.00095103072651666  0.00346115377785892  0.00752800619953807
  0.01203871564423445  0.01726544195394514  0.02264862864679824  0.02829829985831548
  0.03461977868961297  0.04067496202023157  0.04717927739401925  0.05627780545223392
  0.06395932295517918  0.07097508784269951  0.07873815358522371  0.08724600251390503
  0.09728209308948529  0.10811346652454383  0.11705756727514637  0.12376220071905381
  0.13025304492828535  0.13695374303920402  0.14404614856687389  0.15137414053141596
  0.15893764901196555  0.16745180549853023  0.17796018336779090  0.18970496378892451
  0.20164504956212220  0.21311886312787393  0.22412040186787432  0.23426181529434253
  0.24445294025000702  0.25472334723832557  0.26481324812873391  0.27428924671471328
  0.28311338500838840  0.29168424174948709  0.30042525729917213  0.31015721509493399
  0.31985578681293203  0.32999055216342865  0.33981631757552405  0.34965173153168322
  0.35945173173849582  0.36936249821266498  0.37952107871511903  0.38943612167105329
  0.39935274379638225  0.40944264894028842  0.41976313257320047  0.43062968084927156
  0.44179017025691336  0.45301375911445801  0.46430806761866877  0.47635617913513650
  0.48923811962730707  0.50204522338769830  0.51440603132784180  0.52629665843088436
  0.53785015785761470  0.54921334529551513  0.56061071777383420  0.57251231333548491
  0.58487792691259255  0.59737714997850311  0.60938965518019261  0.62077743241735750
  0.63178701428946249  0.64276363482676846  0.65378248814444395  0.66485471096215920
  0.67600656320905961  0.68718497819482127  0.69866391564436536  0.71054337614262197
  0.72241769546760237  0.73414453621753395  0.74517691828001387  0.75707171073854285
  0.77026397531940471  0.78450267552606767  0.79911950420075417  0.81365170582888391
  0.82923877701370652  0.84521088963027491  0.86110965892708302  0.87675885181451618
  0.89213963026624121  0.90770047730196568  0.92374583858643544  0.93945064619626395
  0.95474032240439122  0.96981649941341419  0.98492204866632227  1.00000000000000000
 -0.00195656677129317  0.00858974512604819  0.01601017930141557  0.02409950122355706
  0.03272487170367061  0.04051149434221603  0.04836460634463550  0.05682762030298912
  0.06532737572625977  0.07537407451783676  0.08583176569979607  0.09706394537887550
  0.10966934893266442  0.12387139909287134  0.13841125013439529  0.15249508708355508
  0.16724533769182981  0.18254183877933686  0.19645253791041722  0.20807979435184232
  0.21978902515357077  0.23107042075563602  0.24247728117041700  0.25482836798476632
  0.26799025686008116  0.28119440058755873  0.29375025401356147  0.30543513894355467
  0.31682158140040101  0.32906512282423117  0.34179985321150108  0.35393774130935807
  0.36450025993740914  0.37463952009156082  0.38495288190459109  0.39494857302832836
  0.40458523894372739  0.41393084736168884  0.42370921120568600  0.43480618352719147
  0.44479911701903663  0.45530352870087293  0.46678171629556631  0.47798484128216379
  0.48882629143621814  0.49906864773479920  0.50973906338802843  0.52082361374458719
  0.53177869766929875  0.54135752491459332  0.54954890298357351  0.55708987429679935
  0.56579460948282434  0.57503651213840901  0.58505366295703953  0.59551271102387648
  0.60604847040379417  0.61586126194377355  0.62638206875551738  0.63730457367982019
  0.64841262944081002  0.65877364179494458  0.66800736105393410  0.67557515470012830
  0.68316593585323304  0.69096113925303881  0.69909218990499389  0.70652511801481266
  0.71382782986122162  0.72163947014212826  0.73001682697691006  0.74108821696028515
  0.75446335994015912  0.76700514589862434  0.77956408345769124  0.79151299116208318
  0.80250229349910784  0.81299864333696192  0.82281261470419154  0.83288922153626677
  0.84346226204182040  0.85385857253299791  0.86346053094113417  0.87355355692460024
  0.88485135685211569  0.89783285704024973  0.91139755442584713  0.92341440593685487
  0.93343897712429169  0.94301580372031213  0.95255954504154883  0.96178351302122245
  0.97114459486281901  0.98051155897583087  0.99045188715559773  1.00000000000000000
 -0.00162949260949424  0.00690545926392813  0.01460803261559958  0.02206022631915245
  0.02971416559014930  0.03799857771256411  0.04684177352709760  0.05625899811965710
  0.06659273870285271  0.07721197209561828  0.08771295208464495  0.09808723080183684
  0.10802687258549544  0.11673506544902321  0.12586797377023978  0.13497965549719010
  0.14413174178710503  0.15429039175677126  0.16527088298506007  0.17554258705564474
  0.18615223469383127  0.19708998078248396  0.20795384410390919  0.21827633247730321
  0.22856381509416510  0.24016841352633120  0.25189026843978274  0.26582951201697791
  0.27892782113525605  0.29200108496491711  0.30801519528211457  0.32331249815985319
  0.33681942419083366  0.34925722659848935  0.36144990490852102  0.37278095114826620
  0.38503096635341705  0.39896061450895215  0.41023890133742674  0.42157484386403599
  0.43378647753977351  0.44807485344069892  0.46279962824734872  0.47658459612056298
  0.48927701209994245  0.50270058287905828  0.51832806203156201  0.53543347884640979
  0.55234257592497649  0.56666332679046183  0.57628973484907065  0.58717053246225948
  0.59812166503395170  0.60832442772515827  0.61763774748130840  0.62656706764616454
  0.63773026050805270  0.64900878090364811  0.66036305738841616  0.67299247854821664
  0.68665182871442709  0.70094767808828717  0.71490204295780158  0.72786776552357169
  0.74134044723756531  0.75383782208021566  0.76542832236638614  0.77446482561764896
  0.78266421689333099  0.79125420135882629  0.79969529296179653  0.80808253153409171
  0.81619076551456882  0.82371359971943447  0.83101732493264846  0.84014342174328860
  0.85083537109341967  0.86174689912400992  0.87320980137175719  0.88538988702784205
  0.89473103514364016  0.90426964246858710  0.91325667924399789  0.92144612013304461
  0.92955436748533127  0.93723967130977492  0.94427499648037638  0.95050430569121713
  0.95624001520711066  0.96180552852279033  0.96751357177605035  0.97313600781375875
  0.97860164133667116  0.98466404560616294  0.99170834379562256  1.00000000000000000
 -0.00146847714621250  0.00711062264365551  0.01520711243947807  0.02370258196707630
  0.03186130083932941  0.04051667973649269  0.05135849172479832  0.06336442520968358
  0.07522902705469862  0.08704615931999504  0.09891413346994887  0.11095741604834368
  0.12321653628594353  0.13572365690314647  0.14888626154170112  0.16427006734249566
  0.17855746776201961  0.19042787862309352  0.19968364754224432  0.20827447185924941
  0.21677716273309433  0.22554572771591150  0.23369397163729838  0.24144555784727989
  0.24910347760235715  0.25619198657612441  0.26327275893429852  0.27105644627487491
  0.27972322527934568  0.28781931362801694  0.29772536361310631  0.31009318695987220
  0.32141373535619000  0.33186284896170526  0.34196957772100894  0.35126181740569479
  0.36092552908082481  0.37057227611299931  0.38021872144138730  0.39036596708178922
  0.40023170891680199  0.41018130315630502  0.42167183186809581  0.43509229172290098
  0.44901678189253946  0.46248514907858013  0.47478995181567629  0.48567817104555916
  0.49540750721505789  0.50544744905007166  0.51607345944622207  0.52673457213149943
  0.53736727698526210  0.54605346435506175  0.55358093187432367  0.56251525493851184
  0.57177086710311753  0.58003349993935949  0.58779735023744095  0.59517015956416264
  0.60293436389564858  0.61263375242523777  0.62323338912976722  0.63306098558040169
  0.64301017427888663  0.65441305951654327  0.66665452677273762  0.67867622499397917
  0.69133231006234508  0.70297671888607416  0.71537537165410781  0.72776937715265477
  0.74052307398178918  0.75323914613483101  0.76555228130172204  0.77741938341662653
  0.78921601606175318  0.80118439532100105  0.81329630868422509  0.82472196508646178
  0.83520703591518564  0.84607644539305449  0.85749356657973930  0.86943427090921044
  0.88083179539967560  0.89190890552136315  0.90313224741828668  0.91408667089070461
  0.92449279969154874  0.93486758053773233  0.94751504481080495  0.96004693014912601
  0.96985202092525891  0.98040446817110261  0.99018798050559642  1.00000000000000000
 -0.08933961546882135  0.83919515332868933  0.91260786828420937  0.94306195468622911
  0.95903945517323874  0.96341279617911990  0.96747323930672058  0.97099325171167072
  0.97409830622696880  0.97680908663466570  0.97911982351557669  0.98103009992283841
  0.98268188049023242  0.98417841937356709  0.98554672273474542  0.98675162357290913
  0.98783083997110765  0.98882434062906355  0.98970745006740102  0.99049323421145152
  0.99121448949983260  0.99187759141745613  0.99248038918015924  0.99302732628484547
  0.99351952214543615  0.99395719062088617  0.99435232535716300  0.99471530167477717
  0.99505307325115577  0.99536965661059762  0.99565172881904351  0.99591536336621111
  0.99614349235699817  0.99635480766772710  0.99655560653289088  0.99674511156274537
  0.99692088041499083  0.99708467854132288  0.99723850553910998  0.99738187212250440
  0.99751425852021158  0.99763454703995247  0.99775032328643098  0.99786197153589462
  0.99796859067568922  0.99806291048683893  0.99814724106859920  0.99822748913124226
  0.99830580950154191  0.99838003518084828  0.99845116938087763  0.99852009288693355
  0.99858599782591240  0.99864775570606001  0.99870277980769606  0.99875373597041095
  0.99880209779689322  0.99884880691866107  0.99889436985336844  0.99893880625029674
  0.99898168418239375  0.99902285920991896  0.99906228956335663  0.99910015268167796
  0.99913699596301053  0.99917283606618057  0.99920801667877834  0.99924246839281294
  0.99927564796913704  0.99930837200101119  0.99933902557908905  0.99936726847906576
  0.99939526524557365  0.99942228728407412  0.99944875701307911  0.99947503836800344
  0.99950044262131099  0.99952540919085608  0.99954998355829838  0.99957361340373407
  0.99959676118596064  0.99961945645582029  0.99964172113927974  0.99966382895566930
  0.99968578840694344  0.99970739270384967  0.99972901875073517  0.99975067798568928
  0.99977310068534042  0.99979567293354421  0.99981835143677189  0.99984461659053014
  0.99987305925767167  0.99990416654267245  0.99994706993399107  1.00000000000000000
 -0.02147067787389548  0.12229071220354448  0.18825474085613217  0.22864030788938910
  0.25707651203616255  0.28248777219431714  0.30668071867250163  0.32603849400813228
  0.34027817649112285  0.35292057389743453  0.36429110678026039  0.37545029646963990
  0.38699224807577576  0.39813695140909661  0.40870148210468199  0.41879352511603679
  0.42857943719028185  0.43822212356526752  0.44761429001907788  0.45640163316240578
  0.46437742284224404  0.47155781084582171  0.47816308620253573  0.48451007609834618
  0.49083018160123409  0.49713207548019606  0.50357943620421486  0.51009552260825586
  0.51613891759448582  0.52320564566729866  0.53145796763580422  0.53994868161665976
  0.54703819575075141  0.55215784958852721  0.55809770980471773  0.56411358522597743
  0.56925951003586484  0.57425061461641380  0.57898827419884025  0.58348021028065455
  0.58819717575783004  0.59302975301994976  0.59763142650074741  0.60266861743808664
  0.60815336337073256  0.61352692290952759  0.61922710516184709  0.62499404294380778
  0.62916136323301552  0.63354534242897453  0.63792261987260990  0.64185930106392464
  0.64586142372119204  0.65022721505871395  0.65507468942141400  0.66000459270502410
  0.66477497963038024  0.66928508705994794  0.67341266103968389  0.67725802494505483
  0.68096525061296975  0.68460905873948896  0.68861925145537184  0.69321392073743249
  0.69814537450106728  0.70292427793798296  0.70721706209211299  0.71058966935254231
  0.71400856888428588  0.71762821796809084  0.72164323690193100  0.72612158426294071
  0.73100190735572312  0.73647758369208716  0.74256586718702922  0.74888315681668827
  0.75528189912530574  0.76156067941462846  0.76778301636891189  0.77304435306302233
  0.77761462076936161  0.78224943102231803  0.78719536776314347  0.79272359847012475
  0.79851865338755379  0.80433346792074789  0.81047559531635360  0.81751284816834124
  0.82560690422811822  0.83253139312833191  0.84259701660732933  0.85491802136995532
  0.86994299232008665  0.89134091466503262  0.92497191770955289  1.00000000000000000
   4.4777312761647848E-010  -1.0000000000000000     
 T T F F F F T T F F F F F F F F F F F F F F F F T T F F F F T T T T F F F F T T F F F F F F F F F F F F F F F F T T F F F F T T
  <DiscreteSampler_grid>
  grouped_processes
  1 # 1 for a reference and 2 for a running grid.
  10 # Attribute 'min_bin_probing_points' of the grid.
  1 # Attribute 'grid_mode' of the grid. 1=='default',2=='initialization'
  0.0000000000000000 # Attribute 'small_contrib_threshold' of the grid.
  0.5000000000000000 # Attribute 'damping_power' of the grid.
 # binID   n_entries weight   weight_sqr   abs_weight
    13   10   1.485251337339423E-001   9.976744920874150E-002   1.485251337339423E-001
    14   10   1.485251337339424E-001   9.976744920874159E-002   1.485251337339424E-001
    16   10   1.855839069668381E-001   1.556712044314037E-001   1.855839069668381E-001
    17   10   1.855839069668383E-001   1.556712044314039E-001   1.855839069668383E-001
  </DiscreteSampler_grid>
