  0.00237637332295038  0.01272731231439827  0.02455416514635372  0.03632751708879266
  0.04848255286100601  0.06137596121179194  0.07489945710628927  0.08862737941751762
  0.10140894532011778  0.11136923597935126  0.11974439057669116  0.12938438383604808
  0.13868689722353705  0.14683858894270263  0.15404277966665234  0.16222606619389091
  0.17077870641824716  0.18058269202869584  0.19080946311856276  0.20127648344347904
  0.21140615726218678  0.22147427459306854  0.23038416712097340  0.23811127725113876
  0.24626095657147354  0.25419436894483377  0.26190958858642754  0.26896156724073733
  0.27596474214377353  0.28335666511206203  0.29218326237621167  0.30208769437536703
  0.31247029444690200  0.32217811091756254  0.33123493629036421  0.34006161463037449
  0.34956234597137875  0.36157057883480093  0.37561781663819283  0.38977012508757192
  0.40322926684437294  0.41561054705433681  0.42743570645488671  0.43896694225136645
  0.45041093005592991  0.46216368550889697  0.47479572306497186  0.48774164352331500
  0.50032512133664064  0.51240208406583820  0.52404951415059042  0.53668205074964048
  0.54910301386790727  0.56044487317461422  0.57180388463966103  0.58323002784971745
  0.59484993781549078  0.60774206396391939  0.61913729868188772  0.63023956208480336
  0.64260915279395603  0.65379936140932826  0.66428609913388814  0.67524920051328841
  0.68639387963889664  0.69740384239435582  0.70794497061146267  0.71817329275720854
  0.72826010996186552  0.73749615477707720  0.74788085675102678  0.75831171953235421
  0.76747668143293968  0.77593349162106628  0.78448432421290348  0.79303906824746662
  0.80150740158140721  0.81015052950675404  0.81989720274224354  0.83019982088758693
  0.84096322191841544  0.85402641017778658  0.86787515906656565  0.87764902041866011
  0.88574886514799411  0.89427147304503618  0.90326151281859401  0.91312825139522591
  0.92270150305287857  0.93152641646467294  0.94103699940146068  0.95221792721736220
  0.96397265097276807  0.97517058517199418  0.98676892036417629  1.00000000000000000
 -0.00003966971746593  0.00099291936396825  0.00351837099032769  0.00738257753226841
  0.01130859541448743  0.01616548213893372  0.02317334018774572  0.03042087958905829
  0.03755260085226206  0.04400363314385720  0.05095866619916495  0.05900944374074124
  0.06810859051245968  0.07692942317526061  0.08452342938052648  0.09194997671736806
  0.10038627679861360  0.10937698873262990  0.11898827177639629  0.12995723498194139
  0.14155756362981176  0.15204059713530016  0.16137538614491315  0.17047929564370037
  0.17907153173396748  0.18738738671224342  0.19520533968055745  0.20279624433045898
  0.21080500237217484  0.21839306163683761  0.22578273133952870  0.23329832127233593
  0.24131742792422609  0.24973284324776263  0.25843431375762521  0.26726482161836901
  0.27599339997950789  0.28573109662685015  0.29601178748275364  0.30669292965937134
  0.31800718591613175  0.32982900061217291  0.34207271651938004  0.35451101499140236
  0.36677895819708539  0.38098810077151912  0.39538090116991709  0.40935342361006688
  0.42024160556088841  0.42981279809199119  0.43982551052207591  0.44928133605166021
  0.45864084501406338  0.46809537900087445  0.47740281448741423  0.48670776610100253
  0.49626114867732407  0.50619646244769934  0.51661336175169681  0.52716356955499521
  0.53744361182155886  0.54748428318925269  0.55729405189507530  0.56755419452441447
  0.57780003603543406  0.58802529270595405  0.59863685072697803  0.60991547282048852
  0.62133895062817079  0.63313178271979842  0.64556808449051606  0.65776762917276355
  0.67023093370702347  0.68285824030498066  0.69552298327880435  0.70858637156146287
  0.72172562919668404  0.73490320368028617  0.74770152075810936  0.76003866118181718
  0.77334773102190058  0.78827408822728051  0.80431223360344795  0.81954281974819898
  0.83331392471861609  0.84733605347511642  0.86165842549445615  0.87607455966681536
  0.89052872149542095  0.90477239628505057  0.92020535308222429  0.93644885564975788
  0.95261038389417574  0.96858182428516515  0.98441360358133290  1.00000000000000000
 -0.00221649030619834  0.00887701952659997  0.01924627686698126  0.02892448220430633
  0.03796520047450786  0.04739708487514788  0.05791036507717030  0.07028156401323983
  0.08394075126587935  0.09745213002353618  0.11049356635450872  0.12438463098606438
  0.13705930444837461  0.14821616049986647  0.15959695655699346  0.17138806061249592
  0.18383005409819669  0.19710508206665273  0.20992762463575379  0.22054349582536134
  0.22865393965381406  0.23560343375558085  0.24270041488551264  0.25137335665232491
  0.26024922066378353  0.26898980366392833  0.27740253821096561  0.28629011620181655
  0.29680415736989307  0.30888037517128775  0.32100205973932766  0.33243648681339882
  0.34359432122290134  0.35430813280524937  0.36417949184441650  0.37359036966361342
  0.38276339210788107  0.39228854757308862  0.40297094621472435  0.41508430383338374
  0.42804232324293090  0.44117543730857606  0.45350318174112109  0.46207443816929572
  0.46776918752377228  0.47403664894040515  0.48147972778230463  0.49012053292645097
  0.49837085039531748  0.50695501480475735  0.51571280755938043  0.52568214049291306
  0.53827283310864626  0.55134414116427910  0.56344656544472849  0.57713513952720474
  0.59261648357073216  0.60549210712602053  0.61708255791448086  0.62764856468515895
  0.63788475533068389  0.64801938602730302  0.65859895360145426  0.66896015311795143
  0.67805457294467919  0.68672606707679262  0.69554556662993727  0.70427223835662367
  0.71245654661232993  0.72101212245085244  0.73028419618675977  0.73980964380343162
  0.74988167114709803  0.75978482491420007  0.77002717288621547  0.78176532695482648
  0.79416025949144553  0.80668006349590826  0.82063827592587102  0.83397780841798097
  0.84301136195122595  0.85150119346834563  0.86024404934367626  0.86913814020754832
  0.87746970924423129  0.88530430921067160  0.89337379103701098  0.90255418802912313
  0.91308040233478893  0.92545103637654413  0.93839652237564408  0.95128599279016801
  0.96390697546212445  0.97619887474555522  0.98822563705694244  1.00000000000000000
 -0.00040799012687487  0.00453887830415684  0.00982722649506741  0.01543153319784221
  0.02055396724796583  0.02576844649204520  0.03190677854487045  0.03771682216850977
  0.04560161238366181  0.05643059997265568  0.06735042022628666  0.07645738344487378
  0.08453384561766879  0.09264063550627225  0.10077036889478892  0.10908461535372233
  0.11847704455119658  0.12765497170072590  0.13791653024977057  0.14896691906862553
  0.15908353480751541  0.16864090727902906  0.17766848120752243  0.18745566961779900
  0.19871126755194349  0.21059987530097543  0.22263932442872192  0.23482887890270429
  0.24664852748736943  0.25684334576133144  0.26601627469864308  0.27659241034026061
  0.28660340217516023  0.29582259782764470  0.30432819624053020  0.31663344764844015
  0.33240772833654658  0.34827697521598022  0.36410696638980961  0.38031274497758100
  0.39671056277539907  0.41312228985436406  0.42845480636853783  0.44338066064522558
  0.45961809597691627  0.47664908431117037  0.49421871832537190  0.50816828090175759
  0.52139646526146166  0.53380231071274697  0.54655821643562474  0.55942492807567379
  0.57368859172975339  0.58700545783215796  0.59833669671256184  0.60940219725765465
  0.61983223280843058  0.63079619062946990  0.64299107975554426  0.65615045421775209
  0.67008863165762966  0.68405038629957771  0.69766063588358851  0.71136475188269233
  0.72471334039252355  0.73757796297731815  0.74965802942141813  0.75954343977663685
  0.76870707359159940  0.77713152851101652  0.78468753728470808  0.79247020310306471
  0.80141181047900611  0.80956944806161957  0.82147676956019622  0.83500480294223667
  0.84659447482912920  0.85689074283183020  0.86596124211819359  0.87577316734486266
  0.88662464532406005  0.89613375007152818  0.90314013844559426  0.90999065097562626
  0.91709958107066680  0.92428991951428041  0.93102649102298574  0.93736404041346988
  0.94368071530065945  0.95016360032125236  0.95616826147506384  0.96222317221726983
  0.96872588550792371  0.97578843022312789  0.98522595937696433  1.00000000000000000
 -0.00115470469441356  0.00566903931147375  0.01355388340049564  0.02108753302626689
  0.02919523448254596  0.03903175444800250  0.05034858486819532  0.06235803189343458
  0.07455846657470969  0.08687736403633690  0.09995048895049828  0.11408482857722028
  0.12747976628935284  0.13893196714134506  0.15004491079169543  0.16055297307906274
  0.17264040217568319  0.18443680687950326  0.19484029062671634  0.20432611045422353
  0.21311972901715245  0.22137041735603974  0.22923409966991093  0.23763736606534647
  0.24532051421013873  0.25292440313093484  0.26385245213301745  0.27598977504192623
  0.28892306874266843  0.30234145089622205  0.31621335346201807  0.33027993102131242
  0.34379203267689540  0.35611320500012966  0.36708953024112795  0.37770830939777228
  0.38792571417777333  0.39762069324261079  0.40678594739448848  0.41716962908993410
  0.42895763162472195  0.44122076623215867  0.45363727520327995  0.46598043035616221
  0.47744350597858082  0.48697369659371881  0.49585305830491638  0.50410129266763715
  0.51164944462136064  0.51932625495556284  0.52673909449961787  0.53445828003152129
  0.54356735870090356  0.55498239305619468  0.56774281103044189  0.57963314271855437
  0.59552695045795201  0.60983819052634447  0.62296649314545482  0.63530676144251608
  0.64671696756245289  0.65730944664109914  0.66756268569489075  0.67839882677030316
  0.69012010482984421  0.70285783167627058  0.71670288875447097  0.73115633679419989
  0.73769213242861142  0.74558939428045701  0.75263911593910759  0.75976045190578489
  0.76728260087540612  0.77580849033996802  0.78387980400708046  0.79310967748597361
  0.80598010572943657  0.81758390796837666  0.82784338554905035  0.83812480104062637
  0.84949372760161590  0.86139671237935589  0.87205971209197375  0.88081921614291137
  0.88883902111129354  0.89701240538944826  0.90646570054941200  0.91768051866598288
  0.92687111575088910  0.93684971281953378  0.94690048562361850  0.95680444281502197
  0.96638467866110278  0.97540125162267366  0.98484389979076825  1.00000000000000000
 -0.08205124283367066  0.84304259715048557  0.91824304986089877  0.94795851492322036
  0.96024187004867434  0.96470114632941406  0.96860466742796214  0.97203058066677706
  0.97498023678818024  0.97760441205082926  0.97983470669081896  0.98169529498103547
  0.98329831027275705  0.98473481729207113  0.98598491118628029  0.98716869323288881
  0.98823050579518901  0.98916321905265281  0.99000902584336692  0.99078698858301384
  0.99149412745997945  0.99213983898362468  0.99272364608328989  0.99325299361183816
  0.99373691092337468  0.99415390158724704  0.99452801383817513  0.99487143999925831
  0.99518935011409293  0.99548628940457862  0.99576263657298281  0.99602134890442573
  0.99626032975891199  0.99648122013865015  0.99668594825273849  0.99686927022190697
  0.99703087798634704  0.99717504550752600  0.99731329145016334  0.99744109578031293
  0.99755938235496777  0.99766484776878739  0.99776780846666391  0.99786870758016355
  0.99796689293556651  0.99805876328524568  0.99814257053553568  0.99821964454670298
  0.99829279889544431  0.99836358567747407  0.99843089196610324  0.99849601976468016
  0.99855789359255698  0.99861794559569272  0.99867696765676939  0.99873380011386748
  0.99878143664798169  0.99882916849936987  0.99887675987415714  0.99892300823399194
  0.99896728644864419  0.99901021192193351  0.99905018480628827  0.99908925332868193
  0.99912700708314961  0.99916294611585377  0.99919810976530721  0.99923205089681555
  0.99926527740388182  0.99929818773853163  0.99932905740573341  0.99935969128803814
  0.99939008465635781  0.99941800033026684  0.99944560620132139  0.99947271265150073
  0.99949869663051139  0.99952391557576692  0.99954870748821267  0.99957302053484576
  0.99959636602656887  0.99961943074432014  0.99964240204775079  0.99966459322499357
  0.99968645232638809  0.99970796185871325  0.99972956431191318  0.99975134340352301
  0.99977410937460076  0.99979685927331463  0.99981965689791896  0.99984651057762830
  0.99987502595317346  0.99990654621947694  0.99994860059680513  1.00000000000000000
 -0.02754485278179194  0.14175986747489219  0.19723989278942780  0.23237501754134463
  0.25835556336943544  0.28170440954246073  0.30387339683179687  0.32162129526796357
  0.33715582219545498  0.35171623421520865  0.36534021435949116  0.37612649877564924
  0.38458998646526665  0.39291665883208809  0.40208810229596170  0.41129377440506576
  0.41927331197532225  0.42641159645343785  0.43326657054576417  0.44030167008886834
  0.44800762357912272  0.45614352176543710  0.46442669910240653  0.47099184736950050
  0.47778964038009314  0.48421647734197032  0.49112669131342335  0.49769722541327088
  0.50334382067891026  0.50836193206033187  0.51370362383553314  0.51872632966897747
  0.52272067626217145  0.52701495314203506  0.53128835724575363  0.53650279434216352
  0.54185066177867092  0.54662467018311733  0.55117715256928090  0.55554300444905180
  0.55989916310923638  0.56456569670606105  0.56954731501492140  0.57443932456936775
  0.57912036014121027  0.58357067496883952  0.58757356708891495  0.59157617569203536
  0.59638023223679570  0.60112908840643930  0.60597068221883010  0.61078996559689647
  0.61551667574714342  0.62033744399315871  0.62534998686024545  0.63059856009463111
  0.63596928598548919  0.64123828395080096  0.64633248629528983  0.65143817555762717
  0.65653433698631913  0.66148546402912689  0.66626724238462420  0.67158822952657293
  0.67719502392356756  0.68293670267472562  0.68865517440495672  0.69421942545016579
  0.69952141190596961  0.70468250331028959  0.71036453934703558  0.71612851348302664
  0.72162434232156403  0.72676585975015329  0.73187881769613949  0.73677630628339041
  0.74211791277927774  0.74787977948574735  0.75397838667387440  0.76026099635524491
  0.76643577347075542  0.77286718211622785  0.77942681960665738  0.78573995756743875
  0.79239594512482003  0.79953939956145281  0.80714418925758458  0.81539259359185789
  0.82425846209084697  0.83499780875322172  0.84681945997098129  0.85911915719647614
  0.87270548798630165  0.88946528581991025  0.91708407263605141  1.00000000000000000
   7.6837624759473810E-009  -1.0000000000000000     
 T T F F F F T T F F F F F F F F F F F F F F F F T T F F F F T T T T F F F F T T F F F F F F F F F F F F F F F F T T F F F F T T
  <DiscreteSampler_grid>
  grouped_processes
  1 # 1 for a reference and 2 for a running grid.
  10 # Attribute 'min_bin_probing_points' of the grid.
  1 # Attribute 'grid_mode' of the grid. 1=='default',2=='initialization'
  0.0000000000000000 # Attribute 'small_contrib_threshold' of the grid.
  0.5000000000000000 # Attribute 'damping_power' of the grid.
 # binID   n_entries weight   weight_sqr   abs_weight
    13   10   1.217737077737439E-001   8.938606285647285E-002   1.217737077737439E-001
    14   10   1.217737077737439E-001   8.938606285647271E-002   1.217737077737439E-001
    16   10   1.607287503700739E-001   1.555911760180167E-001   1.607287503700739E-001
    17   10   1.607287503700738E-001   1.555911760180167E-001   1.607287503700738E-001
  </DiscreteSampler_grid>
