  0.00119610952898152  0.01540343109075974  0.03069572846900148  0.04253349762040133
  0.05099703405316906  0.05885770608627652  0.06663171361320881  0.07500951380861229
  0.08343700687053875  0.09116227392487870  0.09855544390450340  0.10683123864026076
  0.11719147918361168  0.12959556042862816  0.14305329625682039  0.15638548228802712
  0.16941791172699636  0.18247317547490843  0.19595698922970278  0.20989107035450405
  0.22396425070319462  0.23805668740813171  0.25134762282934575  0.26273325700699751
  0.27263206652429306  0.28216519190738937  0.29062960114647224  0.29876367618700905
  0.30707729140433576  0.31571043672389787  0.32564125074536343  0.33480587019331220
  0.34325437619171989  0.35205195477198353  0.36096758805406193  0.36975174706424641
  0.37910480569349192  0.38964337269846960  0.40046731220565696  0.40981906538377966
  0.41856672885289420  0.42741598574029543  0.43573642405682350  0.44541835631171162
  0.45717385425383905  0.46779046802936503  0.47805943071206636  0.48827785489829684
  0.49884908955399471  0.51035431359947592  0.52234022543488112  0.53281185297088585
  0.54240565453108314  0.55148051561158773  0.56070692685904089  0.57006931210387535
  0.57951207787544945  0.58912529816687542  0.59941499325931180  0.61149575163206371
  0.62463732015651774  0.63683187928728879  0.64912501786424237  0.66109305584313760
  0.67386427471584409  0.68547699699099129  0.69396465456365408  0.70054601093405011
  0.70736953138472602  0.71445533611154421  0.72221626249481097  0.72957308034069512
  0.73667943796939550  0.74398263155917843  0.75211793909656122  0.76236688790753038
  0.77371048430542555  0.78565446452757681  0.79998427231340585  0.81577873588272809
  0.82998987821240822  0.84287666948014461  0.85467171918344165  0.86490830672085228
  0.87437860282518087  0.88466411233457731  0.89593498284631301  0.90869427275838233
  0.92297059097762268  0.93680261915453555  0.94809212475172511  0.95653318684120014
  0.96598307305706876  0.97535177584578059  0.98534079243300521  1.00000000000000000
 -0.00003968114854414  0.00095952665311933  0.00353731582489713  0.00707037952917440
  0.01225684690331091  0.01865981056960006  0.02378697676265850  0.02914433633143467
  0.03557719451478753  0.04313560842464140  0.05084325284450536  0.05841255843432302
  0.06618917421611474  0.07411411431732455  0.08256494656961544  0.09074554436306255
  0.09847980591727992  0.10665590612290829  0.11636514564045185  0.12631730462213583
  0.13611880137919333  0.14608655980900476  0.15530529589152642  0.16409366406926809
  0.17379345506012261  0.18315120352146624  0.19208633406642095  0.20016420819635827
  0.20804808556303667  0.21636140066215967  0.22521556420861777  0.23461250385036084
  0.24558807361814738  0.25905662101046739  0.27486225308630546  0.29172856576252454
  0.30889582137615079  0.32163734555079720  0.33273693825724393  0.34430899969224277
  0.35534519622632554  0.36525968802184527  0.37477645388380276  0.38368868660198702
  0.39197619618671359  0.40046896817193633  0.40970316687079039  0.41934390339005689
  0.42905389544761774  0.43835214816584694  0.44789596740150017  0.45771811619318936
  0.46733188475839804  0.47650917599303289  0.48555310409207947  0.49441555462373771
  0.50319827568755005  0.51203761635043199  0.52114570684707617  0.53127339356949743
  0.54262616302975109  0.55612634240441783  0.57277938935093686  0.58736959000496991
  0.59977142479800061  0.61100291894036551  0.62252070452386588  0.63445752101154484
  0.64646954421004277  0.65880444883519962  0.67200598324835892  0.68642631410296928
  0.70215572560871076  0.71613716906794322  0.72970071810477510  0.74310115327117410
  0.75615174466451285  0.76899747978243771  0.78181793035131508  0.79507288923639885
  0.80855823381353109  0.82219379864175268  0.83610290322966518  0.84983786144600026
  0.85954796230655139  0.86952771628804260  0.88063323197546339  0.89354022951425605
  0.90783037170543834  0.92187575967339719  0.93541382328995260  0.94843541415885679
  0.96115000368795978  0.97395205856662148  0.98694702113413679  1.00000000000000000
 -0.00318378554225500  0.01069767509205409  0.02365369479193471  0.03607219833770565
  0.04801116166668942  0.05871516937029242  0.06810899492367785  0.07730407211141901
  0.08659769802563394  0.09618701997571975  0.10548922052696019  0.11554989554365107
  0.12701959548285630  0.13755260789526369  0.14840520147685207  0.15970214269861630
  0.17057939060368521  0.18204665329087574  0.19429605092204688  0.20619355050600410
  0.21808519047260774  0.23039702487489216  0.24248452183299435  0.25370395959063347
  0.26458108797117724  0.27568637311960842  0.28651466784364193  0.29716145663705584
  0.30905891270119534  0.32159432545629335  0.33313046830595305  0.34640990497454316
  0.35608312480917065  0.36284829191228785  0.36965761933505764  0.37707306003964042
  0.38419715884015609  0.39190870737121025  0.39900352746957662  0.40556998115389459
  0.41230730269531946  0.41858656026803626  0.43204470227912667  0.44301130818430579
  0.45430405124180062  0.46567430755348443  0.47678878899619953  0.48800530509723106
  0.49898659148276020  0.50994696466513001  0.52186725065108042  0.53528393598870472
  0.54741982061672012  0.55753029183430236  0.56706857890868501  0.57624131770613396
  0.58640778528409720  0.59649837512004777  0.60621040510237767  0.61664065935204693
  0.62795729679539380  0.63933234818570284  0.64952568701777902  0.65919446733686082
  0.66845305408015010  0.67840756961971904  0.68991679676041173  0.70037578352334529
  0.71046003473962571  0.71924116815706718  0.72844358034145684  0.73877823227110695
  0.74981033853248547  0.76271882389545964  0.77586612074982608  0.78766927371554596
  0.79783544751248214  0.80783803886342342  0.81705639734174518  0.82599084578189608
  0.83520563766919120  0.84455021932879126  0.85419209945576857  0.86314622901058036
  0.87170919227084986  0.87961333789965845  0.88714513257632133  0.89562460599149707
  0.90784782954081988  0.92161556446191772  0.93487441713011143  0.94742661299081121
  0.95974793944985959  0.97251464436656587  0.98606457594521058  1.00000000000000000
 -0.00086427505943607  0.00521452018129545  0.01098083152459046  0.01632265100541859
  0.02197475196937185  0.02808016366138546  0.03449577208279331  0.04253313687536082
  0.05284455046701679  0.06497691155786611  0.07917707322173481  0.09211650666800973
  0.10431080718410426  0.11579328277326514  0.12671094754544038  0.13731334685352775
  0.14744344444117863  0.15783817361543431  0.16752551868040694  0.17638905394367477
  0.18578314446508365  0.19602317058677007  0.20646277573056043  0.21735731795719057
  0.22846580799121868  0.24106246513220431  0.25464360002881425  0.26755837730332371
  0.27776501763592026  0.28651726172390390  0.29681055631606856  0.30716800388395266
  0.31727830426508935  0.32711315804911512  0.33807839140383167  0.35047987637297884
  0.36251728946955769  0.37397918226438259  0.38406668768931040  0.39326726652356614
  0.40341382248328023  0.41547671544312514  0.42820989632323575  0.44090986424549694
  0.45415198914983340  0.46623602868514874  0.47767315869497062  0.48921805528460360
  0.50065938982567537  0.51263795934029688  0.52640015759141390  0.54230790541964358
  0.55983723345616587  0.57580697650354307  0.58981535346408587  0.60428362212874243
  0.61923666773621355  0.63419875772556611  0.64855361236010944  0.66132376823599337
  0.66989710325471286  0.67606161199049175  0.68359574101111464  0.69075328723733842
  0.69837162042730294  0.70554915905212690  0.71274598736799610  0.72080936534968765
  0.72707068592399016  0.73827792025732597  0.75241460675812166  0.76549422531993494
  0.77944401051267331  0.79239244711168422  0.80480999067757419  0.81775714225286067
  0.83035320056443784  0.84064293847817106  0.84915607886799005  0.85778287374429207
  0.86578210348113505  0.87316411257923376  0.87980182395049888  0.88679686131864166
  0.89455612019211939  0.90227783691996011  0.90960798180574332  0.91670051857737145
  0.92440175593802576  0.93319901819962525  0.94248643838856283  0.95192693745815082
  0.96269528727131970  0.97448186498249745  0.98694151805328856  1.00000000000000000
 -0.00283332925411412  0.00907667783776068  0.02153203629597441  0.03437498075195768
  0.04751468905633108  0.06064465093390232  0.07314337070220990  0.08424533030436243
  0.09449716322945886  0.10490611222876127  0.11449688911786200  0.12440996674872352
  0.13563496278953233  0.14645936194709200  0.15742613448979739  0.16819828138734316
  0.17941873878530112  0.19037121180331984  0.19997980624730477  0.20823504608822369
  0.21622559090022908  0.22416150157838019  0.23345530327836700  0.24266905038745978
  0.25300639194308422  0.26477471838671801  0.27698712138635834  0.28979004767427796
  0.30336371049452704  0.31663254913068456  0.32800869363319257  0.33737483806948981
  0.34638744489132683  0.35550886463026710  0.36426606627884539  0.37342166077893191
  0.38443193879778748  0.39587697565173852  0.40717464425025163  0.41931998477847959
  0.43178569607414369  0.44321461002015416  0.45327081044007644  0.46465463277149949
  0.47540571584188429  0.48553106356472864  0.49586423588809114  0.50709703138593054
  0.51975516291888901  0.53294667644926097  0.54648469094540841  0.56071007330390199
  0.57375806093522019  0.58520848662334735  0.59598917799855389  0.60715258816136297
  0.61836182380834226  0.62750730755602635  0.63448386893054531  0.64141015694567172
  0.64855922009925360  0.65558999891047820  0.66262959908392360  0.66997606780617902
  0.67809525432523543  0.68548398864249405  0.69454610350005686  0.70520774000621622
  0.71610245573140718  0.72741769637440246  0.73878534454574474  0.75002691060797788
  0.76107345181935715  0.77224526145656247  0.78444999391182002  0.79667674015143197
  0.80882588562189195  0.82158837818210273  0.83433229134738962  0.84673525711963760
  0.85837579293641597  0.86853056351412761  0.87668051878299569  0.88372992010428963
  0.89147922649234801  0.89964072505667669  0.90729616912395117  0.91439298748243214
  0.92185164399051100  0.93044643935453253  0.94004126971112312  0.95122830908034983
  0.96342161741578702  0.97559309918971615  0.98783473753266360  1.00000000000000000
 -0.06250771344901448  0.83609907122732374  0.91705988035366781  0.94699336480629481
  0.96017336731567027  0.96471006366550249  0.96885286545532989  0.97243445005319673
  0.97548887556045505  0.97810801793142965  0.98029502283580960  0.98211216396459744
  0.98375561708861969  0.98514136621313941  0.98643261459817111  0.98757921665640858
  0.98862181927288140  0.98955043550065303  0.99037396118961640  0.99112276199331517
  0.99179932751384070  0.99241902354413791  0.99297528207914265  0.99348258076691709
  0.99393374808310708  0.99433339137925436  0.99470900404763662  0.99506607078033493
  0.99540175214427873  0.99571502245448351  0.99600497153848944  0.99626737052796932
  0.99650599818152097  0.99672357789815702  0.99692287958358383  0.99711085599843974
  0.99728171367250829  0.99743055224328281  0.99756723131547109  0.99769973750272101
  0.99782853675259486  0.99794498339808391  0.99803952400105544  0.99812627142767163
  0.99820976586058952  0.99829046646380459  0.99836850029821889  0.99844318908079177
  0.99851693913228579  0.99858557168051976  0.99864829196601168  0.99870364220880103
  0.99875056457067368  0.99879790918795408  0.99884305489697134  0.99888645774333584
  0.99892870794227084  0.99897024343061547  0.99901120165386248  0.99905015862670854
  0.99908845259540280  0.99912595615550970  0.99916263224920565  0.99919845348395286
  0.99923279772752627  0.99926575329447065  0.99929727795213286  0.99932707819742650
  0.99935538936886248  0.99938259725747769  0.99940887210714124  0.99943461980704817
  0.99945977208155234  0.99948428802888145  0.99950803985955328  0.99953038838358477
  0.99955259150863851  0.99957463868748930  0.99959560566119032  0.99961656400211596
  0.99963733848407554  0.99965710155562670  0.99967669502799261  0.99969618605708066
  0.99971560102061652  0.99973501527090269  0.99975444919037648  0.99977402961046380
  0.99979413908479364  0.99981462491174067  0.99983544792542101  0.99985851551174676
  0.99988388184958887  0.99991300596552546  0.99995155848629880  1.00000000000000000
 -0.02818517463092852  0.14553440422571140  0.20169350340157935  0.24170020941968648
  0.27044627357474993  0.29412229694201492  0.31586418978519476  0.33620229828929421
  0.35375783161334989  0.36882441592019349  0.38101794252247811  0.39125472762879399
  0.40147368617139917  0.41164493241031602  0.42187784117106203  0.43056168866485406
  0.43781166402724658  0.44606621544899494  0.45432490306637396  0.46273504098115148
  0.47180539739919175  0.48076057769238328  0.48909304768584333  0.49731267813662589
  0.50574839763909230  0.51430322287600283  0.52222586342356503  0.52702586049862576
  0.53152068987837553  0.53623903995988043  0.54099343402588995  0.54570173341798967
  0.55153888526000605  0.55687098495847420  0.56201072707135513  0.56697936550472749
  0.57202174314802179  0.57724162919859034  0.58232907480019880  0.58749876500703779
  0.59295910378239269  0.59839173262052903  0.60389101906132325  0.60953162920117754
  0.61580028788735142  0.62160531800331620  0.62647869969386483  0.63060209966715597
  0.63394701318069124  0.63668665997659757  0.63930018434953095  0.64187673917606702
  0.64467740836627119  0.64835080401239142  0.65212995010679664  0.65600844907544231
  0.65994284335886089  0.66377491196820115  0.66767648011406078  0.67179672293078274
  0.67611523709732690  0.68026865935257474  0.68387310179764094  0.68755959354611518
  0.69202149908247745  0.69698442857304554  0.70244371160853847  0.70778840049029057
  0.71337293315655648  0.71831765581088536  0.72356280105519710  0.72940165338009799
  0.73569849096492568  0.74212772653995696  0.74831362030559334  0.75397126784279622
  0.75905240108825844  0.76398394937233149  0.76879089184736404  0.77394798873556436
  0.77965913732111081  0.78597105105912068  0.79253350985219362  0.79926704749426625
  0.80596722394629372  0.81287789061324212  0.82134047137732369  0.83134377359488298
  0.84010165858882935  0.84914254978867243  0.85922143907293114  0.86924156885109594
  0.88009577542478246  0.89429298560199799  0.92063156219324671  1.00000000000000000
   9.1740508673157742E-009  -1.0000000000000000     
 T T F F F F T T F F F F F F F F F F F F F F F F T T F F F F T T T T F F F F T T F F F F F F F F F F F F F F F F T T F F F F T T
  <DiscreteSampler_grid>
  grouped_processes
  1 # 1 for a reference and 2 for a running grid.
  10 # Attribute 'min_bin_probing_points' of the grid.
  1 # Attribute 'grid_mode' of the grid. 1=='default',2=='initialization'
  0.0000000000000000 # Attribute 'small_contrib_threshold' of the grid.
  0.5000000000000000 # Attribute 'damping_power' of the grid.
 # binID   n_entries weight   weight_sqr   abs_weight
    13   10   2.500026937026972E-002   4.132366705221343E-003   2.500026937026972E-002
    14   10   2.500026937026979E-002   4.132366705221383E-003   2.500026937026979E-002
    16   10   3.851877653664495E-003   9.856160774071530E-005   3.851877653664495E-003
    17   10   3.851877653664506E-003   9.856160774071631E-005   3.851877653664506E-003
  </DiscreteSampler_grid>
