  0.00131301445517971  0.01475051421359640  0.02904083211553677  0.04337424274129898
  0.05765109027031639  0.07180540066956431  0.08549966957485806  0.09854011357259940
  0.11058940271926236  0.12030711090113697  0.13216404559767619  0.14400814928795266
  0.15564718293572716  0.16596881403079117  0.17465735075247885  0.18408562755485902
  0.19398514214125259  0.20257057725513436  0.21094874547862916  0.21993958819908260
  0.23077760223755092  0.24259952861723455  0.25392784121860329  0.26475214917465684
  0.27511864575551170  0.28562872326997102  0.29979329196094451  0.31098360498729777
  0.31885400765667038  0.32603500289461268  0.33343712890332655  0.34285212362185385
  0.35341712110503876  0.36372481531081419  0.37388216450398404  0.38553891369566345
  0.39857365868114164  0.41097408666551100  0.42303303849231261  0.43476576055999783
  0.44663225616825508  0.45869397474568979  0.47168150039653012  0.48713594118159481
  0.50029879950217104  0.51122442153332437  0.52098555973849314  0.52886472416123553
  0.53554223850581606  0.54221624017816916  0.55071018391663529  0.55945310440916451
  0.56780910264535989  0.57677448484794802  0.58604966016233362  0.59586868666475168
  0.60568268844256234  0.61520627812298212  0.62460706027535107  0.63546968950565563
  0.64832104264300117  0.66243389547528997  0.67636189138436442  0.68836639904125496
  0.69997875367422580  0.71137025449269919  0.72275191823762541  0.73337288043718352
  0.74210972768101391  0.75092691667895672  0.75940373661153393  0.76765196164877336
  0.77634775445030380  0.78715093850042983  0.79915440711789654  0.81200761826390755
  0.82557561312321381  0.83995126986903801  0.85256781290151962  0.86115725703988433
  0.86813746866156971  0.87582060257391003  0.88251971261114892  0.88985215211587365
  0.89759117075630057  0.90483925688677058  0.91220239955423132  0.92129492357475717
  0.93426451360911855  0.94489990848011185  0.95471521551146732  0.96567800495027822
  0.97657995696430200  0.98524388575520749  0.99252644243292898  1.00000000000000000
 -0.00004165630628734  0.00097566233167312  0.00353073951868262  0.00682518084818637
  0.01180156186244511  0.01686290826780527  0.02216845408036503  0.02864995542160608
  0.03581512728192363  0.04323590685291049  0.05095404991238064  0.05970988111299466
  0.06951162544143920  0.07958305576372586  0.08980653103936646  0.09954877061749706
  0.10777225636650124  0.11428879619329792  0.12019616088887340  0.12630784296430733
  0.13374997543752845  0.14241060522302779  0.15287346299963592  0.16472619427512586
  0.17559086743058919  0.18564468501963238  0.19530940023220328  0.20482677908128277
  0.21457043732596895  0.22490446399613179  0.23610196577347253  0.24783437997044916
  0.26004653855431908  0.27312100831707570  0.28676513504470080  0.29970301346754963
  0.31242311674031387  0.32526644419067868  0.33841366241386833  0.35224738100398778
  0.36708882286746625  0.38208985221837266  0.39533743457962578  0.40725995065552834
  0.41811732429933035  0.42754099723669325  0.43650172181378250  0.44497427733175976
  0.45352956457456717  0.46267969909370243  0.47148790794188389  0.47973066749295618
  0.48857063388524802  0.49772352459309882  0.50685522143126949  0.51588325702798321
  0.52496987754442370  0.53467201007713350  0.54475327377961125  0.55481466848065697
  0.56462850398555620  0.57431094604526012  0.58390597490948748  0.59369929271727795
  0.60391966893281424  0.61456289471587755  0.62540038206188264  0.63599426300666151
  0.64612546302869400  0.65593394664625071  0.66519834990551652  0.67482716263880504
  0.68609439958552354  0.70081229416316504  0.71418320319345041  0.72831549357374004
  0.74316985947440095  0.75841739898636840  0.77373966324943466  0.78582951769270715
  0.79751688783536556  0.80936423186265349  0.82181474324783810  0.83414821877908107
  0.84662137156022321  0.86005547208077682  0.87358878789357253  0.88632551155772621
  0.89891633210600030  0.91179380958701362  0.92568343506083317  0.94000137290450636
  0.95453822525605303  0.96933466278582781  0.98448776234389046  1.00000000000000000
 -0.00360438567907127  0.01112060124615372  0.02382351162150836  0.03530554218270826
  0.04564770130061965  0.05462279843514673  0.06270719488862389  0.07035510344237250
  0.07693136576415065  0.08391696033596679  0.09075813665766239  0.09872814484206367
  0.10913371080936107  0.12090852243521674  0.13333333666960415  0.14583942411894893
  0.15870438715344182  0.17127921204969571  0.18340420919763759  0.19634829167221454
  0.20815222219626936  0.21565931874341313  0.22313317737260777  0.22950934510342594
  0.23579149833399335  0.24286682612219582  0.24971450072449913  0.25689171633721442
  0.26432451108849664  0.27252382884702320  0.28159306602986528  0.29187458484228906
  0.30434667582796920  0.31813601833513827  0.33239041909621525  0.34643724217401745
  0.35997150108458587  0.37335777952894894  0.38552713420107310  0.39730071693460239
  0.40928503657724807  0.42141427746657267  0.43338463007025718  0.44527900546406218
  0.45748390562804164  0.47036404401145443  0.48264415559950535  0.49217023990417674
  0.50031822553957250  0.50748622086664030  0.51519808617468166  0.52384737877019205
  0.53147149432865082  0.53830958366994752  0.54556312277518326  0.55302742709751052
  0.56070733938467177  0.57047567075154348  0.58164884791715410  0.59188197578630786
  0.60125121899650391  0.61025654612937397  0.61917412058568888  0.62833259689004617
  0.63836804120875379  0.65028065958199510  0.66261313743225481  0.67422411965170781
  0.68538068395862661  0.69702069265388134  0.70919664866520427  0.72060201095559828
  0.73133756316007104  0.74286388816126769  0.75417004654777153  0.76541717583449065
  0.77818653313293351  0.79184779241336489  0.80587835894902271  0.81849939800319504
  0.83051779128042069  0.84251431709385782  0.85341743334853903  0.86356519043652191
  0.87396158368037746  0.88418859034636721  0.89391334175075787  0.90360440607918746
  0.91386025995871456  0.92463057899825740  0.93550677099763591  0.94664976402686118
  0.95823391910275946  0.97008296530971561  0.98293530461128586  1.00000000000000000
 -0.00261889486597879  0.00933293819189137  0.02087318071083734  0.03175062331892328
  0.04165301687062899  0.04998491133885658  0.05696873336433253  0.06408849454824231
  0.07141723523360699  0.07908225029026636  0.08688445540038302  0.09474946145854309
  0.10304782977842195  0.11223383105766693  0.12208465603148214  0.13228927414963690
  0.14289611521568735  0.15552885773831096  0.16802410647793353  0.18061803599790091
  0.19367795888242550  0.20525653819429021  0.21389956478602926  0.22148996496947407
  0.22830294240291199  0.23548971617798975  0.24344256731623015  0.25133865367462238
  0.26008884477835431  0.26800460268371151  0.27608686376955954  0.28623092880265694
  0.29769651300194128  0.30898172430991838  0.32077676904523450  0.33379454260820624
  0.34749583230236208  0.36074285157680602  0.37307014731690474  0.38587528259497350
  0.39746008858137938  0.40791447456917701  0.41913171020757495  0.43151152727575820
  0.44462231748151865  0.45661452500338551  0.46956425255908213  0.48287916119386209
  0.49631221656536001  0.51084695884917830  0.52623282286018036  0.54011315846969288
  0.55021280087013136  0.56141231393832591  0.57451027156584511  0.58681425883541272
  0.59866998984097619  0.61190813131027322  0.62529667421058521  0.63647772499866540
  0.64702887519600416  0.65707149718341884  0.66753785351574713  0.67764378090561184
  0.68638213264321568  0.69663231671959103  0.70842353662736979  0.72080371270863275
  0.73468671425757692  0.74769969277375803  0.75864374420797676  0.76875614542521675
  0.77865772670889266  0.78817952794634527  0.79870149077797670  0.81057435301406600
  0.82298999168121645  0.83479395891541608  0.84800744373619452  0.85909643684603310
  0.86891942815762835  0.87884383427334600  0.88859677608186782  0.89746826498923049
  0.90544702404282407  0.91360686242635614  0.92333221644921815  0.93371715113939324
  0.94198310653711292  0.94968401394253144  0.95713533750493029  0.96435476340726012
  0.97124942504494527  0.97932434202816598  0.98957433738219813  1.00000000000000000
 -0.00442006988397645  0.01251478654367602  0.02715722092948855  0.03994701087715456
  0.05120141898892656  0.06148945237952213  0.07127431296807644  0.08114894524176555
  0.09019426007699320  0.09873185164932134  0.10849697982077633  0.11900024730523447
  0.12975137292996844  0.14091447351198991  0.15211573780419402  0.16304955082030032
  0.17407632775983103  0.18516626811125378  0.19618378097425632  0.20663798365014249
  0.21521222380490912  0.22282688888292929  0.23097841998743593  0.23855416033482946
  0.24600747947775428  0.25332822680234290  0.26236837374005301  0.27279989122737658
  0.28687485791985839  0.29951330448883046  0.31124560186890193  0.32260631287350061
  0.33352252080418082  0.34342264557006319  0.35299285474710040  0.36219259149671962
  0.37216023528971381  0.38246824793666906  0.39399703013308768  0.40537859264229781
  0.41640274058825810  0.42581005690934765  0.43432283600443589  0.44302468648650262
  0.45194484867177775  0.46139734395291676  0.47094288290290220  0.48032623327025137
  0.49135894447989997  0.50360892174525018  0.51596268985725768  0.52503451883575780
  0.53204506453130740  0.53912663425653840  0.54754140511833527  0.55739135932011352
  0.56718679459111099  0.57693467665858056  0.58540430272185606  0.59789187631846641
  0.60983167830647600  0.62139461024614051  0.63335479113477833  0.64528745598073511
  0.65668872488306651  0.66792330103910913  0.67997310489971718  0.69239050302884231
  0.70416218387109952  0.71570232742187789  0.72712635734351583  0.73786710822217283
  0.74822715417631458  0.75848550040549190  0.76950676475269120  0.78140362403870911
  0.79431754212504246  0.80763033655315941  0.82029947988590979  0.83168095209864545
  0.83943195456336739  0.84740649154048286  0.85576147066740538  0.86365455850267459
  0.87187048000984024  0.88067575932502096  0.88861817848489888  0.89757118153225479
  0.91067894267941041  0.92593252329096132  0.94020621306227214  0.95299192242733699
  0.96503920399370746  0.97608163096558598  0.98657258652847679  1.00000000000000000
 -0.04106912405025766  0.82860320172177404  0.91367728656768454  0.94437705191638321
  0.95875422746013061  0.96373915831498647  0.96807303996039340  0.97174601811841621
  0.97483003286381820  0.97759684490977428  0.97990906501501651  0.98175844140927071
  0.98343803475697689  0.98493333825061491  0.98625875296444099  0.98744873904289909
  0.98851906918551147  0.98945996754952381  0.99031670980991948  0.99108497835472809
  0.99177777909058928  0.99239636830218025  0.99295627626871574  0.99346149668397477
  0.99391350405152201  0.99433643307708997  0.99470956505869568  0.99506015267309544
  0.99537141513210736  0.99566030312468379  0.99592682852513870  0.99616568818218076
  0.99639927011109031  0.99659981300761757  0.99679203958562979  0.99697491444570430
  0.99715246011562708  0.99730095372694572  0.99743420417111961  0.99756212001733346
  0.99768341195224708  0.99779775071993204  0.99790397205702097  0.99800421452499766
  0.99809714663246563  0.99818621811918795  0.99827243300945978  0.99835566524684050
  0.99843562024143773  0.99851245390501953  0.99857879108872560  0.99863961840612137
  0.99869423099987897  0.99874458300294000  0.99879384996417653  0.99884180404406042
  0.99888738184749071  0.99893117056186276  0.99897347602084330  0.99901417706282492
  0.99905287734561954  0.99909100235311188  0.99912833929044598  0.99916538519803333
  0.99920235114501399  0.99923740639828529  0.99927190497433782  0.99930385157415580
  0.99933209601614836  0.99936023762385939  0.99938701990591461  0.99941295676885755
  0.99943903734214690  0.99946446005823797  0.99948973140179964  0.99951510237625985
  0.99953896937251607  0.99956221840419923  0.99958493381044433  0.99960674717266962
  0.99962805745451222  0.99964886959896004  0.99966975171374861  0.99969036691413660
  0.99971069246088273  0.99973084768996223  0.99975109666590589  0.99977145140283086
  0.99979249223191125  0.99981335047178110  0.99983395473838232  0.99985813355306830
  0.99988389432188574  0.99991151118416011  0.99995102685989756  1.00000000000000000
 -0.02042426364901267  0.12965707452555150  0.18391906078390169  0.21620435325538445
  0.24639357709415718  0.27370545216619507  0.29500950357556383  0.31321023094616873
  0.33048576234322641  0.34754565823172134  0.36420530608591400  0.37957880049437742
  0.39379642499935374  0.40690236793383316  0.41831622666514789  0.42852883973538319
  0.43862453371277305  0.44865189808581668  0.45860848257326275  0.46865753091779816
  0.47838438108653752  0.48753923710655128  0.49543093054651305  0.50206971624220897
  0.50768327470371910  0.51301877536602836  0.51883093036067007  0.52476030162198783
  0.53043513411643683  0.53582508341016266  0.54113177490417508  0.54626398372699347
  0.55087013205852919  0.55524095171794663  0.55920420876278631  0.56374022054784756
  0.56870142184039940  0.57370965701726129  0.57912476087344389  0.58471873950848319
  0.59016727611594066  0.59534509304883587  0.60035732714016909  0.60541527820810492
  0.61068215525545044  0.61616489369808536  0.62166812931551341  0.62711975531416775
  0.63245611941992852  0.63801754506957864  0.64380151767481764  0.64966424822248581
  0.65551255901846806  0.66127535067152299  0.66729748487456364  0.67353454896079101
  0.67996342864951742  0.68653934377879267  0.69317102431762723  0.69844821030178028
  0.70390325929367903  0.70886376115227212  0.71325318003400473  0.71746588096007258
  0.72135343940238383  0.72498201589098854  0.72855881253403465  0.73209922108952497
  0.73564669290712714  0.73937276841173505  0.74363008294484267  0.74780174541026623
  0.75148755687739410  0.75523483216472043  0.75936821910700525  0.76353167510649456
  0.76736070806423395  0.77157753489007674  0.77677313593321895  0.78231991096252118
  0.78803431612043040  0.79373411368483193  0.79939635151190269  0.80512327421167373
  0.81093496681570487  0.81846169167124683  0.82717269613725974  0.83548228521862677
  0.84152539557560424  0.84965233540878815  0.85929421928881400  0.86889290008118270
  0.87895100313177044  0.89275114697571101  0.92278824878132193  1.00000000000000000
   2.2922861845013180E-007  -1.0000000000000000     
 T T F F F F T T F F F F F F F F F F F F F F F F T T F F F F T T T T F F F F T T F F F F F F F F F F F F F F F F T T F F F F T T
  <DiscreteSampler_grid>
  grouped_processes
  1 # 1 for a reference and 2 for a running grid.
  10 # Attribute 'min_bin_probing_points' of the grid.
  1 # Attribute 'grid_mode' of the grid. 1=='default',2=='initialization'
  0.0000000000000000 # Attribute 'small_contrib_threshold' of the grid.
  0.5000000000000000 # Attribute 'damping_power' of the grid.
 # binID   n_entries weight   weight_sqr   abs_weight
    13   10   5.954139971587684E+001   2.481215087376439E+004   5.954139971587684E+001
    14   10   5.954139971587688E+001   2.481215087376443E+004   5.954139971587688E+001
    16   10   9.203585739039259E+000   5.927633515604437E+002   9.203585739039259E+000
    17   10   9.203585739039267E+000   5.927633515604449E+002   9.203585739039267E+000
  </DiscreteSampler_grid>
