 -0.00020658944883099  0.02170769501040686  0.03998799997954915  0.05578719951932568
  0.07057079750746884  0.08624821511904543  0.10152260935619933  0.11366311419397715
  0.12239117781415125  0.13044886874190054  0.13799748292215835  0.14507327408448650
  0.15389919446999478  0.16277123970677349  0.17093357328929862  0.18095262709775276
  0.19202254958613565  0.20314363605444125  0.21849611478638614  0.23023057504993036
  0.23542325163905595  0.24049183473874058  0.24249605214366518  0.24519625985252450
  0.24815469261755527  0.25067452258711276  0.25720931742692560  0.26222600680751240
  0.26682181854201720  0.27169546992586391  0.27754629706206591  0.28430973253628405
  0.28913271827544923  0.29448764823251705  0.30187786952203521  0.31161714069311697
  0.32116008862668549  0.33064766853775546  0.34083656888576752  0.35266085431950217
  0.36415157036814955  0.37602182670148621  0.38916031097056464  0.40089141599434885
  0.41169511762489525  0.42244642519342424  0.43371877021138178  0.44757304121335001
  0.46206820235072071  0.47627434465466723  0.49138491707041565  0.51126482508992099
  0.53362801372449242  0.55417550591899623  0.57356279130065191  0.59262312178123344
  0.61335050943294789  0.63798758564236280  0.65886745188119433  0.67874659802648274
  0.69695140303289238  0.71515584857838865  0.73331013145034785  0.75114274162224337
  0.76345491500683704  0.77660401284792668  0.79124561338037769  0.80366316014780992
  0.81600738203759104  0.82827805866352522  0.83620524837143817  0.84445658143642388
  0.85260676135624569  0.86045002433938433  0.86780860579149255  0.87504870860387951
  0.88059879189135992  0.88496993806964319  0.88903381956382665  0.89388200449340427
  0.90024734974494780  0.90727101476242622  0.91408887162143937  0.92031314066924286
  0.92659919496133036  0.93354937931185789  0.94032866288334394  0.94708783203320179
  0.95631543345149095  0.96410051249104933  0.96979649122139300  0.97464812703540649
  0.98067448268486046  0.98792378264086156  0.99169831447752621  1.00000000000000000
 -0.00000476796035713  0.00018952631034869  0.00073837688715272  0.00190230566918837
  0.00392404066040762  0.00680333345751766  0.01067534091142686  0.01563057984349494
  0.02008465129880690  0.02422852365928330  0.02893628180765926  0.03378858928692257
  0.03854867804431208  0.04505317283010058  0.05689618578477369  0.06860966061106155
  0.07815697570796115  0.08808883686212914  0.09985623793301332  0.11166549648794877
  0.12459837646978268  0.13761427450942029  0.15096248682127261  0.16089113436650671
  0.17036789736755256  0.18026515101788732  0.18903448410772480  0.19750077218441292
  0.20585286489849830  0.21566229168158624  0.23029634383988518  0.24974220116684551
  0.27258009033741099  0.29807933228995576  0.31554796038992106  0.32799982941955486
  0.33867456879994490  0.35169769734323192  0.36296642102183763  0.37372120496001543
  0.38529516351103493  0.39602479518847289  0.40793052002821883  0.41933302508905240
  0.43059343579370962  0.44192528827769756  0.45106188138378178  0.45988902617783367
  0.47028017224722601  0.48328481128873041  0.49783729262459075  0.50924205820117230
  0.51994795419934414  0.53058177259674000  0.54342897007480295  0.55926909955796733
  0.57376387344335422  0.58321600712036714  0.59234723322059424  0.60165774628935142
  0.61351096899018998  0.62535743133469512  0.63385759748866122  0.64159463102759451
  0.64842855724360049  0.65419887919333286  0.65937105787737060  0.66520968833082639
  0.67102702534708114  0.67799538942637694  0.68697492386718451  0.69982454913420000
  0.71450371281268621  0.72763663711926041  0.73911969282706058  0.74971939764185203
  0.75975235387978046  0.76963330725081103  0.77879011698976508  0.78701067177884731
  0.79529576098063748  0.80375386396143145  0.81266161934921755  0.82127270221433035
  0.82903636836387429  0.83895791773777151  0.84837875596996726  0.85583272620071715
  0.86244368167395091  0.87114447339936685  0.88334510183600534  0.89995389866864806
  0.91995976604569718  0.94562848384438292  0.97239676723989188  1.00000000000000000
 -0.00472219798365035  0.01545794780550123  0.03140453996359611  0.04293357070041881
  0.05267151563863865  0.06324036852734538  0.07419287463018508  0.08964319379766539
  0.10647307107758056  0.12246311902419062  0.13283844312495005  0.14315984229372172
  0.15297444753875869  0.16349512313010081  0.17504331429995290  0.18609696072789284
  0.19848297464677742  0.21163479605748348  0.22230917603167571  0.23386171136872777
  0.24892010018059255  0.26579998527322202  0.28192675900289271  0.29386507953539853
  0.30545006408719760  0.31239102484046077  0.31739591161619746  0.32292879510031725
  0.32814154504056392  0.33323513479053257  0.33824912398561685  0.34517340900791971
  0.35722038859492150  0.36735212187603239  0.37706804754426065  0.38578314207670455
  0.39187718271067901  0.40064747546767920  0.41081122737679016  0.42312183338391446
  0.43880200002935865  0.46027964105391761  0.47678423471733311  0.48827421289216083
  0.49942962781533040  0.51114151671726649  0.52235673030386842  0.53807403792834529
  0.55523851656668954  0.57325748844636937  0.59087864010126789  0.60370306069015245
  0.60954044719086120  0.61617443321764820  0.62220895652496266  0.62790442795435419
  0.63261703874790121  0.63722140350990131  0.64388675400627160  0.64954895907756671
  0.65381704610563307  0.65870664710575844  0.66390004211880849  0.67273752591238312
  0.68386217221505641  0.69560803799801829  0.70558354670674583  0.71568997751164143
  0.72498865141654656  0.73002288414015026  0.73475771296836578  0.73943184455563693
  0.74871379225636647  0.75911103054672324  0.76732469218780530  0.77542973279215821
  0.78330185669533503  0.78955001785379786  0.79583548185446362  0.80343461051268517
  0.81198494088625883  0.81994606514605439  0.82725397139254597  0.83366625731616451
  0.85797079805348941  0.87620260365569747  0.89389874806860348  0.90874318992526903
  0.92154622306430567  0.93268598758248122  0.94223416602939225  0.95126549382279657
  0.96321820885178644  0.97443989323785207  0.98682996931604172  1.00000000000000000
 -0.00434534076914060  0.01654758818311265  0.03216975192921405  0.04495892852527283
  0.05323243874560287  0.06084126594652525  0.06643611896978478  0.07142411824397252
  0.07678793455255142  0.08271692009608810  0.08951756425279798  0.09634437161741029
  0.10350877844793242  0.11410834839624999  0.12650025731214259  0.13929285979297115
  0.15184685421942809  0.16436047203157614  0.17803041113512802  0.19671772143280719
  0.21767480724741861  0.23036267687940518  0.23810210888386879  0.24362072944248556
  0.24899220650985024  0.25580075090768073  0.26133320663355786  0.26522852680869252
  0.26867490923810960  0.27444704111521140  0.28072288156167730  0.28648288978464143
  0.29647470846190371  0.32212142098174446  0.34548973839649932  0.35535587679208763
  0.36513940525190158  0.37424917665639368  0.38325116298007744  0.39139156365377165
  0.40181787222898457  0.41553256532812832  0.43256081424393628  0.45256807574450114
  0.46410178163969629  0.47253207761530597  0.48089194916612399  0.48969692714064622
  0.49878907909310655  0.50744073071223483  0.51614445054139257  0.53001945910967885
  0.54439313752656071  0.55681057715184790  0.56582344696848386  0.57669815005658820
  0.58813881850377792  0.60431158480101799  0.61676191354176935  0.62954676174769753
  0.64264385148130831  0.65567275469433028  0.66800836831936616  0.67888081782559662
  0.69048902880991048  0.70203295049747372  0.71482746525142860  0.72960545079317385
  0.74164229570829787  0.75425205356593528  0.76676133358208876  0.77375878229990980
  0.77792772265743937  0.78270899388787596  0.78710395067946171  0.79244689311326977
  0.79899734813572909  0.80589973715960117  0.81314541524217610  0.82016741235128177
  0.82775771229836803  0.84237440877081682  0.86338842155468298  0.87614345138335148
  0.88885935157292240  0.89984439154935336  0.91020734371481016  0.92163340434844243
  0.93530084863090213  0.94886256250986123  0.95827569306215832  0.96578848705184528
  0.97284387595397182  0.98040309814551452  0.98961766429455311  1.00000000000000000
 -0.00364244585102574  0.00805739033514161  0.01797851941663856  0.02568167637128732
  0.03189976312916706  0.04210566430828132  0.05192307520602534  0.06104133633571069
  0.06926054029610072  0.07687269776930578  0.08473155141867283  0.09796094999933780
  0.11336595688654461  0.12963029735826762  0.15117504870520795  0.17020781023109885
  0.19108559385673660  0.21436033747985647  0.23047165542566048  0.24029797041474743
  0.24958498710953234  0.25931734192332156  0.26741901153251502  0.27169911241679351
  0.27617782018969778  0.28110631045701406  0.28572906125077241  0.29015290996445509
  0.29491214459788112  0.30006248622102977  0.30615248840298426  0.31321300126100704
  0.31861880134459963  0.32261613851482152  0.32636665975165841  0.33048097536214388
  0.33835683581148496  0.35351860585917694  0.37373605553397898  0.39602285904567580
  0.41392188482462122  0.42626532905492331  0.43761543464966246  0.44716611919298610
  0.45697438848124883  0.46758701566845684  0.48349587410428169  0.50069762479715230
  0.51770913622063885  0.52975028363608567  0.53865906337044434  0.54527289734875861
  0.55150350462394182  0.55959971899619321  0.56565357585163234  0.57118540223221181
  0.57625749587051767  0.57900294028089927  0.58345328374917549  0.59551127902165213
  0.60702723739664499  0.61820022133953090  0.63022737886408797  0.64324647709627658
  0.65755789614119131  0.67022088372753008  0.68508756985228092  0.69931151513904322
  0.71647143552922254  0.73186739854267036  0.74328614679815885  0.75445348312314320
  0.76771393893697082  0.77889664478447762  0.79084985475155567  0.80441861347429910
  0.81844726947569679  0.83208613345047477  0.84337359623943242  0.85522056164353932
  0.86162804436245344  0.86775342728481597  0.87519714659870540  0.88774348636316847
  0.90085332842360077  0.91079922584699624  0.91821182609792051  0.92489822009968903
  0.93146940603754802  0.94005308938109533  0.94907631952219340  0.95860626009284922
  0.96827166826656219  0.97535402034400132  0.98363697918060655  1.00000000000000000
  0.03337499729854441  0.72165300169704172  0.81883708681890777  0.86859054739074448
  0.90401940020143545  0.92668689589932940  0.94079256873615902  0.95021526724954986
  0.95805293163301897  0.96099052070175128  0.96340799590604786  0.96579151681402564
  0.96816072753071492  0.97022263102749706  0.97214687340647099  0.97402473501480002
  0.97582642048268731  0.97742722207136012  0.97901660703527449  0.98023601438824082
  0.98129195228401966  0.98231332764782631  0.98328807860395573  0.98428016655152029
  0.98533232511486157  0.98626616202260997  0.98709494430713485  0.98780250218851717
  0.98844136501248370  0.98905355338326417  0.98965853946500271  0.99020264888404752
  0.99072562776150930  0.99124360691214686  0.99174523691728111  0.99223977743714542
  0.99268273554629338  0.99310179610185401  0.99349026454482015  0.99390304491836834
  0.99430308634993203  0.99469041085727583  0.99506987975614702  0.99542642493935396
  0.99567748077514562  0.99590955314231178  0.99612844940962575  0.99633913062133517
  0.99655169058373505  0.99673876474948087  0.99690764618939742  0.99706821586356864
  0.99722912413857501  0.99739898113514436  0.99754623801532027  0.99768282294910959
  0.99781255731976182  0.99793506339045801  0.99804083955490541  0.99813601567886789
  0.99822094670999095  0.99831168523131497  0.99839731773123830  0.99848009171084007
  0.99856201897809782  0.99863673877156023  0.99870776481495416  0.99877136207772022
  0.99883409620926089  0.99889618142413750  0.99895415885569683  0.99901141486829981
  0.99906711404986126  0.99911825257128506  0.99916516970943858  0.99921144729958833
  0.99925670563853408  0.99930107120508105  0.99934118609422729  0.99938130098337363
  0.99941962335388079  0.99945758538173757  0.99949522756850073  0.99953258569650427
  0.99956972277871814  0.99960591383650099  0.99964210489428384  0.99967608862055835
  0.99970942676823593  0.99974311748623479  0.99977878591219815  0.99981445433816152
  0.99985363389427562  0.99989431668963447  0.99994364086426868  1.00000000000000000
  0.00703707557983512  0.12611161420088185  0.17467058618316605  0.21145308918640296
  0.24082869072053417  0.27141831796110655  0.29547366361836402  0.30759785383625871
  0.31876844000757804  0.32905228721901186  0.33635658550438252  0.34302846795428038
  0.35410718400612029  0.37034534030018512  0.38182723004667546  0.39046369892280647
  0.39736236343497172  0.40472615592771127  0.41259116097045584  0.42036384482458389
  0.42790920114373421  0.43570421582807894  0.44362982940651702  0.45229025254256516
  0.46380765660134404  0.47631696257206269  0.48973043160104551  0.50162289990986286
  0.51061348483244318  0.51755935649665741  0.52472896709381722  0.53130290723566964
  0.53818134613823632  0.54175241466839608  0.54452329135447330  0.54770925119233471
  0.55135647538305510  0.55477448448678912  0.56095613741675066  0.56597550042795641
  0.57048254560094913  0.57415722344125497  0.57850982977953225  0.58340500844667631
  0.59049449690011724  0.59673728466923270  0.60080489940136739  0.60432999656207154
  0.60782478331578771  0.61209854139646847  0.61753993703542065  0.62286131015095703
  0.62515462102590880  0.62792101969119030  0.63117468787538600  0.63461397627415184
  0.63766757431437704  0.63976573446954521  0.64209398867248901  0.64449126720189709
  0.64719810791822097  0.65061774043399245  0.65382610992356816  0.65692673753716146
  0.66022531507570659  0.66369781271848161  0.66648144605819781  0.67073921576544993
  0.67488005648032212  0.67927252426315110  0.68301367870242391  0.68775812535528247
  0.69612520629722785  0.70555496216705160  0.71491953670807173  0.72367622318072156
  0.72910266808312341  0.73456002485939131  0.74006030778799092  0.74657682612209342
  0.75315789650020637  0.75977676966905583  0.76601411769084138  0.77331067593837055
  0.78157348277192573  0.79078141054740470  0.80119935036732037  0.81442702905666431
  0.82945185369395491  0.84555828702962277  0.86243982255429974  0.87546736729666041
  0.88740886386022111  0.90055420110229711  0.92628568378585585  1.00000000000000000
   1.3766991738527945E-007  -1.0000000000000000     
 T T F F F F T T F F F F F F F F F F F F F F F F T T F F F F T T T T F F F F T T F F F F F F F F F F F F F F F F T T F F F F T T
  <DiscreteSampler_grid>
  grouped_processes
  1 # 1 for a reference and 2 for a running grid.
  10 # Attribute 'min_bin_probing_points' of the grid.
  1 # Attribute 'grid_mode' of the grid. 1=='default',2=='initialization'
  0.0000000000000000 # Attribute 'small_contrib_threshold' of the grid.
  0.5000000000000000 # Attribute 'damping_power' of the grid.
 # binID   n_entries weight   weight_sqr   abs_weight
    13   10   2.276691342650779E-001   2.095712272226083E-001   2.276691342650779E-001
    14   10   2.276691342650778E-001   2.095712272226077E-001   2.276691342650778E-001
    16   10   2.990662796866203E-001   3.599396855449778E-001   2.990662796866203E-001
    17   10   2.990662796866200E-001   3.599396855449770E-001   2.990662796866200E-001
  </DiscreteSampler_grid>
