  0.00213631868111277  0.01353107910088100  0.02584876930119252  0.03718445208873011
  0.04817024705506542  0.05886185212564574  0.06921556614628385  0.07957222731075925
  0.09075127023702377  0.10251475835206995  0.11427909799939290  0.12585383888877899
  0.13697845436977565  0.14712984953247588  0.15586861941249935  0.16433500836970683
  0.17341312268680342  0.18311361105520860  0.19239144702189431  0.20104968467532819
  0.21044514290273353  0.22097687854694298  0.23165966508338096  0.24160918509714138
  0.25222981987764209  0.26456793025560105  0.27726887798739536  0.28884718975285500
  0.30098960045966461  0.31356613849058795  0.32684973716053634  0.34037957618945691
  0.35400506395699405  0.36761781094720575  0.38125697893922433  0.39480831290156088
  0.40794848224610369  0.42026903678632466  0.43129481942042619  0.44030904772456486
  0.44788867548694039  0.45585889279526243  0.46325090186117129  0.47080542191116387
  0.47886805068430510  0.48726561377528255  0.49522334949800906  0.50324743076356748
  0.51371511733992192  0.52529516370279628  0.53772337579716578  0.54675590513390671
  0.55637638150471769  0.56606461951209897  0.57575481897449854  0.58497664431307483
  0.59531378695471748  0.60569976198374931  0.61641900102598257  0.62832032870045751
  0.63888673653802663  0.64992094195955519  0.66126020491884330  0.67332224225135473
  0.68564767271278748  0.69777970243579113  0.70937646037777102  0.72058027081759113
  0.73153558846592548  0.74201114245878841  0.75204877242147017  0.76241718011128923
  0.77308180196366028  0.78306077145530883  0.79226446687868257  0.80104986736649497
  0.80965174811739871  0.81841740612818281  0.82756259579165259  0.83743388488673576
  0.84732765699261903  0.85635470601998143  0.86480311275104382  0.87383096150044226
  0.88443998981872618  0.89657924923054289  0.90977298494358105  0.92135097756571271
  0.93040078552656458  0.93855810438113452  0.94687434497470468  0.95542393180438678
  0.96452745662086925  0.97300932568266008  0.98149753460120703  1.00000000000000000
 -0.00003993629853908  0.00086622930931076  0.00334459133689449  0.00732917680427935
  0.01255661188091052  0.01750441993753265  0.02205664344574677  0.02700828719851329
  0.03224826401775815  0.03786248528215299  0.04300061041575700  0.04904200321496130
  0.05671277088982415  0.06571067880723762  0.07461748148663860  0.08413265399383338
  0.09286156911325544  0.10078211939120994  0.10889339298647271  0.11705837970356685
  0.12498184509457552  0.13389443258552156  0.14394668205293923  0.15325711301436343
  0.16123695139169630  0.16934973589755647  0.17810016126760364  0.18718691534252166
  0.19692196437955239  0.20640889914126034  0.21639355567796087  0.22743525815137305
  0.23863484218325376  0.24990227377542040  0.26195060259388836  0.27426458859833802
  0.28642073370166515  0.29912101017884907  0.31151795557689638  0.32157335519888758
  0.32971952804628096  0.33751559218963817  0.34533211010357234  0.35344529971397115
  0.36256941957198913  0.37278998585802225  0.38288605371563711  0.39256549093786614
  0.40232287836297725  0.41250568987216607  0.42300228420930680  0.43310693007774481
  0.44279931682071455  0.45214154936391210  0.46221776673278114  0.47390317731794107
  0.48695380910450747  0.50152753937910222  0.51539286904727588  0.52872076507476473
  0.54165742826274099  0.55435478868049792  0.56694733452967094  0.57923907302743682
  0.59057876837311252  0.60172478351992364  0.61312450809125019  0.62514345039291819
  0.63664897691991784  0.64725095722385095  0.65732328094007897  0.66780363140058341
  0.67930118501928949  0.69118176485069205  0.70295206468384408  0.71501611796325204
  0.72724570357700968  0.74036269237942653  0.75445534324948438  0.76935009661148634
  0.78428029962729418  0.79883803866267056  0.81294891041930695  0.82703874887488105
  0.84129459341494806  0.85566127343533360  0.87013177455303281  0.88470550052558550
  0.89933135006828990  0.91337027309317853  0.92760966608737139  0.94210438553133846
  0.95657138891802362  0.97094477670569557  0.98539577014471136  1.00000000000000000
 -0.00346245652733486  0.01145103221973178  0.02478023508501145  0.03631347326235950
  0.04628933519436065  0.05544102451395889  0.06541563983238655  0.07617080405224942
  0.08636664714847726  0.09569403299259850  0.10482003238548127  0.11468798909529561
  0.12525862094735113  0.13627375699695204  0.14734563236948869  0.15785708150690483
  0.16784393117175969  0.17747394019104945  0.18754137790826236  0.19863775816862847
  0.21046027874415202  0.22260136382106210  0.23466769110770569  0.24642782656048354
  0.25801854168682908  0.26938108793432414  0.28023256684195724  0.29072035019793491
  0.30139772720117503  0.31228704724229511  0.32227064531839955  0.33064984901827554
  0.33846922227071308  0.34678924337456074  0.35654513180920250  0.36809024101275267
  0.37852025830666908  0.38762509438330917  0.39679556823098483  0.40712294728635195
  0.41802150251763237  0.42831676005741864  0.43936849380654452  0.45317267441475251
  0.46653576166723720  0.47786433570024073  0.48751912723382174  0.49647672857220576
  0.50565321759527238  0.51563204974256516  0.52762842491756601  0.53996504941071055
  0.55088303761098001  0.56149346325873506  0.57201855896748899  0.58284725778915047
  0.59345907493042649  0.60498886880257052  0.61857380936090300  0.63329518470565993
  0.64733818502667084  0.65889628620615392  0.67142805348885892  0.68335747661796797
  0.69371650179277422  0.70319920450599582  0.71310946883392479  0.72274333968248938
  0.73221262268232468  0.74148354467398836  0.75147788157033690  0.76356510251199161
  0.77778405369821901  0.79129736890931168  0.80360233501504907  0.81571500151496223
  0.82751062260906716  0.83921452093208337  0.85054270307532587  0.86054504988962299
  0.86943066294122384  0.87773660588205993  0.88529025207460732  0.89233559313532296
  0.89950702302430041  0.90736051810578666  0.91447873193639784  0.92182085006281533
  0.92988819362807051  0.93718599845188499  0.94674521338486262  0.95890914260419724
  0.96988597612676974  0.98000332201044171  0.98991188792994245  1.00000000000000000
 -0.00063772322686483  0.00569252013894249  0.01069440138090503  0.01571803368531571
  0.02141815340467264  0.02747277324733761  0.03320298781371078  0.03874787912548995
  0.04498779150397035  0.05219846691737268  0.06013959353090834  0.06893073177813591
  0.07843508435556892  0.08775681017756709  0.09650543292250063  0.10498398332172169
  0.11348576072316383  0.12171120426540892  0.12881167616985870  0.13482261435359930
  0.14077801882083238  0.14760264457029024  0.15492674707552179  0.16233544409708006
  0.16980174470016973  0.17683864987364387  0.18347043000596766  0.19151758848333286
  0.20169614627730797  0.21093412058131303  0.21983618870153826  0.22830425893761905
  0.23732853343771029  0.24754042770083698  0.25979433879497132  0.27309056207242516
  0.28631693097534211  0.29897701133385957  0.31136672715480967  0.32416357075481839
  0.33689246917905913  0.34956700195389762  0.36203381517747307  0.37432691007462376
  0.38660806904055206  0.39859864494607300  0.41083853960465383  0.42442688518337551
  0.43895685031739556  0.45404208888925196  0.46990452651892806  0.48527118887211235
  0.50146773501502306  0.51694944017134681  0.53212707425062378  0.54787953125648303
  0.56376186672660333  0.58205682600857023  0.59800497504705452  0.61161233060993248
  0.62444505497635605  0.63715437008026654  0.65276191724274313  0.66649082489033673
  0.67979580409976159  0.69178702267907766  0.70341215256515721  0.71539405613752838
  0.72642127153038438  0.73576190785876816  0.74365520246680827  0.75160226293756038
  0.75967937515379103  0.76834077142599833  0.77818243981211921  0.78779038737187901
  0.79731318588501288  0.80717920637955931  0.81685372099207199  0.82672737651143102
  0.83705422037327570  0.84730250655890127  0.85707316974868097  0.86617414651357638
  0.87520184638626686  0.88502881176737203  0.89537339623626655  0.90549676845260907
  0.91585482750699743  0.92643928146752952  0.93681873432296947  0.94659889461345792
  0.95725953533992747  0.96983791454354196  0.98410629631710722  1.00000000000000000
 -0.00209727378714307  0.00822390360290304  0.01757436027253458  0.02837417981393722
  0.03822997795179859  0.04779504530195717  0.05737973042975970  0.07054033510553466
  0.08439144203479515  0.09779466107818637  0.11081331817449765  0.12344743213316833
  0.13602104069689358  0.14841315290792509  0.16023276664043420  0.17152651557867657
  0.18229438527071562  0.19271718146607289  0.20298535052929664  0.21244612377251484
  0.22149582362009926  0.23096072322245631  0.24081744570430405  0.25011616287914057
  0.25838051345549640  0.26637747828458097  0.27389359957261838  0.28108216003947240
  0.28967983375997980  0.29813111394526232  0.30530208098523109  0.31328500644493301
  0.32477727606806933  0.33830846039292145  0.35171141567055647  0.36438971394417657
  0.37738671342834501  0.38999849413684290  0.40233260562230178  0.41490767862232925
  0.42769828559198181  0.43942021685329147  0.45043941010979910  0.46174163324347811
  0.47371705600267755  0.48626444128402707  0.49830106649316297  0.50917343280158767
  0.51940467572609661  0.52947241835790892  0.53926415174423281  0.54837793409057689
  0.55733170354342831  0.56677958147192486  0.57733852943191211  0.58806032001518105
  0.59762785175761790  0.60678371177894908  0.61712069247467982  0.62732976209428803
  0.63756414862898625  0.64729040271180360  0.65601393242565764  0.66480120240623919
  0.67397453817283581  0.68346340672379780  0.69366731570229401  0.70423272775218881
  0.71465507041182785  0.72487649908171459  0.73533162310010403  0.74638214013023385
  0.75628495544448560  0.76636413187837860  0.77584037556689345  0.78529961993147257
  0.79608984050401321  0.80727196115333455  0.81612941217804480  0.82505560836148395
  0.83369657215977222  0.84299664485162318  0.85520081001715065  0.86696544541977016
  0.87804236893632903  0.88871555117801038  0.89972774166337943  0.91276704864015190
  0.92400766543142365  0.93474238194572445  0.94586776237718695  0.95797702661679973
  0.96989572645962230  0.98088270454128446  0.99079546903125859  1.00000000000000000
 -0.06538747295491150  0.83155639565577200  0.91011052775298107  0.94142010258180697
  0.95771855770701175  0.96299895138400549  0.96715427411376353  0.97072839590242221
  0.97388791077875891  0.97665380896765930  0.97909844555179659  0.98095133222519015
  0.98262735286864378  0.98412963607457526  0.98549647738378920  0.98672014828621646
  0.98780042709831761  0.98875818292570006  0.98963537580241867  0.99044938025237261
  0.99117133035775051  0.99182003072933211  0.99241485404192142  0.99295978110117311
  0.99346032594456957  0.99391900155316271  0.99434064256058086  0.99472212435055196
  0.99507691663496844  0.99539510896430849  0.99566538109140401  0.99592308316731959
  0.99615351280199393  0.99637015654757422  0.99657482582460133  0.99676932874668234
  0.99694488210262000  0.99711064475632660  0.99726279671774409  0.99740432183143535
  0.99753322648557563  0.99765535250312043  0.99777346215421570  0.99788774352265108
  0.99799765097981485  0.99808701376089792  0.99817028254992701  0.99825044907960270
  0.99832559183226488  0.99839644483191303  0.99846453759438991  0.99853134201138627
  0.99859822998817604  0.99865363137091878  0.99870731657814849  0.99875826128394840
  0.99880664806726804  0.99885418357258515  0.99890094844351263  0.99894616432644101
  0.99899020865960486  0.99903255931247192  0.99907181381884269  0.99911052851794591
  0.99914784266994283  0.99918387926754770  0.99921947682760237  0.99925345972920343
  0.99928683640193738  0.99931998099445585  0.99934839453355495  0.99937641712401759
  0.99940401464869755  0.99943043357619310  0.99945600347483665  0.99948114809617983
  0.99950595161969191  0.99953015080652274  0.99955401474750472  0.99957756120715480
  0.99959951462446417  0.99962134180963169  0.99964304744489507  0.99966474011098028
  0.99968648974021290  0.99970833859844899  0.99973015372443752  0.99975223735915486
  0.99977507981415015  0.99979769238877347  0.99982067378018413  0.99984637610006222
  0.99987467715460943  0.99990644290702591  0.99994752900442430  1.00000000000000000
 -0.02056665077579825  0.12095302542415293  0.18507908810950957  0.22524520041299542
  0.25546272878094878  0.27514906648595766  0.29139166218616969  0.30666096078254795
  0.32035085305597183  0.33221167250092248  0.34176580292274722  0.35078491594552375
  0.35975181156882380  0.36824463822699838  0.37621732937627045  0.38444534150277138
  0.39245005345813766  0.40077826439018527  0.41052660647209033  0.41925381612066565
  0.42732098497014315  0.43522605096223760  0.44312902791908682  0.45041498934155128
  0.45776675256219584  0.46508587982192601  0.47218754535027663  0.47912475832600809
  0.48607585703029871  0.49307913045575669  0.49989377107221361  0.50625394412305735
  0.51231361416179710  0.51840985341562063  0.52439438931539550  0.53028120702721249
  0.53613053094681562  0.54185180088046758  0.54742968493883415  0.55303236581832016
  0.55875416732829730  0.56413231065490399  0.56912918078905239  0.57380096153973659
  0.57835725044877706  0.58280778473969164  0.58711701914358005  0.59168710396104329
  0.59686915435667687  0.60258819682884734  0.60833995353572401  0.61382033856984197
  0.61918683591526580  0.62457821045091821  0.62985746425651845  0.63553214629305532
  0.64138471186099844  0.64717007476115374  0.65303359120680760  0.65891871168405891
  0.66471828517445453  0.67038852696954809  0.67600457518368995  0.68144215628576765
  0.68713731122787403  0.69311177695218196  0.69921172304029033  0.70534242096783550
  0.71220393366071510  0.71869894948394908  0.72488990882668736  0.73059243199458335
  0.73573211077219691  0.74088433951670718  0.74661624962749384  0.75264694380599706
  0.75862219785024054  0.76456430069036085  0.77049328429270825  0.77645075148975817
  0.78216284902057231  0.78786209659766315  0.79351441449418680  0.79948409639396578
  0.80558586177507585  0.81162454987614951  0.81753748921515179  0.82387155730534700
  0.83172888391624100  0.84042029491823622  0.84907896235799107  0.85871311622860969
  0.87268527920169459  0.89475519206895049  0.92497834295341486  1.00000000000000000
   8.3116599214443150E-008  -1.0000000000000000     
 T T F F F F T T F F F F F F F F F F F F F F F F T T F F F F T T T T F F F F T T F F F F F F F F F F F F F F F F T T F F F F T T
  <DiscreteSampler_grid>
  grouped_processes
  1 # 1 for a reference and 2 for a running grid.
  10 # Attribute 'min_bin_probing_points' of the grid.
  1 # Attribute 'grid_mode' of the grid. 1=='default',2=='initialization'
  0.0000000000000000 # Attribute 'small_contrib_threshold' of the grid.
  0.5000000000000000 # Attribute 'damping_power' of the grid.
 # binID   n_entries weight   weight_sqr   abs_weight
    13   10   5.988756608976975E+000   2.411654133110771E+002   5.988756608976975E+000
    14   10   5.988756608976981E+000   2.411654133110777E+002   5.988756608976981E+000
    16   10   4.809723610305990E+000   1.547653089406032E+002   4.809723610305990E+000
    17   10   4.809723610305994E+000   1.547653089406035E+002   4.809723610305994E+000
  </DiscreteSampler_grid>
