  0.00274511119142720  0.01252815652712721  0.02282412276603975  0.03204886820755266
  0.04106222632239021  0.05050193803652865  0.06033239530274147  0.07136291823154964
  0.08167472282249927  0.09199808596522815  0.10484454869450366  0.11500295858000456
  0.12717762767530186  0.13740195811522896  0.14729825762719595  0.15727696056755178
  0.16800470697301326  0.17919785783937758  0.19032984229914848  0.20177907202524437
  0.21431415161997039  0.22735391147836720  0.24031306217850384  0.25327818524320245
  0.26621677902050078  0.27842250371369365  0.28910356918131264  0.29874123974629291
  0.30815743282191255  0.31740632893370835  0.32715860593103263  0.33802793061020653
  0.35056549160211115  0.36414586295731233  0.37747900699318954  0.38912147730660485
  0.39992217968944865  0.41082354828815981  0.42208096071755818  0.43398734605089329
  0.44536449448295939  0.45611527194157853  0.46614954485773546  0.47596829187459799
  0.48575105763514437  0.49462835689390822  0.50435822267660402  0.51368682766074236
  0.52562025968360859  0.54094079885038082  0.55532518769603090  0.56636411777306017
  0.57400561525695659  0.58146842269568411  0.58911339097193238  0.59678561566496147
  0.60398484044961231  0.61115863434138051  0.61902554674849164  0.62738479559986315
  0.63894068000117155  0.65060509125205102  0.66213846894676887  0.67325320786066956
  0.68339502800945551  0.69349515616707713  0.70411970838366378  0.71401560677612286
  0.72423115850695463  0.73558660189054259  0.74593044359686789  0.75537698361548211
  0.76404126721841403  0.77415901862537473  0.78573690614243374  0.79544487040301737
  0.80399846396323482  0.81307347071057279  0.82287873858608029  0.83208223996372965
  0.84143090915033070  0.85026923979710867  0.86061820251570731  0.87215475591762437
  0.88208269811548512  0.89120941386363395  0.90042156436832310  0.90978859855671768
  0.91925689940389133  0.92872302633482251  0.93866264717344428  0.94993567100746545
  0.96163579123033038  0.97325151362399098  0.98548577852413255  1.00000000000000000
 -0.00004286733219381  0.00092863197244313  0.00372289350014511  0.00736034607145670
  0.01114205691045889  0.01565014865551486  0.02032351438523844  0.02528529107922139
  0.03103800578352439  0.03740869211460463  0.04445150987468516  0.05180181146917583
  0.05940292741880483  0.06752653993571077  0.07573764639714507  0.08433313455777978
  0.09321519258990474  0.10340520830671732  0.11310466767330106  0.12131328128113389
  0.12937608172811715  0.13813349850140849  0.14675865572945088  0.15479250125068433
  0.16241199496904252  0.17081129817238608  0.18120050241611455  0.19158497850280537
  0.20122498251820448  0.21072196956606254  0.22158840562906507  0.23381281577661245
  0.24624719998112204  0.25853804235206734  0.27107931650078720  0.28206176483606793
  0.28979570577939406  0.29765768116446023  0.30589867648942082  0.31453468461163853
  0.32356727087691811  0.33238570267290890  0.34074318619580135  0.34899991617469445
  0.35749757533023374  0.36678871259076196  0.37610685305606401  0.38529128595681061
  0.39456886635763688  0.40353307404295008  0.41198308194238992  0.42419811353585613
  0.43468561002886991  0.44447143876764517  0.45450522310384012  0.46465744030114753
  0.47482975206243216  0.48506742701003314  0.49591635911450072  0.50712985356668594
  0.51866424148106638  0.53053670078283921  0.54257304050365118  0.55495471205865976
  0.56754389603977951  0.57865162736238618  0.59032349518331939  0.60204789783280632
  0.61383462298325653  0.62565100779137217  0.63752532111428883  0.64957179619503702
  0.66209320455613807  0.67536559420895337  0.68913236924692400  0.70304046204250215
  0.71769751625467770  0.73280095755698771  0.74782008589376903  0.76216410662809020
  0.77659255253175907  0.79120597839809348  0.80612703233339844  0.82134480492015827
  0.83668196510998649  0.85189481019752411  0.86619079257497911  0.88027598319035494
  0.89440821744487875  0.90873103581532333  0.92366881836319348  0.93875942203939311
  0.95388714725051138  0.96900930884523784  0.98427529529914504  1.00000000000000000
 -0.00218427321812641  0.00852682926157938  0.01965332427453743  0.02984354187844818
  0.03918267021428806  0.05065868861963548  0.06323692774217454  0.07330895814056930
  0.08262581251445225  0.09199151434980860  0.10208576179739162  0.11205506536966402
  0.12205004947355109  0.13344350707099115  0.14677115787631051  0.15801712891993622
  0.16885274534384617  0.17961744625671880  0.18995062068983204  0.19941149744620934
  0.20948070607452082  0.22081130797751380  0.23127812890687827  0.24171452378455743
  0.25406574476733695  0.26671815481617706  0.27814031385664517  0.28846107917282687
  0.29867699191192726  0.30929754182569102  0.31968710975639186  0.32975954367534066
  0.34037841483122100  0.35248639501212292  0.36602685606960961  0.37983607397138602
  0.39248595752829524  0.40344776780496872  0.41418795277656328  0.42534628939213914
  0.43636606302170783  0.44671343809156511  0.45647959385052528  0.46657906740270721
  0.47735842042093379  0.48840105752236351  0.49925140565658499  0.50929775598301996
  0.51897400001206917  0.52923267522361295  0.53997130836889717  0.55076118536475493
  0.56139243651428183  0.57224733152220875  0.58329050332409660  0.59401587150610302
  0.60477264529917973  0.61575056550521867  0.62631066637450949  0.63602710084260439
  0.64460044411344330  0.65124605708957384  0.65758801518098020  0.66464879652885911
  0.67147081169800849  0.67847564134497262  0.68575835835268673  0.69291020535788395
  0.69883823794667188  0.70470620559209529  0.71267187408689869  0.72225350819774903
  0.73199663673605653  0.74250052743846295  0.75337841574766551  0.76433406626365730
  0.77595621705975470  0.78776900252676463  0.79926340421408626  0.81150231560463915
  0.82357731568982728  0.83491797358014386  0.84594268672965067  0.85746831921621158
  0.86943919570902495  0.88074127501571187  0.89132420299006920  0.90262514496495483
  0.91550259453349148  0.92851426407255033  0.94063913654966502  0.95270857003696696
  0.96467057194287709  0.97614045594010479  0.98736887993028100  1.00000000000000000
 -0.00158267705397514  0.00669177681338805  0.01582300267631502  0.02427435343180600
  0.03339714537260675  0.04337288414237624  0.05394376360962153  0.06398280013611055
  0.07341757915815664  0.08292631060923007  0.09142838612066935  0.10060480689033280
  0.10973013538182994  0.11755656115061844  0.12474136712977578  0.13203926445804445
  0.14031188123733326  0.15078270666714333  0.16252213469323903  0.17390470898492419
  0.18399572037275408  0.19332595106924261  0.20296129611061500  0.21318484764933965
  0.22373914350361770  0.23406273190971727  0.24362087026842241  0.25331969766011730
  0.26374098931658185  0.27463588483404044  0.28523808383542987  0.29599234570776917
  0.30684077619605632  0.31915617641668198  0.33214985470014241  0.34537427852878744
  0.35807866377583175  0.37117639699141641  0.38466078293130507  0.39924256381288470
  0.41487340746384660  0.43039768268696937  0.44691279331182493  0.46266518731203704
  0.47697863189609929  0.49090578816473707  0.50401922043690472  0.51671675710606702
  0.52997017700987381  0.54550952463367630  0.56092432386346358  0.57719579237069085
  0.59242062880498902  0.60587931424124997  0.61750641568806464  0.62938817323802798
  0.64128949921257383  0.65195255561912269  0.66177484755613913  0.67581048359958451
  0.69199332068362918  0.70613321626642600  0.71940616574385641  0.72963605270934662
  0.73671738845650470  0.74329782715579318  0.74993532424288811  0.75768542370589809
  0.76643192463724197  0.77401265520901019  0.78091831073982765  0.78804781562376014
  0.79658134986870688  0.80791291867893678  0.82035720008933222  0.83267388279005483
  0.84500318897526194  0.85724514416689301  0.86809289340159623  0.87768322115785891
  0.88653658063947693  0.89483467606197253  0.90306033890569382  0.91168085341978122
  0.91988909709776967  0.92682051678266708  0.93351726317409123  0.93997179185312962
  0.94665627010927511  0.95344236286605100  0.95982858272222060  0.96628564867751032
  0.97281968531763541  0.97980775291504851  0.98829219417685110  1.00000000000000000
 -0.00279139605857191  0.01036852064617130  0.02061859695381080  0.03176183592464127
  0.04237905534316486  0.05331331882463375  0.06488334113326760  0.07692102264248563
  0.08953064164824315  0.10241193633767763  0.11529764809604832  0.12688197158385162
  0.13667692771208736  0.14711336966914135  0.15819164481422807  0.16949189031997255
  0.18026653003398760  0.19162450387887239  0.20409169950841111  0.21703248746511672
  0.22922825417522080  0.23906509899477818  0.24799650047631927  0.25725500623046904
  0.26772780627042542  0.27904661545333914  0.29068046713940321  0.30321080758669799
  0.31522432793015059  0.32587233427129597  0.33657074166272866  0.34810257393817740
  0.35961140254354684  0.37022780727253007  0.38017521315947056  0.38978224320702615
  0.39771929837974840  0.40442454868198197  0.41205571270328623  0.41931005258261445
  0.42633328069279891  0.43349403954930310  0.44105043202497718  0.44886940143464704
  0.45701891677272521  0.46808345590291672  0.48118789706117093  0.49250745414608754
  0.50277929417059863  0.51235441522794889  0.52218954338504131  0.53257217440141369
  0.54329952340891230  0.55435680033965917  0.56496274696327142  0.57526102580795335
  0.58555761796387207  0.59661151932166345  0.60855075597469899  0.62063082795667091
  0.63186303761028439  0.64226480190554203  0.65300986326621058  0.66478340273597958
  0.67700710046656365  0.68875712625754548  0.69973054508976595  0.70965011507949038
  0.71867604454944956  0.72800011891039174  0.73706410954152513  0.74582382549673087
  0.75488854612618050  0.76450141469324551  0.77323031466825320  0.78137570690764646
  0.78980231192287109  0.79906123042852517  0.80888978280745982  0.81919961599147995
  0.83030323209255352  0.84192113931820811  0.85409421994578405  0.86688989669551197
  0.87965620782297937  0.89141996141436797  0.90279057022095344  0.91439849886051183
  0.92527813081627908  0.93636223151675435  0.94786693808735278  0.95871853125466278
  0.96833529743785807  0.97787476321274436  0.98811366220747665  1.00000000000000000
 -0.08442676349191353  0.83874708406578169  0.91153781086980623  0.94149471256374384
  0.95730642182372150  0.96262702607204698  0.96666046772918879  0.97027808356224143
  0.97345589704178237  0.97616269676821787  0.97855151281218777  0.98056083436451436
  0.98226452357799010  0.98373103231994719  0.98502802929645294  0.98622857942728026
  0.98733953540042185  0.98835442507039672  0.98923236233057776  0.99005009714776315
  0.99081592227698245  0.99149701626859155  0.99207128685615442  0.99259527975825446
  0.99307849768748802  0.99353601210287579  0.99397495265400648  0.99437791077387128
  0.99474883843872397  0.99507799582517498  0.99538201636558277  0.99565800846161001
  0.99591708341424767  0.99615797712178467  0.99638126036126418  0.99659537361628003
  0.99677629463993678  0.99694219162902631  0.99709685609878052  0.99724861809215726
  0.99738191830854328  0.99750545918634304  0.99762114721596951  0.99773033543308942
  0.99783546828264558  0.99793799866369870  0.99803490170296083  0.99811428180923234
  0.99819396457697762  0.99827111249078004  0.99834537758057484  0.99841687909958277
  0.99848594397007928  0.99855289330635899  0.99861708387629955  0.99867623492969582
  0.99873049029262972  0.99878070066707625  0.99882862406077855  0.99887566081650125
  0.99891989041770235  0.99896316420412545  0.99900580828614727  0.99904651626787133
  0.99908670354148366  0.99912541759905571  0.99916299999728342  0.99919989668543086
  0.99923539316670207  0.99927052138482175  0.99930509831524283  0.99933705957242236
  0.99936741037058807  0.99939671430410404  0.99942506835001932  0.99945204774736884
  0.99947847315079652  0.99950452773132537  0.99952982266318124  0.99955474984253756
  0.99957928861329004  0.99960347100099001  0.99962738502977910  0.99965050723237314
  0.99967354432012856  0.99969650522817233  0.99971993902902190  0.99974338491594628
  0.99976680931002138  0.99979013127308614  0.99981410995525377  0.99984202797340738
  0.99987141571071569  0.99990365561568328  0.99994741275390386  1.00000000000000000
 -0.02143802578202040  0.12822072259793182  0.18723012820177198  0.22437053296701195
  0.25739111161142758  0.28423850490180613  0.30532892044022414  0.32179292796757614
  0.33358488746426018  0.34365220240607930  0.35303114143146980  0.36235762393045634
  0.37226211042220819  0.38340612018102010  0.39565753988889579  0.40732665014679703
  0.41832216575113190  0.42900519997816622  0.43863095258383983  0.44734683004992282
  0.45539016972692170  0.46290471818828882  0.47000653101615947  0.47687280031133833
  0.48359394860469695  0.49000905516269666  0.49616535971564901  0.50262505859473927
  0.50944286771867098  0.51575390268198562  0.52177559752673597  0.52752906661716126
  0.53323978802132521  0.53917684640828267  0.54542929376810156  0.55196637673874738
  0.55889324770360738  0.56634501569851792  0.57389022821946190  0.58113118082545323
  0.58755893581795582  0.59278409767311702  0.59774369048318809  0.60261959440658897
  0.60739938539653227  0.61216323586487476  0.61702002335137163  0.62190444565517478
  0.62635497925187278  0.62992232409482507  0.63394519599284127  0.63792624108184248
  0.64157611611461429  0.64515126592023031  0.64893612250490063  0.65304062043118327
  0.65722494142770349  0.66115019024360211  0.66500907674701049  0.66898402755151609
  0.67297785879597727  0.67701181445422687  0.68089184795487712  0.68491653118195750
  0.68974171575450227  0.69524802998627788  0.70114479574561328  0.70726981607447048
  0.71277931858962362  0.71833588449868080  0.72392212813130385  0.72953647465554328
  0.73573643271341482  0.74236194341796657  0.74872950587499654  0.75453217695756847
  0.76032131796307345  0.76598850462565704  0.77214207004684088  0.77933434439674509
  0.78655461030069318  0.79330501945469001  0.79952432773303972  0.80614680723685928
  0.81346563871640332  0.82155770804242312  0.82985271910209635  0.83752682876643314
  0.84472284358527872  0.85235212211735734  0.86155723547451557  0.87219401018339482
  0.88310424571666002  0.89792973483201466  0.92549977036629727  1.00000000000000000
   7.8205988812982410E-009  -1.0000000000000000     
 T T F F F F T T F F F F F F F F F F F F F F F F T T F F F F T T T T F F F F T T F F F F F F F F F F F F F F F F T T F F F F T T
  <DiscreteSampler_grid>
  grouped_processes
  1 # 1 for a reference and 2 for a running grid.
  10 # Attribute 'min_bin_probing_points' of the grid.
  1 # Attribute 'grid_mode' of the grid. 1=='default',2=='initialization'
  0.0000000000000000 # Attribute 'small_contrib_threshold' of the grid.
  0.5000000000000000 # Attribute 'damping_power' of the grid.
 # binID   n_entries weight   weight_sqr   abs_weight
    13   10   4.136674710572461E+000   1.626542358305836E+002   4.136674710572461E+000
    14   10   4.136674710572463E+000   1.626542358305837E+002   4.136674710572463E+000
    16   10   5.377907359620339E+000   2.747551299518235E+002   5.377907359620339E+000
    17   10   5.377907359620342E+000   2.747551299518237E+002   5.377907359620342E+000
  </DiscreteSampler_grid>
