  0.00428482999648781  0.00488636442284282  0.00548789884919783  0.00608056034796920
  0.00666122570344232  0.00725718485516631  0.00798454726699440  0.00876558022734403
  0.00971989771050288  0.01071682563482732  0.01177176969114632  0.01310873390867552
  0.01468146632466150  0.01651407428582553  0.01865983976510556  0.02114186272165073
  0.02404760681005846  0.02737556337052098  0.03082544788160588  0.03437855527690791
  0.03769623043739617  0.04084715158277154  0.04405545111646891  0.04732557378211885
  0.05074040479349801  0.05430045964786333  0.05787869183853454  0.06140645311987738
  0.06488184390999091  0.06845477954922949  0.07215218878705243  0.07608179226929827
  0.08012134822088439  0.08425519502149256  0.08846659283520179  0.09267130652092828
  0.09680984642387538  0.10095908509082693  0.10536225310762450  0.11013811004116403
  0.11519360175344791  0.12030863254646552  0.12555332016314527  0.13158878883185768
  0.13813333376466141  0.14500213086516858  0.15151344934814109  0.15838569830808716
  0.16522432204155849  0.17283379603300378  0.18085734357964639  0.18863110004800415
  0.19573535711260276  0.20271785147193089  0.21039989561100239  0.21845479677993906
  0.22589581807343920  0.23315036749837778  0.24020635227509060  0.24694041739770808
  0.25356404636407875  0.26047609797500937  0.26779347189258906  0.27587637413234506
  0.28431121864646985  0.29500119778904588  0.31105266421100786  0.32366142511437196
  0.33040906417329463  0.33868087749778053  0.34779116914590780  0.35626631750611298
  0.36426061165295359  0.37233955869762886  0.38110146614087548  0.39163835550470827
  0.40255136355769822  0.41254688010444890  0.43994597673006619  0.45609664372845571
  0.46566235675264117  0.47771910724745814  0.49728433794204518  0.50772006270346437
  0.52451046417547786  0.56104119334491120  0.58438654382224631  0.59783564175580872
  0.61195589684680851  0.62562466946641759  0.63751144695352502  0.64930015311347844
  0.66459880113227399  0.67803827396615779  0.70341951772861622  1.00000000000000000
 -0.00250265261275639  0.01261222919194041  0.02459218595988345  0.03630275858234591
  0.04799301834580498  0.05927780724178123  0.07020877803771147  0.08065651455347941
  0.09055414964563085  0.10082280008135039  0.11077801907851648  0.12050457235083409
  0.13107055528190098  0.14134692749521668  0.15203889605971693  0.16256132335041576
  0.17314534283047636  0.18384247262416720  0.19401497933097608  0.20384830935055762
  0.21443876610637846  0.22537108699758371  0.23606928754757858  0.24671707549608546
  0.25737263626547496  0.26818887467622021  0.27843346859916973  0.28821762591006028
  0.29815542235124293  0.30855918481919092  0.31953588624247087  0.33059351737245013
  0.34081277795904785  0.35008657077146765  0.35924101556542559  0.36897939969156313
  0.37925460212856021  0.38952811793525655  0.39887646297167040  0.40835367279999801
  0.41746915870064599  0.42701690398645337  0.43652127486473713  0.44557155813477178
  0.45490036321494276  0.46363698816636228  0.47316668538131995  0.48304799669384801
  0.49331487114300288  0.50383949496448532  0.51440786177203102  0.52510325194854157
  0.53572210925442831  0.54625354097576184  0.55674188650835632  0.56721214097788064
  0.57767153678715466  0.58772520879099477  0.59747770127907684  0.60685180759593915
  0.61594283109929227  0.62480787224593659  0.63425546465316884  0.64335998047332765
  0.65357598589487254  0.66347235694002482  0.67418495896832797  0.68422914910668275
  0.69401427669126614  0.70399276271838740  0.71443765778783330  0.72570519560145519
  0.73590812972763142  0.74641239885233468  0.75745919338004863  0.76787108688564865
  0.77829721522192474  0.78869856575622010  0.79910767210765876  0.80939819568792948
  0.81947516487079364  0.83002217167967618  0.84129489102276955  0.85285255021775386
  0.86414355593655023  0.87516826790800173  0.88604413442042029  0.89749177340103037
  0.90948704566865279  0.92115661587730413  0.93240740074997075  0.94483219513431183
  0.95825661792867767  0.97193503711972784  0.98557397088229959  1.00000000000000000
 -0.00231145602482570  0.01070562475163490  0.02186177662440775  0.03335978179877424
  0.04431051133955552  0.05398470253102371  0.06325282657057830  0.07262597282989064
  0.08258572433660982  0.09259009122210329  0.10294185587797472  0.11409390195978408
  0.12614247323906416  0.13784132579001765  0.14888417231593212  0.15928863069856924
  0.16969972753614498  0.17973730384817563  0.18990380073466875  0.20114825635417266
  0.21229567633314989  0.22299394593540214  0.23375954281530623  0.24426084520493513
  0.25617432862339590  0.26937119375571339  0.28033969304090917  0.29034080542885748
  0.29995401459263027  0.30945588477565628  0.31944659148186183  0.32944944557188893
  0.34104595600087700  0.35292248718956737  0.36367646926834268  0.37342631563712264
  0.38300616682814309  0.39298488704498019  0.40362497207460668  0.41470319396384442
  0.42578236134589137  0.43648381165883121  0.44704057055991564  0.45751474841805756
  0.46760951027994541  0.47824137030808911  0.48934554317287532  0.50104427574173749
  0.51296748819224247  0.52469996107256511  0.53593194116812015  0.54643554454555454
  0.55682554248559679  0.56726074308600383  0.57888610670993546  0.58969869997155222
  0.60089562117913153  0.61181176390838532  0.62305933463289020  0.63376665717061187
  0.64472691909544566  0.65544222642841399  0.66603949546696684  0.67665454543017101
  0.68723112573643785  0.69789117054278327  0.70825363618949566  0.71795202645174105
  0.72749227876934575  0.73681589512709489  0.74592827481410273  0.75547241018762834
  0.76517138466766244  0.77438320211519995  0.78342659321963981  0.79281838745284872
  0.80263149359017250  0.81272409626544129  0.82253699751003917  0.83190332417609747
  0.84218530899086075  0.85369426595696363  0.86571249662763361  0.87666179834052371
  0.88697417741139062  0.89684346695920070  0.90717240989568770  0.91753006634526801
  0.92789233379285174  0.93777400704959701  0.94740703717474606  0.95715212665755756
  0.96753082900009946  0.97805268957481228  0.98908532178500885  1.00000000000000000
  0.03782376357489752  0.04359884221140945  0.04756710420677784  0.05107261680834523
  0.05471243693940013  0.05905516495547024  0.06387793866464624  0.06933588418458859
  0.07488356552763865  0.08056911785101785  0.08689074484938952  0.09401620978880998
  0.10171184918451884  0.11024302706589575  0.11924702625933754  0.12818550348538799
  0.13728284621579107  0.14645964749605123  0.15564607137155909  0.16475674657632830
  0.17375788261169561  0.18281159405733821  0.19191853133404913  0.20082918296310454
  0.21017000312832618  0.21985856091135209  0.23000674410796221  0.23956090954354956
  0.24909873390214449  0.25916367133766433  0.27026813409916994  0.28212144093533936
  0.29464936689359950  0.30792148980303879  0.32204808925256445  0.33629895543109417
  0.35032620538019521  0.36386357780433309  0.37696040459152036  0.38946912839764164
  0.40107348413158289  0.41222850943437894  0.42407029938534629  0.43681758615147354
  0.44934030571382605  0.46177926994361629  0.47448010800372681  0.48718390995860555
  0.49993102131500250  0.51214445950389043  0.52447403768094447  0.53723045486739462
  0.55035832126866446  0.56291935829952056  0.57541581346696957  0.58709573830590867
  0.59825311838599071  0.60939090519568218  0.62110012391482061  0.63358073296342643
  0.64709791176404496  0.66060117757102776  0.67326891160896662  0.68525809898771617
  0.69766294357460701  0.71065063615868906  0.72453725817869308  0.73743374712962062
  0.74948076604362757  0.76087316265550431  0.77215342517073648  0.78305218971563806
  0.79330611719410782  0.80414351473268209  0.81546195206324079  0.82641687690448873
  0.83749656542856077  0.84777104017368810  0.85768840953765091  0.86592203810851520
  0.87430446069244327  0.88288659227779309  0.89182393472279731  0.89985697437758938
  0.90740865015136263  0.91487824516495353  0.92242995971297270  0.93098101250573218
  0.93920877425480309  0.94543164861962059  0.95020489943953113  0.95270147466344834
  0.95584263619056364  0.96052984725670265  0.96521705832284155  1.00000000000000000
 -0.00225723301993264  0.01122939931541461  0.02270389063201603  0.03307557938664650
  0.04275637087822018  0.05219727893025302  0.06171892097254874  0.07165395412231132
  0.08160367183406413  0.09214731401686338  0.10274576256915696  0.11275422589119737
  0.12242711480891558  0.13240882298539711  0.14349362876892113  0.15525759913190143
  0.16714523392817873  0.17804805190689191  0.18778860213056997  0.19688888872697580
  0.20591097633149597  0.21543110485765884  0.22491247516337443  0.23423037119060974
  0.24344923570852750  0.25284805667985055  0.26301656687885105  0.27303353205559105
  0.28301140588295104  0.29284298470941639  0.30321505672763777  0.31406290236180900
  0.32488986364278866  0.33566146812770015  0.34596551408948523  0.35639022003917031
  0.36672616149655624  0.37694824957808443  0.38746478867220929  0.39797625069730597
  0.40923321703465965  0.41985098569816898  0.43098939084918164  0.44230382401987528
  0.45302109036199095  0.46358503256415773  0.47426903390259079  0.48508719294561475
  0.49591718797908302  0.50543809695355701  0.51452469392663769  0.52359361711949592
  0.53309925354601873  0.54227241496517908  0.55176153342808065  0.56082009455795734
  0.57076664959031587  0.58074765385635307  0.59084307536990932  0.60140517269953708
  0.61314388084854476  0.62585651538227671  0.63760556583531081  0.64868977717999188
  0.65878660089885555  0.67022462581255693  0.68167918949795292  0.69325970103937395
  0.70451902300468616  0.71672583677779533  0.72927378027113232  0.74121335220995344
  0.75286997784236420  0.76426304691982994  0.77481842603940621  0.78461172342267405
  0.79419791650425575  0.80413833169938775  0.81429210045159395  0.82446641166592638
  0.83466486618258673  0.84520694512691297  0.85566575071435524  0.86578214429570577
  0.87647913160813040  0.88789046163838381  0.90014022947644545  0.91167089798723733
  0.92297796222412554  0.93439839127399227  0.94526139231168538  0.95621096331953748
  0.96727688540033141  0.97850820510456737  0.98919169210690527  1.00000000000000000
  0.01777643562061875  0.07178207836438685  0.10500890749418249  0.12988028579501615
  0.15151913423495766  0.17162799887124119  0.18973821142633387  0.20724839592770786
  0.22426880306464053  0.24069380038831628  0.25558655041690043  0.26922091740308063
  0.28202866999930853  0.29464503745367554  0.30681532675940903  0.31904030685352724
  0.33148326471571588  0.34421942713802645  0.35707325599101553  0.36928264978037773
  0.38157953465388117  0.39383040952557935  0.40576295377511384  0.41696365709114380
  0.42801186084697973  0.43911820876140406  0.44974102059332388  0.46074215052399364
  0.47147193782467833  0.48130557013616487  0.49097945387849190  0.50073060781322587
  0.51001439308419272  0.51938283698540921  0.52822442900688471  0.53804632839948685
  0.54737195781195258  0.55632001803809783  0.56556306411347157  0.57484622191997159
  0.58418333329794181  0.59303379870720552  0.60160820265182269  0.61012972699254564
  0.61838434240020534  0.62642192235842054  0.63504443392023635  0.64353075652782754
  0.65203241613979335  0.65993375722676295  0.66778338742653920  0.67526993898543775
  0.68236480396007537  0.68977206683850267  0.69751487216241181  0.70597535621105856
  0.71467862621637690  0.72409834823238939  0.73373196283470787  0.74254105708684559
  0.74988302995520495  0.75727132019713472  0.76520998204416413  0.77323627368321513
  0.78096973919637447  0.78779910992799840  0.79452795120531683  0.80143050338865340
  0.80825088236779341  0.81504143511353999  0.82209061709857500  0.82931839182860534
  0.83618360765062649  0.84263573805536662  0.84911052962190403  0.85555582682955755
  0.86152438137967313  0.86715197074723616  0.87265035892548026  0.87821994323627628
  0.88427192426452272  0.89065440970621568  0.89732524822656423  0.90419223233386092
  0.91070800251702766  0.91713118844506158  0.92333491999038064  0.92986885231367800
  0.93634183791471104  0.94295910328021593  0.94972342251399944  0.95634482727181802
  0.96223701953583951  0.96827318401165274  0.97062198049829862  1.00000000000000000
  0.14095105819646403  0.15804945780926188  0.17920233544723668  0.19993247601673272
  0.21793978960458696  0.23389082165759709  0.24845203313324013  0.26192581527004316
  0.27538053413149566  0.28917835372790168  0.30207043695340391  0.31364561730295187
  0.32409174180495764  0.33474536641547059  0.34500540559353343  0.35544033207017856
  0.36558361354860724  0.37541061145759036  0.38452693996614429  0.39347187854062726
  0.40210310733810917  0.41037542115413561  0.41856564843506144  0.42686998088041911
  0.43494088241894102  0.44253197399351069  0.45031249597446676  0.45845865058542934
  0.46719161763910921  0.47551812916100689  0.48392565355205075  0.49244851761163200
  0.50104709407105485  0.50941016607137857  0.51738381810659950  0.52538869420801393
  0.53351035747591691  0.54121546385742691  0.54860568820153610  0.55599690894151987
  0.56346074554942205  0.57074968695086448  0.57784707143755820  0.58472496031474697
  0.59115749502893677  0.59755278814274382  0.60411914273570144  0.61125876831380033
  0.61885135600208496  0.62615832373757085  0.63272434657855847  0.63924969281306576
  0.64563336125262194  0.65228477743304347  0.65846629649088018  0.66443209948053550
  0.67015805582245924  0.67604618387107429  0.68245104327978989  0.68919793169371335
  0.69626980174157371  0.70362421141032183  0.71091322971714166  0.71793059168898632
  0.72461415122965245  0.73154790018183213  0.73941536041240896  0.74685913800261861
  0.75385404051205473  0.76026478077430393  0.76657713747018064  0.77282850881408383
  0.77793958268594909  0.78367521195870038  0.78917850620082752  0.79444706315379543
  0.79965067386709887  0.80492720736032597  0.81024832167478245  0.81543519942211895
  0.82033409385848899  0.82500344973885587  0.83094386327865155  0.83732761273804179
  0.84346722164373955  0.84901617070060076  0.85380488495959650  0.85778837225443538
  0.86140746821726499  0.86396178202027141  0.86455312641542037  0.86514447081056944
  0.87280720422524360  0.88094605379302982  0.88908490336081603  1.00000000000000000
   1.2556739452927393E-013  -1.0000000000000000     
 T T F F F F T T F F F F F F F F F F F F F F F F T T F F F F T T T T F F F F T T F F F F F F F F F F F F F F F F T T F F F F T T
  <DiscreteSampler_grid>
  grouped_processes
  1 # 1 for a reference and 2 for a running grid.
  10 # Attribute 'min_bin_probing_points' of the grid.
  1 # Attribute 'grid_mode' of the grid. 1=='default',2=='initialization'
  0.0000000000000000 # Attribute 'small_contrib_threshold' of the grid.
  0.5000000000000000 # Attribute 'damping_power' of the grid.
 # binID   n_entries weight   weight_sqr   abs_weight
    13   10   4.251433222406595E-005   3.715972156844507E-009   4.251433222406595E-005
    14   10   4.251433222406576E-005   3.715972156844452E-009   4.251433222406576E-005
    16   10   5.387569336806207E-005   5.870014161207821E-009   5.387569336806207E-005
    17   10   5.387569336806184E-005   5.870014161207732E-009   5.387569336806184E-005
  </DiscreteSampler_grid>
