  0.00277753268985879  0.01276766175400909  0.02435619871682882  0.03447329497511060
  0.04375101962248631  0.05383993238881902  0.06279642573576294  0.07230944279728221
  0.08250825405163761  0.09417805417447504  0.10517316805001740  0.11425117596305381
  0.12291471780535874  0.13190628892985026  0.14107585296856529  0.15036099315736795
  0.15957711093130764  0.16818228885451530  0.17748553362762612  0.18811597783185086
  0.19966366115051956  0.21153833554218521  0.22373087770221897  0.23659733228472715
  0.24952463577016643  0.26081251322028864  0.27064535704919596  0.28027922605186334
  0.29007442678534917  0.30049417221212671  0.31021161625059468  0.32056721384783454
  0.33169466644579038  0.34357228753352498  0.35610356396041093  0.36932626797524892
  0.38290808886152655  0.39564340172351498  0.40664852192346185  0.41645461345932283
  0.42584164113350248  0.43534851962090815  0.44539407812868548  0.45627922263142690
  0.46676499691328283  0.47555302945995648  0.48415310986459559  0.49311259904703281
  0.50332583024463839  0.51316379871719564  0.52230061239183156  0.53360256384464411
  0.54531342225236279  0.55773078775509888  0.57001175251866731  0.57977255251322435
  0.58979051985332720  0.59968680552107245  0.60997182901498992  0.62104279050763145
  0.63277886619801649  0.64532039957720222  0.65740718916858343  0.66894213428537408
  0.67925958735125380  0.68991494117372532  0.70142474574122471  0.71332584693099332
  0.72429766432805032  0.73717982768924462  0.74970020629432987  0.76156877795111777
  0.77223544680997491  0.78300753908839826  0.79519222447022708  0.80706302521467610
  0.81738062317416538  0.82815218395951051  0.84062807961544839  0.85365474846018519
  0.86638532742655372  0.87781087659153045  0.88823381047204342  0.89842110490841487
  0.90964129265003801  0.91977061250296555  0.92866450064447126  0.93687904444146652
  0.94573099954136985  0.95453962299432082  0.96284079282818669  0.97056121967561271
  0.97761717581727181  0.98744872159582742  0.99206648580912504  1.00000000000000000
 -0.00004343949881671  0.00090984054534573  0.00338874538843864  0.00678048062720192
  0.01130558990631737  0.01640762287618985  0.02282869647305281  0.02969112217187476
  0.03701817817089598  0.04447652422961991  0.05264053756985233  0.06133856283733860
  0.06927414908229158  0.07676991590106458  0.08479499045922372  0.09376515061993111
  0.10290838823080355  0.11142510476166391  0.12010690715722946  0.12852497810579136
  0.13673801013194642  0.14524810575752026  0.15554607275379814  0.16745422573769836
  0.18074127025892428  0.19406837414839273  0.20668423676342684  0.21854316211542851
  0.23000159702211587  0.24120488812414784  0.25212379870484414  0.26300218884000626
  0.27369114963816871  0.28474663128040550  0.29598144340677729  0.30716958963979601
  0.31827034767759993  0.32964998365780462  0.34121676243304411  0.35245518268428233
  0.36332743386431060  0.37443911786858686  0.38559746141008722  0.39719545144261004
  0.40909951953543067  0.42073000313203862  0.43197323636024687  0.44294284966331221
  0.45388074715248961  0.46470746501151866  0.47486015930748976  0.48497813002923323
  0.49644293855558019  0.50806357080452313  0.51908234155085187  0.53031702607738773
  0.54257472174369759  0.55446307777873916  0.56593627165364990  0.57705448476594778
  0.58811368320718116  0.59951458407147362  0.61134041697848462  0.62366531467938868
  0.63791028189399057  0.65222843800641794  0.66639913133434892  0.67830743861862253
  0.68947177155217199  0.70053078593459894  0.71069738318429199  0.72059547625441522
  0.73076435697362818  0.74200175987318895  0.75350030977809412  0.76477011948883533
  0.77575991870875904  0.78685131441142175  0.79820287190097694  0.80984693854871648
  0.82264349915030166  0.83559673869793150  0.84797568353659969  0.85970608381935609
  0.87107225606740235  0.88220369292822609  0.89309374386606233  0.90397595692243393
  0.91504239314229319  0.92640606194762187  0.93812992655323124  0.94976064697164531
  0.96171003773198749  0.97418524172298082  0.98693995121457190  1.00000000000000000
 -0.00188764903217602  0.00787873287862212  0.01610646179048888  0.02443625465534438
  0.03322297202481595  0.04319626318816935  0.05486244577292462  0.06686834429728157
  0.07861561026765791  0.09023563130419275  0.10137256605432259  0.11291995419468452
  0.12388020077075032  0.13493625543117424  0.14637717611954473  0.15726239205614051
  0.16821949701535158  0.17979692958763691  0.19177273229101868  0.20349648560782535
  0.21350862735684939  0.22282900525681421  0.23204005235880271  0.24183227290929313
  0.25221275970470591  0.26298746903824211  0.27519750752676320  0.28947076652137804
  0.30370891250605508  0.31767146883138536  0.33102158104222484  0.34311729755147680
  0.35415797926710757  0.36531728762218307  0.37613288109529514  0.38670066709542095
  0.39684541510373139  0.40595987998965377  0.41422427299085840  0.42273082098938136
  0.43212260094059612  0.44326078016148324  0.45451254288703402  0.46562178557536821
  0.47766499790128697  0.48999379867741744  0.50252183874387457  0.51544659393151204
  0.52799460716875635  0.53964843002705409  0.55066135193520727  0.56142279441774012
  0.57375186232005759  0.58676766357097732  0.59817288141727099  0.60921180119643636
  0.62071229677237783  0.63248365829624642  0.64463803396117980  0.65666136432770728
  0.66749575684140272  0.67633411170592250  0.68435734060066322  0.69265267553343235
  0.70166197751418269  0.71088707877861568  0.71999954423507284  0.72802508782912356
  0.73412440725260708  0.74074742402526628  0.74814289035409365  0.75508822384022189
  0.76187854977605096  0.76879197255945542  0.77544100920940739  0.78169458937342595
  0.78808224379905256  0.79804227368852720  0.81168863791091383  0.82354936086382691
  0.83494210872272057  0.84653582738967081  0.85815846849359934  0.86977561124168079
  0.88143939087907985  0.89306596292155871  0.90458552481419141  0.91540586986067762
  0.92484351951087418  0.93474243809014479  0.94463232576702860  0.95512574609757606
  0.96639923314373999  0.97813970951463758  0.98870418740582988  1.00000000000000000
 -0.00145360224680519  0.00706333573316910  0.01508288314185370  0.02339303682573211
  0.03243573992380933  0.04231903203167253  0.05250227229661770  0.06181735285115538
  0.06982670203386555  0.07748182328306842  0.08528528300611246  0.09375622172544434
  0.10381812430745502  0.11438854810238797  0.12520718617425183  0.13700663232778340
  0.14989664841123410  0.16298420826645041  0.17531813314200800  0.18639712442589401
  0.19832312240263447  0.20948990662326419  0.22090303522298996  0.23299917595169431
  0.24455882530244838  0.25557558699365140  0.26604255988605796  0.27794816152914031
  0.28659918644170795  0.29713159014569102  0.30833772037525176  0.31989478196505111
  0.33214447875595604  0.34577031947143488  0.35968368252398725  0.37389408583648687
  0.38976757304882342  0.40695189989973746  0.42297106092301179  0.43561411390238730
  0.44829278769907288  0.45950286071121604  0.46878479133117823  0.47842707185817240
  0.48837170515688927  0.49747826800724071  0.50656145286983534  0.51542125624039692
  0.52607060266671324  0.54083518117763041  0.55411399460623256  0.56658435742414359
  0.57848366453594913  0.58994955341133914  0.60020878775878517  0.61570910601227113
  0.62983491422304849  0.64237874228931469  0.65469968901258080  0.66760663631232298
  0.68071613747292004  0.69410910590896302  0.70760080107085832  0.72069178840817061
  0.73327601813884713  0.74529483833760635  0.75721999847190513  0.76855711549979133
  0.77875891989919332  0.78834350391347940  0.79789820345113760  0.80764276603723362
  0.81726840888244923  0.82714183895338322  0.83765899968523572  0.84890845351472610
  0.86088286716962614  0.87339057217662830  0.88594962867963933  0.89717607529442311
  0.90480077582822516  0.91217107691831500  0.91919146893312353  0.92574733150013655
  0.93242252476849929  0.93912994701512031  0.94562754100795510  0.95169574056599326
  0.95761870845672126  0.96241011145097677  0.96711270048415821  0.97268726896106639
  0.97870353379543928  0.98497573006785777  0.99232639438952397  1.00000000000000000
 -0.00254112217567224  0.00984612577090738  0.02216682118800524  0.03402381003814863
  0.04700483699131298  0.06036474660591067  0.07177113700440303  0.08189979915912804
  0.09163676577131318  0.10065549869309945  0.10928724472386317  0.11806721561254763
  0.12713196674755048  0.13710591395732974  0.14716961980129031  0.15907827666302962
  0.17062014835972472  0.18149058263400744  0.19237444547676200  0.20339257579492231
  0.21444608594422809  0.22518875697804178  0.23689375283098663  0.24925957752814737
  0.26146383214990415  0.27354904204033392  0.28571499842180542  0.29794755299693482
  0.31032542256003615  0.32266754370290068  0.33467025722936522  0.34688756674428611
  0.35944262715888364  0.37156288673274918  0.38219598025943990  0.39154963985215485
  0.40153290159649696  0.41174066320369068  0.42123458646145617  0.43181679823143720
  0.44246614144389534  0.45204691091329396  0.46278854410586567  0.47322162712196536
  0.48374499525260450  0.49520256088910014  0.50575503213202466  0.52082723671454800
  0.53492617832930589  0.54781759107012429  0.55988761978653478  0.57170582455059649
  0.58272887165084697  0.59256741253084388  0.60213267391066649  0.61146934093361527
  0.62150735244453503  0.63121952315382823  0.63916057292755191  0.64689167285124793
  0.65603055806983979  0.66758503573283801  0.67974417298582057  0.69166511967176803
  0.70279278250272958  0.71344907201251451  0.72449397758643208  0.73694036725844903
  0.75001955613224580  0.76236796146374308  0.77397788608366203  0.78558628275828812
  0.79574104758007747  0.80441095429472709  0.81431712828536962  0.82439662615132558
  0.83342547234331765  0.84098294049894662  0.84801515917801418  0.85452568157630460
  0.86138936175444447  0.86821649457437755  0.87554996733654511  0.88261080344644871
  0.88890442191398711  0.89554540985518938  0.90714907993089344  0.91830143542409326
  0.92957902800563996  0.94122148928863669  0.95089018329437403  0.96012512829479968
  0.96942632745154789  0.97836153448958629  0.98945885417787094  1.00000000000000000
 -0.05821048882307897  0.83514493511841459  0.91272721004816748  0.94346797889983869
  0.95878979597630043  0.96377261347849463  0.96802864370143338  0.97170542901581103
  0.97483347251833585  0.97757498010893484  0.97987184593167898  0.98170952807833001
  0.98336047020106421  0.98480274792059730  0.98613221243942772  0.98732509394540524
  0.98837417829678020  0.98928980705388214  0.99011593041744372  0.99087377748277139
  0.99156075162706503  0.99217890281721011  0.99274091257109387  0.99325393855787714
  0.99371616132362761  0.99414479588885984  0.99453625457021555  0.99489414315964131
  0.99522025187895358  0.99552209485991117  0.99580009331226327  0.99605205320607226
  0.99628653377999610  0.99650087423808920  0.99669541850229271  0.99687695339922255
  0.99705232333908456  0.99721129262552888  0.99735360566773035  0.99748411715058349
  0.99760726097096464  0.99772602818626144  0.99784126717087585  0.99795042767434372
  0.99803991262914171  0.99812653843572374  0.99821085886139915  0.99829273614166159
  0.99837173083979025  0.99844776384244038  0.99852085448617445  0.99858588527831105
  0.99864737442853480  0.99870160763362092  0.99875091948840877  0.99879908995790911
  0.99884624314526538  0.99889125161513193  0.99893517070861093  0.99897780831669158
  0.99901898917267318  0.99905849641142119  0.99909695147155020  0.99913432459961660
  0.99917063522002136  0.99920591313128460  0.99924031800986945  0.99927349990595071
  0.99930522658196741  0.99933569994684579  0.99936403968908505  0.99939120464559650
  0.99941811306226869  0.99944490558844701  0.99947150539266272  0.99949788017343733
  0.99952244210861962  0.99954664269089766  0.99957047831996670  0.99959328632160238
  0.99961547210532076  0.99963719132047191  0.99965890199790031  0.99968020763351861
  0.99970116592017000  0.99972199620823698  0.99974293173388729  0.99976396404147516
  0.99978548167854475  0.99980703225663647  0.99982861734415474  0.99985438734293086
  0.99988180611098065  0.99991142788766973  0.99995160766311619  1.00000000000000000
 -0.02527391200032744  0.13960357558396669  0.19897359164024025  0.23793040061229687
  0.26679751493925014  0.29179039919674915  0.31492926542778871  0.33488456912910575
  0.35084934535861012  0.36418441722210854  0.37589884424786491  0.38660671898038068
  0.39732920985585279  0.40872062749960231  0.42093647684848090  0.43341030663464547
  0.44162225955442647  0.44897998302877384  0.45563670513919946  0.46174643771791368
  0.46761959107848633  0.47391572130722071  0.47967288878544401  0.48501888149303030
  0.49030260181077129  0.49564197625414347  0.50120385871493001  0.50686911091688147
  0.51236985393891710  0.51796200667632020  0.52394978571839201  0.53099173328586524
  0.53806118050207319  0.54461890192934714  0.55101148242433595  0.55727763737892344
  0.56352067612865242  0.56933953487794087  0.57517474985158268  0.58088643911588511
  0.58658027508369948  0.59249248931021259  0.59839972696555976  0.60412775407888164
  0.61013457839862040  0.61627920700749927  0.62249433722405023  0.62879513203258608
  0.63521529268061172  0.64138777595129404  0.64749641774778499  0.65346658644335498
  0.65925253505505799  0.66496173154203575  0.67084621889148766  0.67667612257418108
  0.68235990989958151  0.68810159198829612  0.69321403673324145  0.69801616690534896
  0.70265467236531742  0.70723932719420646  0.71194167783130746  0.71678968017531131
  0.72179686251214148  0.72671644342656783  0.73095647352613558  0.73488901343863133
  0.73909069891628643  0.74296887294957192  0.74678386528857932  0.75054120899980659
  0.75355774138140530  0.75652931589404770  0.75954367703780334  0.76323577563454426
  0.76745951587691907  0.77159441207189461  0.77557913745787643  0.77988614526028410
  0.78459639100218326  0.78901499907868700  0.79427889935483098  0.80078427332647462
  0.80763706224705722  0.81437944118338879  0.82113309094045961  0.82809813157604228
  0.83608627819890979  0.84566389613084458  0.85599056098506754  0.86687041206585780
  0.87905863837066811  0.89629626770888271  0.92843806686557540  1.00000000000000000
   1.3655005991277844E-009  -1.0000000000000000     
 T T F F F F T T F F F F F F F F F F F F F F F F T T F F F F T T T T F F F F T T F F F F F F F F F F F F F F F F T T F F F F T T
  <DiscreteSampler_grid>
  grouped_processes
  1 # 1 for a reference and 2 for a running grid.
  10 # Attribute 'min_bin_probing_points' of the grid.
  1 # Attribute 'grid_mode' of the grid. 1=='default',2=='initialization'
  0.0000000000000000 # Attribute 'small_contrib_threshold' of the grid.
  0.5000000000000000 # Attribute 'damping_power' of the grid.
 # binID   n_entries weight   weight_sqr   abs_weight
    13   10   2.451784231650248E+001   5.936133736318822E+003   2.451784231650248E+001
    14   10   2.451784231650254E+001   5.936133736318852E+003   2.451784231650254E+001
    16   10   7.188419653297404E+000   5.103668423225307E+002   7.188419653297404E+000
    17   10   7.188419653297425E+000   5.103668423225336E+002   7.188419653297425E+000
  </DiscreteSampler_grid>
