 -0.00113673673081416  0.01553086432646868  0.03164914870422617  0.04700256021988949
  0.06018532456676703  0.07023861524586068  0.08118985449902680  0.09274038111335361
  0.10489421699914139  0.11705608656711039  0.12403146659688648  0.13063673031506581
  0.14011716222357667  0.14852744029330928  0.15392229647932007  0.16121135144342233
  0.17108386310051338  0.18146304801764926  0.19153684446433505  0.20117924328978495
  0.20884627835340785  0.21656762089348092  0.22246271381050425  0.22918628696388080
  0.23634772524669201  0.24565395554315428  0.25686587982497083  0.26841808851165999
  0.27919564514160128  0.28914741376745856  0.29869797366122408  0.31075069089530832
  0.32077469250461571  0.32816826916270125  0.33561717178439898  0.34316500768160785
  0.35022211397353409  0.35688171434289095  0.36294071333345485  0.36863911819423612
  0.37703455498136129  0.38854214849813468  0.40301750393258035  0.41767073490233120
  0.43445643691981606  0.45292947318152349  0.47091365016165576  0.48557986262243008
  0.49795794770812585  0.51019977284986640  0.51979586278703049  0.53389853781657337
  0.54797389462271939  0.56141855660141227  0.57377186387110868  0.58459020959663466
  0.59434775358795588  0.60327087596123374  0.61129454936315097  0.61904910716452710
  0.62693446235777772  0.63621760773895109  0.64615718852775972  0.65580262871726003
  0.66436203160047536  0.67256560420555767  0.68219570096314797  0.69213555026386553
  0.69985295165468320  0.70786334243295135  0.71802869169655170  0.72925991902120846
  0.74178671174862354  0.75587611271076804  0.76408012723284569  0.77543419417114534
  0.78827675515035145  0.80334727368791015  0.81887917983699798  0.83421133746903464
  0.84987178150349119  0.86499401159651401  0.88096200223356269  0.89445474430975114
  0.90543135351571447  0.91575268407373644  0.92360419895657908  0.93301462343873354
  0.94272627226168459  0.95087584568516703  0.95807813157986677  0.96440112089071151
  0.97132829241537511  0.97822550763228722  0.99219649763656004  1.00000000000000000
 -0.00004085004557935  0.00100915572673727  0.00304846284274208  0.00496983067783673
  0.00926148177419288  0.01272423011810624  0.01710178997827777  0.02388814084524616
  0.02951248455706529  0.03415321616189407  0.04022101731505259  0.04815463676156734
  0.05720135499081580  0.06638006154684936  0.07502855690789763  0.08369173083878384
  0.09173852700780909  0.09976176274751093  0.10882086192957557  0.11737646330171646
  0.12493612579122028  0.13298013422881866  0.14299173787394123  0.15308543963056698
  0.16309688086025229  0.17270638529652935  0.18014557938814801  0.18947432715073292
  0.19900033800365211  0.20862547632069200  0.21734851826133361  0.22482845320244965
  0.23245221558436466  0.24042949558835711  0.24891394158823096  0.25810627862829455
  0.26686916082460899  0.27462966309124631  0.28216613830036213  0.29028480927586653
  0.30020709424316222  0.31115737542353411  0.32287933803649244  0.33565696639387832
  0.34934127386090769  0.36354130987587013  0.38110062084579066  0.39831107357729056
  0.41534604279198556  0.43240304266965846  0.44789457108569591  0.46522897313818656
  0.48417682955597069  0.50348381966179934  0.52399960431306769  0.54591356513867251
  0.56208474458372859  0.57649859689638894  0.58830932197502439  0.59786330756723527
  0.60771750532449398  0.61824878417799589  0.62857428534769477  0.63726884236404868
  0.64630768815623474  0.65609148097759251  0.66619441982237282  0.67801980429714781
  0.69110195928537921  0.70371235354774420  0.71562721773351778  0.72617604657907031
  0.73756034084525823  0.74842463671573212  0.75831273903198848  0.76768647793640354
  0.77722257146195517  0.78748384277146011  0.79701264967248819  0.80571277637486394
  0.81433046233105544  0.82349772981965541  0.83366488159273899  0.84581049291970023
  0.86005728604006815  0.87248716898423795  0.88412802655540312  0.89597788732354378
  0.90800829127754468  0.91941611746386598  0.92981110828036129  0.93995726369049792
  0.95240699663600759  0.96738097825973945  0.98313270555649512  1.00000000000000000
 -0.00241500799972442  0.01078949774345085  0.02018308864137912  0.02924213664403046
  0.03871425124921730  0.04846055910389479  0.05850638657834329  0.06791680459425491
  0.07503029529710031  0.08212034271527929  0.09096874670183677  0.10155519966250294
  0.11551928202623579  0.13374675233582975  0.14936041549123971  0.16421136214902837
  0.17856210854417062  0.18731658614221616  0.19605991276289156  0.20421019028672410
  0.21237130107524202  0.22041971385785006  0.22812569690298698  0.23617009756849705
  0.24710120149414783  0.26062737515168588  0.27505106591732742  0.28965021712185057
  0.30541080640388768  0.31994119106307067  0.33401756794688536  0.34802906577715575
  0.36269639690703137  0.37608007824418199  0.38747434299148009  0.39882747840020111
  0.41071618934586385  0.42253209827032640  0.43506454369045422  0.44847336379179281
  0.46228138333219171  0.47506684621804779  0.48661122469728130  0.49811600165392178
  0.50795640713031587  0.51685402197691410  0.52702563359597299  0.53821143748294231
  0.55032310875269774  0.56610482286716557  0.58032661278528630  0.59346908304593249
  0.60386973640885477  0.61414496816525987  0.62416767862982225  0.63051779281426656
  0.63768052103172956  0.64432567920193173  0.65009582638081365  0.65637829701693429
  0.66497123309163619  0.67414231705391581  0.67949531524344076  0.68397905018946281
  0.68998605340039421  0.69875625908536099  0.70893330848612213  0.72110005577341496
  0.73478769583014003  0.74765128274136250  0.75889035209388978  0.76925426507224781
  0.77954490560628098  0.78905177955641659  0.79782983605037849  0.80742659878339351
  0.81852490007358725  0.83137038719605882  0.84681246371350039  0.85782810487969385
  0.86828692783142258  0.87833060371847071  0.88814087852276302  0.89716913802734932
  0.90362861889160218  0.90840145730903243  0.91402512832242266  0.92023266998154885
  0.92662685662784938  0.93346536012606329  0.94056530249172676  0.95015453328990596
  0.96403833248305959  0.97682127299889543  0.98891562194512972  1.00000000000000000
 -0.00259252783038214  0.00814996350657357  0.01868083359326349  0.02858210280209632
  0.03746928818262164  0.04634542037328402  0.05536467807999825  0.06386469360324211
  0.07492572830497551  0.08680565091490880  0.10028479889525750  0.11428954434123481
  0.12703374273319007  0.13798833220830545  0.14679771751915777  0.15361805747649082
  0.16084167242237996  0.16872733858796857  0.17774284071259838  0.18635545023393979
  0.19579228783109148  0.20589564680915673  0.21795174170752479  0.23149402393377791
  0.24648280873010101  0.26196977769994595  0.27909021346653518  0.29486833512911281
  0.30600988148030722  0.31822808037991546  0.32983562035902231  0.34010662979687584
  0.34979960415982536  0.35985522521314772  0.37104805679751945  0.38181049774044223
  0.39246867034103550  0.40314469763833727  0.41497464634088566  0.42723390306429787
  0.43904560703540679  0.44985677160896148  0.46174861193331712  0.47608157783250327
  0.48409458049049658  0.49123266767433327  0.49842243012952331  0.50642392887977894
  0.51439669147884581  0.52154080308757766  0.52842843505011960  0.53706579572970159
  0.55347210394204704  0.57194398470682140  0.58672755899269735  0.59708483522404043
  0.60329260472976831  0.60749512581885345  0.61338958997946791  0.61909864194353592
  0.62400721308624119  0.63164221726590308  0.64267797798590698  0.65549035306906689
  0.66801175550346570  0.67834570255899629  0.68786653376143347  0.69777324540961361
  0.70655489239067626  0.71494888840281268  0.72444770430205196  0.73448353301262304
  0.74239434719220165  0.74895490749629945  0.75563382618221164  0.76285176175557823
  0.77200473611290932  0.78214396723711277  0.79156242901734486  0.80044705695496587
  0.80971646568778166  0.82025513791020888  0.83221458004960158  0.84434360339321746
  0.85565300830981883  0.86649390163358608  0.87712625153582746  0.88761871786887137
  0.89865812717010585  0.91050510703300735  0.92302558655021949  0.93581658139372481
  0.94834941426615726  0.96342908385494519  0.98062506748647260  1.00000000000000000
 -0.00245312357979372  0.00945929501957729  0.02186903717147997  0.03479605123001313
  0.04636104522035144  0.05863340829076073  0.06731415020039977  0.07604452843598893
  0.08560637368543789  0.09556163338148549  0.10471915285883722  0.11563560872734355
  0.12678540952156606  0.13839215357401649  0.15090242285089864  0.16378633926118052
  0.17613383974349689  0.18824669898770227  0.20222155441718578  0.21354483724731185
  0.22288479747377457  0.23279277492038014  0.24332591399172634  0.25137117318027896
  0.25980261931275334  0.26823179494996741  0.28026622139160695  0.29347495268425117
  0.30574286523499211  0.31658443037102896  0.32541810867332438  0.33567233436802618
  0.34491741108396179  0.35484533428711468  0.36710990256462323  0.37627350183665054
  0.38608572912452177  0.39665138303835840  0.41335940724347409  0.42927742906293803
  0.44426847520598262  0.45769394670614943  0.46883032522025930  0.47836383512586855
  0.48701941327283471  0.49685490713300617  0.50731028370943698  0.51586963555552179
  0.52753880394711961  0.54237471905921686  0.55831082520391007  0.57161392564051317
  0.58414635392642655  0.59619610010820001  0.60789378927512461  0.62317371163859148
  0.62929737505962491  0.63429707927115975  0.63942927460109233  0.64514047811009068
  0.65139868476261420  0.65953846441078701  0.66605771015643678  0.67348547297460293
  0.68426134406745076  0.69608511755385594  0.70411281150160887  0.71275657671328341
  0.72116305166285855  0.72904395398051480  0.73587066985748151  0.74328537510026271
  0.75112729036981007  0.76149870545546960  0.77327569666353446  0.78698936955627552
  0.79946461881656228  0.81101578438473110  0.82321500778285939  0.83521242481282665
  0.84761639533613964  0.86059124057906933  0.87371469787415990  0.88602160738227442
  0.89674442301749335  0.90431518748440831  0.91100263301110451  0.91798368615737336
  0.92624967296148253  0.93514655969021099  0.94463737801720327  0.95456571804380885
  0.96667042420739535  0.97937067814019019  0.99007451385977496  1.00000000000000000
 -0.07489984801076757  0.84324558660697457  0.91416927671658621  0.94203196673241063
  0.95813382741243769  0.96423483590914383  0.96861137653674434  0.97228740739079422
  0.97564699770327867  0.97868489815524207  0.98093697400335789  0.98269265112767756
  0.98433574719499028  0.98582498589460121  0.98723834242593378  0.98856957279713398
  0.98969440505538497  0.99052412297797143  0.99126789412331517  0.99196725033500632
  0.99261759470289979  0.99317389373454223  0.99366299483258513  0.99409009868149179
  0.99446408951962828  0.99479023749922968  0.99511788734471529  0.99543833952335925
  0.99574470328631892  0.99603440727201420  0.99630700192575139  0.99655971676169774
  0.99679283452671130  0.99701050996465745  0.99721221039787011  0.99739691824020382
  0.99757096419713687  0.99771385403199653  0.99783503726376777  0.99794814249457986
  0.99806129271302235  0.99817719540424443  0.99828607717240425  0.99838901807082492
  0.99847711228747682  0.99854606839696280  0.99859892476612311  0.99864475740309322
  0.99869365298075585  0.99874445774008513  0.99879523546644400  0.99884442617108560
  0.99889090885853915  0.99893336181636894  0.99897515304014728  0.99901522900491202
  0.99905525789651051  0.99909395034890436  0.99913056409170731  0.99916525211583795
  0.99919761415349762  0.99922968315942640  0.99926217206517598  0.99928789861891243
  0.99931419759392148  0.99934053975169868  0.99936592902096755  0.99939038973610761
  0.99941330334002598  0.99943541566873539  0.99945651302673699  0.99947588142470722
  0.99949569468362620  0.99951510710543678  0.99953376340890021  0.99955429702047016
  0.99957342891628997  0.99959163214260638  0.99960919223612321  0.99962697886003615
  0.99964406060657174  0.99966093100420050  0.99967814294410673  0.99969534729078380
  0.99971291573298637  0.99973072536042118  0.99974841509428491  0.99976730895768617
  0.99978653010724794  0.99980576422915968  0.99982751139227677  0.99985038763628697
  0.99987499124351453  0.99990843695436049  0.99994923797251190  1.00000000000000000
 -0.02633075414552520  0.15971403909767223  0.21924515322358140  0.24934384020619177
  0.27363994447587614  0.30013399740674634  0.32531200409511152  0.34349412458246120
  0.35823158727913595  0.37302422496777021  0.38473478341584588  0.39338672895064547
  0.40316384909186131  0.41400888582657225  0.42543491094495278  0.43680750233063942
  0.44618176791590569  0.45261454431427478  0.45915114101828269  0.46628885631961969
  0.47284673961215207  0.47862322947434760  0.48397499036444497  0.48824069130397313
  0.49258053801273771  0.49809009442011570  0.50380779294267741  0.50902301659086480
  0.51460048106802858  0.52034523997562154  0.52616715135559644  0.53196625470454439
  0.53571599901259115  0.53797728731712435  0.54035579745847451  0.54267157433250979
  0.54516613463764041  0.54799663198129833  0.55039442219593493  0.55333453289930346
  0.55821056600378349  0.56531809978194991  0.57257357861297231  0.57989599887007015
  0.58732344165111583  0.59332698172553611  0.59942960643931387  0.60594954072490936
  0.61198622967173244  0.61700552896851790  0.62168289120233644  0.62594357868585493
  0.62869405223339481  0.63265573822746246  0.63702585332348083  0.64132668495756262
  0.64555622756814102  0.65003037933810104  0.65487304447184413  0.65950779370302526
  0.66384169136271720  0.66792194681507544  0.67226864191065894  0.67723455105763652
  0.68211554476646297  0.68675276169526422  0.69287133801504319  0.69872581067483142
  0.70488311166780815  0.71122092396370296  0.71763898659793790  0.72399549129930940
  0.73010256062768530  0.73602787906039424  0.74209988191684417  0.74796384291408746
  0.75357694145481102  0.75908556838733998  0.76486308992301522  0.77083236699544466
  0.77720934770108241  0.78445055648684603  0.79263689994075137  0.80166801445114955
  0.81210612571405405  0.82495568043134815  0.83817737587647723  0.85051510794493268
  0.86092021624648185  0.87013699082015139  0.87733170542293892  0.88468725309610474
  0.89750176156395134  0.91095981649248359  0.93107612161580866  1.00000000000000000
   1.2744566039068792E-008  -1.0000000000000000     
 T T F F F F T T F F F F F F F F F F F F F F F F T T F F F F T T T T F F F F T T F F F F F F F F F F F F F F F F T T F F F F T T
  <DiscreteSampler_grid>
  grouped_processes
  1 # 1 for a reference and 2 for a running grid.
  10 # Attribute 'min_bin_probing_points' of the grid.
  1 # Attribute 'grid_mode' of the grid. 1=='default',2=='initialization'
  0.0000000000000000 # Attribute 'small_contrib_threshold' of the grid.
  0.5000000000000000 # Attribute 'damping_power' of the grid.
 # binID   n_entries weight   weight_sqr   abs_weight
    13   10   1.247522075422532E-002   1.434342334833242E-003   1.247522075422532E-002
    14   10   1.247522075422534E-002   1.434342334833247E-003   1.247522075422534E-002
    16   10   3.600541972762587E-003   1.195289612904221E-004   3.600541972762587E-003
    17   10   3.600541972762591E-003   1.195289612904223E-004   3.600541972762591E-003
  </DiscreteSampler_grid>
