  0.00177232644721786  0.02007108481796818  0.03573918402264531  0.04881186326660548
  0.06095026321799232  0.07266843986831069  0.08417700790504393  0.09568045509008935
  0.10710940178051814  0.11836421512244427  0.12945933530363921  0.14043450811031935
  0.15138215177339079  0.16233078023841277  0.17329461871823462  0.18410676515279137
  0.19480054694543045  0.20557311737200978  0.21663146372008429  0.22779358748496417
  0.23902425597389415  0.25025394117801691  0.26148166692265418  0.27254360422128021
  0.28343237062714527  0.29424436172787877  0.30489608942198171  0.31551579554691822
  0.32622307323685729  0.33720041149789748  0.34812552832788024  0.35879573244144775
  0.36945818558488414  0.38033318131350224  0.39148625421553729  0.40257992633218431
  0.41324482123707090  0.42393366911158314  0.43450569187085852  0.44527702349426790
  0.45622465434876264  0.46724105409806549  0.47818261850340649  0.48888557758510531
  0.49945505333662643  0.51000724585198753  0.52037449053624485  0.53089503845725161
  0.54144459870192851  0.55199773626433735  0.56250757284133501  0.57308661634118785
  0.58353856456168463  0.59383008621523181  0.60426596999711890  0.61474053819260288
  0.62532769059105509  0.63564454621345801  0.64611278533483485  0.65674422973402524
  0.66736683099351224  0.67788156876870387  0.68807699056108851  0.69822235842137015
  0.70821828323130376  0.71846085918828895  0.72881906288245479  0.73944067738539565
  0.75003188715409064  0.76086446294924948  0.77159960497657498  0.78217659109713322
  0.79252843277170026  0.80273464327164612  0.81271701840480259  0.82251578071769615
  0.83228766719178660  0.84203432530869482  0.85179187085982544  0.86147347352272319
  0.87111181704497753  0.88106908957845886  0.89131020540447936  0.90141002504360812
  0.91109135354987403  0.92042100054862008  0.92956857372477020  0.93865162684445269
  0.94774909224859394  0.95687543432919875  0.96578735376505842  0.97407543946213526
  0.98155671666292366  0.98765666521525664  0.99220788931284465  1.00000000000000000
  0.00000060524307569  0.00000067171844603  0.00000074769099642  0.00000081848481995
  0.00000089027650687  0.00000096297359853  0.00000103981954512  0.00000111887547121
  0.00000120238918055  0.00000128856299352  0.00000137648930080  0.00000146714768251
  0.00000155929432985  0.00000165664064446  0.00000176127293066  0.00000186842218009
  0.00000198118194704  0.00000209815134637  0.00000221843428443  0.00000234617218531
  0.00000248162904916  0.00000261510574116  0.00000275615460549  0.00000290180073402
  0.00000304998016206  0.00000321001526487  0.00000338525701915  0.00000356008033925
  0.00000374797808004  0.00000394610721692  0.00000414839851759  0.00000435825256149
  0.00000458425857525  0.00000482032764270  0.00000506217149680  0.00000532112336002
  0.00000559741600750  0.00000588559065204  0.00000618568307931  0.00000652127206313
  0.00000685833804449  0.00000722255089564  0.00000761365874244  0.00000802315877238
  0.00000844793835868  0.00000892398549864  0.00000942594131061  0.00000995127690595
  0.00001052783092601  0.00001115009094931  0.00001182111083144  0.00001256754957810
  0.00001336692171521  0.00001422890118645  0.00001518211172491  0.00001619798790326
  0.00001731084076081  0.00001852195957110  0.00001986089369004  0.00002139055295581
  0.00002308740179400  0.00002497666786020  0.00002703995470706  0.00002929946382721
  0.00003179101724948  0.00003459900695812  0.00003779829909205  0.00004146100625268
  0.00004568815704291  0.00005040334426029  0.00005584890826636  0.00006214690262636
  0.00006948463946506  0.00007787533006612  0.00008731637094173  0.00009894133908456
  0.00011255672102487  0.00012787594177906  0.00014512664043114  0.00016498482100039
  0.00018837817852698  0.00021619847819430  0.00025089031851398  0.00028886956584541
  0.00033256503579549  0.00038637912105457  0.00046248530033341  0.00057001677312012
  0.00069669870328019  0.00083815091510058  0.00097526400867432  0.00144674325125602
  0.00204782883654660  0.00350570979358628  0.00780364693502408  1.00000000000000000
 -0.00149499801172567  0.00677690772225201  0.01456982972360098  0.02242784541619533
  0.03040741735446012  0.03828472501409910  0.04594538676397691  0.05348683667717338
  0.06106408202636707  0.06876254062247196  0.07656909911302374  0.08467645430071331
  0.09269268492154951  0.10075087156660038  0.10904017641790466  0.11775901936365722
  0.12662678885969095  0.13554868004986967  0.14445248527225060  0.15345849333578848
  0.16242187169659417  0.17145052811139352  0.18053473180088708  0.18966959392126259
  0.19895639869691897  0.20842778251515903  0.21835245081035798  0.22846756654402944
  0.23845866456248574  0.24849583163931335  0.25876320723672985  0.26913886909752005
  0.27942919503076624  0.28977423622186177  0.30045021851877007  0.31125744280723394
  0.32194603107235348  0.33259709057545150  0.34347249297687099  0.35470424919784088
  0.36617720231580980  0.37774278337491690  0.38945671462394016  0.40157234996260044
  0.41401316244936376  0.42627549946955151  0.43829071466294556  0.45038460532851837
  0.46252313513497678  0.47454840489862837  0.48664867386815663  0.49896958841652905
  0.51120522479568886  0.52338845388756028  0.53569822566266845  0.54851565018247028
  0.56166203224697808  0.57459568259441074  0.58710700827964535  0.59948761326416178
  0.61176328214406739  0.62399552664327251  0.63653037940456125  0.64947598149352170
  0.66236625884302669  0.67489202063501308  0.68704275404935033  0.69891708192216528
  0.71052972803482839  0.72221011388819956  0.73406258065657937  0.74634509507275704
  0.75803485780672575  0.76976928417504142  0.78122529477614744  0.79306628985003202
  0.80459045286779540  0.81613448777709419  0.82765333123235207  0.83922242001584246
  0.85037779294036819  0.86145163041318273  0.87242561369738147  0.88316657042115576
  0.89334757966454226  0.90328336850930802  0.91329651384830934  0.92338313000099104
  0.93331428042779918  0.94306382542655864  0.95266277223253781  0.96229000581674728
  0.97184231814636313  0.98134751463726333  0.99076223322639856  1.00000000000000000
 -0.00213978877128965  0.00925686362286044  0.01898347544500706  0.02862375434769361
  0.03831329978498725  0.04824087500643000  0.05820022412498017  0.06847153161130577
  0.07882527269122949  0.08957862012859531  0.10016881778031185  0.11106717237108156
  0.12183701992915212  0.13301855371653454  0.14426827470284373  0.15547763638889608
  0.16680355174987355  0.17806486392391249  0.18932813711811844  0.19979267355476632
  0.21025829382909333  0.22069305130987829  0.23158697784764545  0.24263244429601608
  0.25328459964261274  0.26382790314161164  0.27472384858160070  0.28592940848710585
  0.29692868144507056  0.30736090152114365  0.31771480385250939  0.32816728540723744
  0.33897535629175507  0.35025309917421493  0.36136989509911027  0.37224783973800435
  0.38305750669022409  0.39372287596779731  0.40369064493469381  0.41362940054826153
  0.42355273123260778  0.43347574507959769  0.44347165723315157  0.45340395832604147
  0.46364806377168388  0.47385223917491698  0.48395293207113049  0.49411381343112309
  0.50444434502257895  0.51519932913500355  0.52601438225992392  0.53676617819081007
  0.54771230052547537  0.55862620949533182  0.56922721840497814  0.57965303299190463
  0.58981085207024742  0.60001919763029210  0.61010114310967545  0.62064311804973715
  0.63115015592845225  0.64179155974865376  0.65252930643189644  0.66347795142238430
  0.67441046543119731  0.68533346208625490  0.69569838041200183  0.70621180897720759
  0.71648511287596828  0.72683733977922294  0.73694913952972529  0.74695189894096869
  0.75713991696962635  0.76713830937797201  0.77729706166879109  0.78752524648061617
  0.79785400718998412  0.80824625499320246  0.81894224705573782  0.83028374760112800
  0.84161501593814803  0.85262200059173887  0.86355506459515108  0.87454142358378772
  0.88504799350244767  0.89552148162176037  0.90602432704218283  0.91690389714194753
  0.92712192413646644  0.93740290861527631  0.94778237623632200  0.95843504689439851
  0.96870563474256388  0.97895939674330501  0.98944958198958244  1.00000000000000000
 -0.00223384486786669  0.01020292482150326  0.02056417210864386  0.03115073180581632
  0.04168711633051994  0.05229596685787381  0.06284459158447564  0.07337228190690437
  0.08381718357627678  0.09411675174081313  0.10447177545734643  0.11492369180679657
  0.12570318122245652  0.13589410383917461  0.14655627991912526  0.15717106771935546
  0.16805448560424238  0.17907848327483469  0.18997455074953926  0.20067192252014718
  0.21107955995140765  0.22162508965248809  0.23213606147984572  0.24228269112852410
  0.25251080892212696  0.26272917698471782  0.27300405092840280  0.28322479219694735
  0.29367209927361188  0.30456948561067460  0.31530278910962795  0.32628239827931171
  0.33714610062449224  0.34761772739915064  0.35804979299521972  0.36850709522058189
  0.37930802499207716  0.39004212217744239  0.40067596975761627  0.41131950538965845
  0.42170252393833080  0.43196291836615031  0.44240475655626416  0.45311319772612985
  0.46339545284893929  0.47321904332058490  0.48318095006812062  0.49326126501905704
  0.50326318822083593  0.51302477354223952  0.52309211938435907  0.53382972592788047
  0.54465555982627900  0.55537114508485486  0.56610423357346051  0.57653435270165110
  0.58689530403345103  0.59723047293960685  0.60789776172971943  0.61894635797039455
  0.62983420902278675  0.64097191386610453  0.65183486354634990  0.66285269606125952
  0.67374911991428066  0.68476328284122445  0.69526939270177535  0.70566458398828869
  0.71590570904456974  0.72660632212678911  0.73722362041012768  0.74743376608521261
  0.75776386132635121  0.76791654666322684  0.77860400274127073  0.78942317363728964
  0.80047310911419733  0.81120839006155165  0.82170059870356704  0.83226827796984326
  0.84263495282031997  0.85273518597734177  0.86310699521743395  0.87365544903069237
  0.88480368954427835  0.89592359238333230  0.90636192999251075  0.91669381150448537
  0.92667189543883732  0.93660120177456097  0.94662605694741786  0.95674688599108904
  0.96739802394619367  0.97824602812672123  0.98917713380054584  1.00000000000000000
  0.03323706370466722  0.22988731187529929  0.30321882595485433  0.36239077969098166
  0.40863194828834032  0.44461398057280099  0.46989387937307703  0.48748033334311763
  0.50037579830104872  0.51124731923523525  0.52072632895023729  0.52804536859412921
  0.53474334742084673  0.54173679845447442  0.54913694715037364  0.55682045943024761
  0.56214617473480011  0.56641655285525705  0.57018021904510574  0.57399937036863213
  0.57746145492773560  0.58062323764568013  0.58377246543672423  0.58697305521371368
  0.59039830459237508  0.59428589812756316  0.59807801609482003  0.60163687370509267
  0.60503518935512290  0.60829959023122981  0.61139890396390484  0.61452691467352050
  0.61766365819600788  0.62079758460956880  0.62396524736294279  0.62714893295700613
  0.63031652636517943  0.63348039910477616  0.63670783840230438  0.63992322913633026
  0.64323145190623920  0.64661708694888753  0.65005621642894074  0.65351853532405557
  0.65698508219181107  0.66047151840964458  0.66402345226418669  0.66762753291990717
  0.67139986045876632  0.67519150230891478  0.67900539667180149  0.68285429849426504
  0.68674933380891290  0.69076352662021567  0.69491919753305653  0.69905554825030469
  0.70323413767302145  0.70748617349558562  0.71190983799478547  0.71638295108483063
  0.72085645115717834  0.72533385243840831  0.72984836565829503  0.73447397467570308
  0.73923217072026770  0.74408543151355266  0.74908152327131183  0.75428347094143344
  0.75961554103511264  0.76507399809217580  0.77070082543707497  0.77662298827990850
  0.78263422205111399  0.78856473563521134  0.79479928899747332  0.80113294104409849
  0.80762757618050551  0.81433302364160554  0.82129878698782643  0.82842673209154782
  0.83570868633617779  0.84327746625509015  0.85095241432618673  0.85887390619457493
  0.86708782414011720  0.87552225926479255  0.88460982859305026  0.89379198475260502
  0.90370733261123037  0.91405785675469309  0.92503663386921109  0.93654357272876143
  0.94905660574007122  0.96299654935133605  0.97955922475752721  1.00000000000000000
 -0.02828015420129885  0.19789967804336797  0.22423995524157966  0.24397908199281360
  0.26137405180450490  0.27673707683526061  0.29072023144747300  0.30331374071494971
  0.31512518103690706  0.32656626452426568  0.33778888314862449  0.34838949417817866
  0.35842800163532074  0.36817648675023240  0.37773631584880879  0.38706066457914123
  0.39633080432496437  0.40556848991718314  0.41463868830546252  0.42349239017685852
  0.43215705841045138  0.44061434904638969  0.44901649125126286  0.45733174239098517
  0.46551163704409571  0.47354964144368744  0.48153979508429795  0.48951922016865340
  0.49732304554459045  0.50503687013243947  0.51259252280262246  0.52017956800226228
  0.52781503644919425  0.53549260702870927  0.54312757553097246  0.55066865302071044
  0.55805284570807456  0.56534001878735674  0.57258481151884100  0.57981780715951559
  0.58708683791371308  0.59435722831062610  0.60146458495201904  0.60825445604455319
  0.61475743517341730  0.62116049958111430  0.62757986837687052  0.63396336682824184
  0.64045522272897593  0.64687393871084498  0.65328534307175878  0.65965887027904135
  0.66600778091707702  0.67222311634858023  0.67832186626866475  0.68436565032754326
  0.69021823278197136  0.69585682485557254  0.70141552177457644  0.70699449864102903
  0.71260853582811279  0.71826302741051462  0.72396617071031244  0.72958427068668741
  0.73503325996134528  0.74036468069096872  0.74564329062173262  0.75097360489158305
  0.75636134594287530  0.76178733661067688  0.76714540707695955  0.77236406022425041
  0.77757630104737263  0.78276283839924432  0.78799666110018551  0.79334610534079797
  0.79881948262928804  0.80426151852299266  0.80977857323860147  0.81531856190711482
  0.82091262107337892  0.82657061003109611  0.83232226445006119  0.83829101361077307
  0.84446000154313949  0.85075227500268280  0.85752254937737216  0.86470783288397168
  0.87232615379550338  0.88044040979746130  0.88931227974712501  0.89924598074666684
  0.91132681758216483  0.92652856770512293  0.94989847982117026  1.00000000000000000
   3.7821933068171524E-005  -1.0000000000000000     
 T T F F F F T T F F F F F F F F F F F F F F F F T T F F F F T T T T F F F F T T F F F F F F F F F F F F F F F F T T F F F F T T
  <DiscreteSampler_grid>
  grouped_processes
  1 # 1 for a reference and 2 for a running grid.
  10 # Attribute 'min_bin_probing_points' of the grid.
  1 # Attribute 'grid_mode' of the grid. 1=='default',2=='initialization'
  0.0000000000000000 # Attribute 'small_contrib_threshold' of the grid.
  0.5000000000000000 # Attribute 'damping_power' of the grid.
 # binID   n_entries weight   weight_sqr   abs_weight
    13   10   3.368525057171974E+004   2.236392876200207E+009   3.368525057171974E+004
    14   10   3.368525057171974E+004   2.236392876200206E+009   3.368525057171974E+004
    16   10   1.035859561877926E+004   2.119246497029582E+008   1.035859561877926E+004
    17   10   1.035859561877926E+004   2.119246497029582E+008   1.035859561877926E+004
  </DiscreteSampler_grid>
