  0.00241879193070918  0.01268068221280213  0.02419063763181291  0.03570432099342746
  0.04760169651943102  0.06003869769401014  0.07285811915364954  0.08594314045245247
  0.09883425870367268  0.10924964064830379  0.11720951234039778  0.12709930417043416
  0.13656976456502704  0.14516198267069261  0.15269208688799712  0.16110090001923785
  0.16944978345938680  0.17909413387162615  0.18891017027284671  0.19899849199568503
  0.20865415019775824  0.21844369300251673  0.22785740220918232  0.23593545313423883
  0.24396099516440725  0.25195354768211592  0.25993518673526272  0.26740531249247251
  0.27439891341893202  0.28140020819787726  0.28974664315431076  0.29859332444146147
  0.30877655152877459  0.31856827996150272  0.32785060651765219  0.33644522956096296
  0.34559485542136448  0.35640377300608495  0.36950323180040212  0.38317995185029996
  0.39637982406270728  0.40880334860709089  0.41994997057591260  0.43135678489982038
  0.44302480505145003  0.45433099810667027  0.46716617447137887  0.48021756230836482
  0.49307010499346515  0.50549112999880519  0.51733672742201930  0.52934286962807864
  0.54193793589862915  0.55400427001914254  0.56520471113550685  0.57695640967561412
  0.58896625197464925  0.60237156358779953  0.61498423085498755  0.62643416186415946
  0.63837972176778057  0.65003969811823870  0.66085290581010769  0.67165215046063098
  0.68273885348748753  0.69387215693808846  0.70480915625333840  0.71544009545792553
  0.72575516416183117  0.73536339533035566  0.74553859987689197  0.75630511731718841
  0.76600514327370584  0.77445603233576854  0.78261902507193226  0.79097418866997316
  0.79943097771532712  0.80816855515939490  0.81748478220854592  0.82740572427304804
  0.83745285147951531  0.84972100685653196  0.86334750159359586  0.87492808310921943
  0.88372834904038033  0.89215450325378409  0.90131303132500340  0.91165461269856984
  0.92144390436747214  0.93050415234072281  0.93994304731590828  0.95115228036451138
  0.96325252955219720  0.97474566307051413  0.98655248994038491  1.00000000000000000
 -0.00003939146878013  0.00098976294280837  0.00345262665681304  0.00725746871309533
  0.01112206454891932  0.01601927472260014  0.02317138989634206  0.03044135109349033
  0.03762000244416654  0.04435305987220797  0.05154014303458905  0.05949414330268656
  0.06833655391701147  0.07708018299706863  0.08440259859614704  0.09178192982216031
  0.10006724476747726  0.10883025166137042  0.11849684878282794  0.12963166420075475
  0.14135438284872481  0.15188981910201874  0.16131917809620003  0.17045279090927992
  0.17896198285020457  0.18735874331987973  0.19503390277730759  0.20288319818104286
  0.21106286760067533  0.21848604858061690  0.22572085279386986  0.23331248604319277
  0.24163459831759318  0.25016667845011298  0.25892630087041174  0.26748993952378275
  0.27615398372689365  0.28578712890091129  0.29605397770040087  0.30688580829946893
  0.31868787440235213  0.33102012764946959  0.34339146541390164  0.35575692241072004
  0.36816561650563651  0.38379524727378828  0.39845965437952702  0.41153537771918708
  0.42230900025093798  0.43200555652148043  0.44189722794864933  0.45117313042921059
  0.46038197966032635  0.46957386102895116  0.47852103564751369  0.48747579750467240
  0.49676588363780749  0.50665605940960967  0.51713308979958617  0.52744991400563990
  0.53751734892001080  0.54737731746750429  0.55719321851705683  0.56725957570513585
  0.57742537752545275  0.58783392488284181  0.59843271687605415  0.60959173777209086
  0.62110566727812511  0.63313652032557655  0.64550874489313737  0.65781189088532366
  0.67040243297427671  0.68299552579530565  0.69564802407363391  0.70866763228716090
  0.72168510061690982  0.73470661139500493  0.74763466932867251  0.75989246368911423
  0.77320473783243504  0.78792878440497449  0.80336328696174164  0.81837353346564123
  0.83193659287434718  0.84586057088773803  0.86010889779496946  0.87456882004482772
  0.88906998383774782  0.90340080341707085  0.91873469542963571  0.93534574731509690
  0.95173827832089342  0.96793155743594284  0.98405352754946784  1.00000000000000000
 -0.00226042805822819  0.00882051021818139  0.01921075818350004  0.02904897497743656
  0.03812844881026094  0.04761001499214770  0.05813284632352076  0.07078390360548800
  0.08459845752959962  0.09821949725536613  0.11137918371679252  0.12495601388307577
  0.13759008372608292  0.14882983031998101  0.16049580282944015  0.17257768189834297
  0.18519279976507136  0.19870736083239166  0.21122028260108930  0.22121908409804586
  0.22914417456163882  0.23598792667407417  0.24322544833369406  0.25199014119106716
  0.26103035116491913  0.26999267564904722  0.27861161006970336  0.28775814337509875
  0.29880526287733655  0.31103730224346976  0.32285667559170672  0.33403596421755344
  0.34504288096354940  0.35561876424611544  0.36541395737108928  0.37479880994464099
  0.38414041962000861  0.39412092141621086  0.40541629307412835  0.41788095866839770
  0.43084258912223916  0.44377215438311557  0.45518518703870348  0.46288552393551896
  0.46887893141490494  0.47535021977641095  0.48323603926813546  0.49193122575162446
  0.50039995054615494  0.50923852879709530  0.51791856832642935  0.52854552579285397
  0.54266205176267035  0.55524603944368833  0.56825737283812194  0.58241344174738374
  0.59723165783048360  0.60995867784076785  0.62080748039680766  0.63163055259811773
  0.64208902044960203  0.65288353380334019  0.66355402576477285  0.67345876161562757
  0.68242501226128216  0.69097967211421740  0.69930212498456024  0.70757195394911421
  0.71585679951830516  0.72470598429004651  0.73350843252769760  0.74299063136297672
  0.75319274804499814  0.76271470328937685  0.77312649318910642  0.78513163682954024
  0.79658750327445593  0.80842909004776609  0.82192760365582196  0.83431429696814396
  0.84358048524855977  0.85207361946852989  0.86074967680187064  0.86953474185865776
  0.87762553061528958  0.88547606630988562  0.89398903153535692  0.90350700087389502
  0.91387765670909471  0.92610803175105416  0.93870986938602397  0.95118105249862073
  0.96358205545761566  0.97580327349624241  0.98796100184992053  1.00000000000000000
 -0.00042117699172798  0.00459120231780260  0.01010851726756704  0.01593512642007394
  0.02114344369924954  0.02656575296791271  0.03277658707609263  0.03875494052548310
  0.04702117024136775  0.05774783996616454  0.06821775342020280  0.07722408262542847
  0.08539279506718518  0.09357363840281255  0.10176545807220821  0.11025800153718242
  0.11960390464310897  0.12877232199012306  0.13899296487725646  0.15010680816755406
  0.16008530773838348  0.16949121689300042  0.17848603926302237  0.18846168977732639
  0.19985056722748831  0.21164373631262517  0.22347283232366696  0.23548674291680963
  0.24706513654891865  0.25713658393139660  0.26676473541092971  0.27712346662168175
  0.28696205094466148  0.29612073344063294  0.30472079853736189  0.31710094842013276
  0.33354037279372484  0.34937514723589946  0.36437652641467033  0.37926723191057665
  0.39408600017673195  0.40990445169856726  0.42565787608387373  0.44088213331309317
  0.45698263188100413  0.47420681766486450  0.49132010577410901  0.50675548114580904
  0.51999566490228100  0.53257113098315512  0.54521966370769626  0.55875308026574699
  0.57254875890747658  0.58705867361648834  0.59782202849383259  0.60909293431009637
  0.61944781482302125  0.63033533295048871  0.64223294234494033  0.65515896472717527
  0.66905704824253365  0.68280741950481871  0.69625053258265557  0.70960066475201844
  0.72277233822124620  0.73583930270908882  0.74842538266557534  0.75969377972556806
  0.76966119096736518  0.77819278096193678  0.78582787694429623  0.79358620597736718
  0.80227793968438965  0.81097055970060627  0.82282191764622115  0.83619410040927844
  0.84757319378070195  0.85765046422253433  0.86643309129915758  0.87612634214485141
  0.88663701688181429  0.89573539428469007  0.90303664283449159  0.90990257445335243
  0.91694242013862204  0.92397700377058167  0.93081137475468034  0.93743297053816088
  0.94400786046767593  0.95046039696638751  0.95640939401988723  0.96244205409155414
  0.96889329647133937  0.97590871392297052  0.98530338727379552  1.00000000000000000
 -0.00118142534830490  0.00580458402185318  0.01365427043922984  0.02110133477195596
  0.02900196467551278  0.03858767194103463  0.04967656004067553  0.06127772667559541
  0.07300236900249978  0.08480797744850163  0.09713310791926068  0.11090004548198529
  0.12513401649735217  0.13629583008165896  0.14768716865505008  0.15841195596964630
  0.16941289151490710  0.18254571186112931  0.19291991780887785  0.20209131072603764
  0.21087325701290738  0.21894433712356803  0.22691159623851573  0.23510731215516562
  0.24302667565328431  0.25115168199011129  0.26164517930664394  0.27412639487219886
  0.28750189553766864  0.30126595471930517  0.31554885061522259  0.32999884130809465
  0.34371487812543233  0.35681370168840842  0.36811304611087958  0.37894441764807008
  0.38915265260978432  0.39858558924994109  0.40776389241851518  0.41845093520726484
  0.43030733307839658  0.44239563791303577  0.45454781157833501  0.46663233056350611
  0.47790644125566029  0.48710879152901732  0.49554877839393852  0.50335134328704290
  0.51062866047999322  0.51801798546660183  0.52532663648087907  0.53295643874035237
  0.54177876661815050  0.55288046902371701  0.56500824127433558  0.57787510080023508
  0.59247570282067907  0.60816829760135949  0.62201789721078704  0.63438503605610730
  0.64559748991775268  0.65593008291451282  0.66614065532940148  0.67688169966492595
  0.68862246776185976  0.70135989715502989  0.71529871033381598  0.72976132713035602
  0.73664471218767402  0.74429753940893995  0.75144529643602276  0.75840119351614965
  0.76577800411335950  0.77393476825843344  0.78299062568137656  0.78933495392508835
  0.80476897307269724  0.81601700893451456  0.82642252137400296  0.83701818947671580
  0.84869273973124182  0.86114486764014608  0.87241532854747128  0.88136317975200285
  0.88946776400651506  0.89775216940146707  0.90748305806398910  0.91887749498694504
  0.92860421653291303  0.93872271393049678  0.94849265455038290  0.95809502389706991
  0.96731952728001469  0.97596374559629540  0.98542740635873594  1.00000000000000000
 -0.08399643145295177  0.84409898192434518  0.91804522923487530  0.94755645735928862
  0.96011669116875864  0.96453312295206484  0.96845924647530535  0.97189392848310463
  0.97487482167899930  0.97749833985159706  0.97975332383701585  0.98158939720414662
  0.98318984333032844  0.98463618850714274  0.98588221293975697  0.98704840056007559
  0.98812897341482675  0.98908967161022310  0.98994533776369764  0.99071614802510610
  0.99141550140938917  0.99206112434925542  0.99265403388848505  0.99319110544420486
  0.99368598656563711  0.99411067133002828  0.99449550929494701  0.99484532501134826
  0.99516679954013954  0.99546559904910037  0.99574199529241869  0.99600178564520936
  0.99624121453966330  0.99646140247341197  0.99666786738576407  0.99685507833202869
  0.99701932794475623  0.99716281487032954  0.99730067400260947  0.99743091408321471
  0.99755234453879882  0.99765841115494791  0.99776261620642681  0.99786423886098363
  0.99796309814880224  0.99805564287764836  0.99814011027884197  0.99821727913981806
  0.99828975198388292  0.99836002839737936  0.99842731325443845  0.99849256185888924
  0.99855450340141061  0.99861468930015518  0.99867386816520909  0.99873075737999717
  0.99877928643262481  0.99882672012052076  0.99887372537385011  0.99891964442414527
  0.99896398135884623  0.99900664065847067  0.99904707669025328  0.99908644603168140
  0.99912457420521228  0.99916127718429870  0.99919696896456089  0.99923153915336638
  0.99926544139439488  0.99929900366762714  0.99933020123586913  0.99936105554799748
  0.99939157481960705  0.99941928522075274  0.99944663386774357  0.99947349470457658
  0.99949940587167996  0.99952450017633332  0.99954913984164828  0.99957329382905735
  0.99959650181316595  0.99961947543065477  0.99964235057977846  0.99966460693820147
  0.99968659028928020  0.99970822350260313  0.99972983515455838  0.99975154647134357
  0.99977421267137601  0.99979692640620554  0.99981968156888379  0.99984643098113624
  0.99987489465295754  0.99990619339459741  0.99994836278193988  1.00000000000000000
 -0.02768023303411465  0.14265380132711392  0.19841779842215007  0.23326582160818732
  0.25912994042470938  0.28217740447813411  0.30386821810777570  0.32224897255770996
  0.33830621006800393  0.35311414684104592  0.36657940480522760  0.37682393236491507
  0.38510555584860584  0.39348398211033064  0.40278702449998866  0.41185502380540512
  0.41957705294598091  0.42650067819936877  0.43316370508327307  0.44011133899946953
  0.44789409399048569  0.45581669501723338  0.46392549229790014  0.47052381592184417
  0.47721661623161554  0.48356397500464487  0.49025756010663241  0.49680007301432588
  0.50251326277387875  0.50755665130060346  0.51290132100160024  0.51797520125349006
  0.52198358273787460  0.52624924426206465  0.53043787744260440  0.53560781416010461
  0.54091835759061502  0.54560014379031663  0.55015492761325346  0.55484124603206086
  0.55939509246847408  0.56411811593363637  0.56874559387447754  0.57353816558945570
  0.57820563436311434  0.58273084238005102  0.58684894960554790  0.59086653650722265
  0.59548814149818197  0.60034728734228204  0.60515630623299832  0.60998035725285793
  0.61476022412047071  0.61959697094287247  0.62458432178940826  0.62973019640571837
  0.63499575962315813  0.64016978901617161  0.64511243230648452  0.65010471130267977
  0.65506774044047866  0.65992358556412722  0.66481033073520956  0.67003313049494850
  0.67555846944051168  0.68126842492092332  0.68700846386940839  0.69262440652833157
  0.69802353207363843  0.70317326442542194  0.70847048165188853  0.71406628349590884
  0.71959036426641232  0.72471538215562681  0.72991584958339639  0.73489132061982909
  0.73999904268576588  0.74593582985777251  0.75186672701574830  0.75830104969917689
  0.76463446185964079  0.77120038808234725  0.77794463399955793  0.78443585197979038
  0.79121573552603230  0.79829726655548505  0.80586070036514657  0.81389881330731595
  0.82278954600647369  0.83353129552993366  0.84555220945464882  0.85802243598037942
  0.87163837303402680  0.88864102526825328  0.91640946946023705  1.00000000000000000
   4.8070531728135379E-009  -1.0000000000000000     
 T T F F F F T T F F F F F F F F F F F F F F F F T T F F F F T T T T F F F F T T F F F F F F F F F F F F F F F F T T F F F F T T
  <DiscreteSampler_grid>
  grouped_processes
  1 # 1 for a reference and 2 for a running grid.
  10 # Attribute 'min_bin_probing_points' of the grid.
  1 # Attribute 'grid_mode' of the grid. 1=='default',2=='initialization'
  0.0000000000000000 # Attribute 'small_contrib_threshold' of the grid.
  0.5000000000000000 # Attribute 'damping_power' of the grid.
 # binID   n_entries weight   weight_sqr   abs_weight
    13   10   7.430368340118804E-002   3.321232499735837E-002   7.430368340118804E-002
    14   10   7.430368340118798E-002   3.321232499735834E-002   7.430368340118798E-002
    16   10   1.125406693670890E-001   7.622130916576783E-002   1.125406693670890E-001
    17   10   1.125406693670889E-001   7.622130916576772E-002   1.125406693670889E-001
  </DiscreteSampler_grid>
