  0.00156481655472295  0.01449694073641887  0.02799371086962428  0.04144232647267165
  0.05498036504361686  0.06861710860403956  0.08221223550997311  0.09563934545572715
  0.10789482678147939  0.11801873494641757  0.13054447978001033  0.14272224438177106
  0.15447834396484869  0.16496856779201027  0.17411335577483983  0.18372539568105570
  0.19386772136219207  0.20244486543887560  0.21026375022116489  0.21826057971902557
  0.22761422410807078  0.23885461955994999  0.25025051536277493  0.26062113678165999
  0.27089455768437304  0.28088537058622709  0.29220371974487175  0.30570488505957311
  0.31594152968910355  0.32341773216188330  0.33095151982110521  0.34005907558348364
  0.35005070258929405  0.36012272573148246  0.37026683470696797  0.38174086965480508
  0.39392754129045571  0.40566978677619375  0.41705435425865911  0.42845851304221216
  0.44032525395407890  0.45275642950507355  0.46620077500307971  0.48152034373523639
  0.49694915061801859  0.50786594895670745  0.51659254979104585  0.52499166251936558
  0.53364170005831135  0.54195374105908056  0.55024712000507969  0.55881388465756199
  0.56745656524795118  0.57657623121300172  0.58602349711179180  0.59585147264519700
  0.60545136779772579  0.61474061847864314  0.62438790722436011  0.63527748311690146
  0.64778338129831048  0.66184444718621616  0.67614699001216871  0.68838497305353441
  0.70031679176523520  0.71214166875161655  0.72325328450366821  0.73280676449015891
  0.74143847724728640  0.74994772323871939  0.75866228049386131  0.76721288260132958
  0.77614657555712696  0.78712044817105165  0.79926768614591037  0.81172414179527352
  0.82412724719072994  0.83707173004094970  0.84972320786855549  0.85961217693939318
  0.86672021145370237  0.87492866144405734  0.88207262024028665  0.88906762190016075
  0.89643317531987343  0.90382502876116066  0.91137592432491188  0.92070752588166604
  0.93437592192868923  0.94584468223904961  0.95507523679173145  0.96548724859209645
  0.97599866897840526  0.98494533260129968  0.99262901580257279  1.00000000000000000
 -0.00004203008008707  0.00097355850935276  0.00344970521379279  0.00656851471155239
  0.01149147125245851  0.01659455647811334  0.02158277329963134  0.02718834013967690
  0.03346061110934997  0.04084024705889190  0.04879153754612656  0.05747736164476028
  0.06704458662756929  0.07668040663483093  0.08622905315651125  0.09552488129478497
  0.10390197649932795  0.11086461239092138  0.11689930165119622  0.12301790183257480
  0.12955189232843881  0.13793954578889023  0.14734564050686352  0.15816820796009062
  0.16919861256711230  0.17908936765821848  0.18860796437398275  0.19777996479270560
  0.20694655937144393  0.21670412108942400  0.22750273779529651  0.23863635139571676
  0.24963339975477436  0.26115501244942219  0.27262767374667080  0.28362948933058635
  0.29521791910810796  0.30710735749477591  0.31933984846276103  0.33193105775404436
  0.34501697465676268  0.35864325817725023  0.37223378153379927  0.38472899066639987
  0.39677431702145305  0.40881920334557403  0.41903699092571839  0.42866799585268173
  0.43785736388270563  0.44658078228243192  0.45584794874075429  0.46511879108771093
  0.47346289057580476  0.48223395550765613  0.49205672008745682  0.50098559570420931
  0.50994861425957316  0.51890752079995950  0.52801213868828067  0.53812885546507927
  0.54823851568706794  0.55765677954870208  0.56700813660340965  0.57640987477372252
  0.58599079030561974  0.59608207691504478  0.60696753480397292  0.61815140802347646
  0.62928088520802283  0.63988973318678566  0.65021573719452053  0.66002329661253112
  0.67017658184970630  0.68252330717037235  0.69590107877529639  0.71012674569247625
  0.72654705510506346  0.74350167487062369  0.76040539892508652  0.77692549504032626
  0.78902900798205700  0.80216825243128664  0.81554552489305987  0.82885035466765911
  0.84232332882517302  0.85659761260557654  0.87163638398600352  0.88548263089857338
  0.89877698004602025  0.91263044111595260  0.92674794392990134  0.94082185356834036
  0.95492037267265328  0.96929561206141157  0.98422408532662131  1.00000000000000000
 -0.00351108407032077  0.01069730615628212  0.02347108556256130  0.03524952704918996
  0.04597762719355161  0.05527226807346180  0.06351065181915241  0.07112409081320958
  0.07800777430015383  0.08515054280832858  0.09200720934438246  0.10011714261074688
  0.11014624275569383  0.12125493590472196  0.13293355928312148  0.14503561621438971
  0.15771022062986054  0.17049442130202558  0.18234888257760051  0.19504545293949838
  0.20836145586040800  0.21521063353692407  0.22255772858385534  0.22932967249560299
  0.23572114307273101  0.24294068011376577  0.24967230868879325  0.25658836777537813
  0.26367048311226976  0.27009303750428476  0.27807117244306040  0.28772070836623526
  0.29892186487354766  0.31185492050401148  0.32586713529707545  0.34044048147835781
  0.35575911051020787  0.37061159673817767  0.38434266848489695  0.39712859518012678
  0.40955230843757945  0.42100229371576198  0.43156214895604506  0.44225336217421635
  0.45385492885112894  0.46658061703025944  0.47896521035631090  0.48912264088537244
  0.49802258730889820  0.50555750313471948  0.51306892357424649  0.52192891139683106
  0.53012980546757149  0.53724337659894850  0.54453623900938586  0.55202891048061487
  0.55925287382637556  0.56736811894458816  0.57700079193453024  0.58706635014264474
  0.59814829131779479  0.60834294700602010  0.61805115201098793  0.62809147916944985
  0.63776700177811763  0.65004842868057566  0.66301686557168593  0.67499113711360337
  0.68653176663800175  0.69830182782524253  0.71037856440871239  0.72141725632950671
  0.73179881043459372  0.74321710132442309  0.75438946993921108  0.76499932336720367
  0.77684851756249373  0.78995448705943871  0.80341206225953588  0.81581250200545141
  0.82810514590795614  0.84062402923685475  0.85271638273944328  0.86393944810034495
  0.87473775140685961  0.88489438016961897  0.89442712912706723  0.90399453107292671
  0.91415750145733421  0.92493957006275052  0.93581537260896897  0.94696124987805863
  0.95859299996627279  0.97056677894693533  0.98344435071895997  1.00000000000000000
 -0.00275765474415547  0.00998088313635703  0.02202086374037817  0.03321499449363443
  0.04320748206400710  0.05164095632263130  0.05890458388616163  0.06616909584908552
  0.07342186164719459  0.08108376637681095  0.08908855572619850  0.09732492381661491
  0.10592840525174035  0.11527838411024532  0.12505817327163563  0.13524549650744078
  0.14585320404953231  0.15831218783801371  0.17001873242297971  0.18229349180379878
  0.19521442412367215  0.20689703786730507  0.21515574145940330  0.22298894610742903
  0.22941798888105483  0.23628037215522038  0.24408075286411338  0.25213320622140611
  0.26079807483250089  0.26875391965782763  0.27813150560306577  0.28957336057584504
  0.30204035767039134  0.31401877684146640  0.32614001223283468  0.33933318278341096
  0.35308929360422092  0.36719035321807675  0.38218035552731311  0.39786906630377039
  0.40878830946286610  0.42084037218293907  0.43366449431739734  0.44595572071144063
  0.45749587998276836  0.47044112770236468  0.48421539610433917  0.49782636336481517
  0.51232469595067609  0.52758934675475111  0.54123562179431794  0.55262514887253622
  0.56485749641327077  0.57803135248133564  0.59064467898764994  0.60330812109217158
  0.61760418657805838  0.63000703007922054  0.63937559894972595  0.64893575132483139
  0.65894956577796715  0.66912123387970579  0.67897738133885832  0.68810510416960058
  0.69840730176154642  0.70963805398253199  0.72140033053192898  0.73515363087375518
  0.74855584030769018  0.76019747979343311  0.77106155428706280  0.78155872985184716
  0.79167108901864003  0.80200580426215529  0.81285726260808200  0.82414546463967076
  0.83589301938233651  0.84763747608324291  0.85856203341943760  0.86826032591077507
  0.87757332232314578  0.88704822564469432  0.89620898491070877  0.90409044556445028
  0.91129298800470948  0.91989140667184766  0.92819456640691744  0.93619464993750257
  0.94384285714888805  0.95126908322533132  0.95847609438675307  0.96530823860783921
  0.97193922783856157  0.97954651000299042  0.98970985553970370  1.00000000000000000
 -0.00453202989600681  0.01298856545981679  0.02763612689696270  0.04025328646315406
  0.05150295901551288  0.06186216070133951  0.07163459437785932  0.08116656735230768
  0.08976663488519798  0.09810025809455487  0.10746513020656442  0.11778524490189918
  0.12834170803369202  0.13976067466538294  0.15126307202676126  0.16253621605200602
  0.17379021485376334  0.18473373078806510  0.19525074556583932  0.20529950279775361
  0.21385776428776335  0.22183108760339251  0.23046422172233577  0.23810878679096192
  0.24525627328059726  0.25235529193301892  0.26142451150355733  0.27152211216136923
  0.28570052645275296  0.29795746058714684  0.30969063197952018  0.32104035878301529
  0.33198060222081593  0.34197186874607949  0.35093607242862918  0.35976652494776540
  0.36868238335424547  0.37841362992736038  0.38908282158143137  0.40062534723597315
  0.41152766846165817  0.42139971201248994  0.42972149884890914  0.43776649281206459
  0.44641809968116286  0.45558451504986169  0.46440203223198240  0.47291755621904780
  0.48257124069162527  0.49372743756662291  0.50588661211187813  0.51815582894685841
  0.52642061470581147  0.53350393240918692  0.54142016427127315  0.55125559297449600
  0.56140778666293767  0.57169369006324788  0.58006571915442706  0.59092792494916080
  0.60280987045282708  0.61426860792307592  0.62550100678958986  0.63708009689651290
  0.64877575042365232  0.66023770857811459  0.67199521946318752  0.68437519666225299
  0.69636768196010557  0.70755482366189704  0.71922907629865362  0.73090040350231522
  0.74154222389214530  0.75175651881454786  0.76173381173089516  0.77243437634207690
  0.78427689292737524  0.79719992248747773  0.81034670746560444  0.82265351812291143
  0.83312911884000318  0.84077317845846489  0.84849390269750991  0.85627695976675045
  0.86387675362248073  0.87226241582160202  0.88113877008001396  0.88925188981115699
  0.90039983134012447  0.91518424088962880  0.93041437628978696  0.94517438365597850
  0.95962544925267124  0.97330110772841505  0.98697985800763977  1.00000000000000000
 -0.04744169486195469  0.82902099746563274  0.91320051291155635  0.94395899323826038
  0.95899729260386957  0.96375598875154989  0.96797830244597416  0.97158607020783272
  0.97463102339839702  0.97740755500418597  0.97970105835144050  0.98156211289475070
  0.98328938058562931  0.98477371206574393  0.98612334789901834  0.98727812767401801
  0.98830970900232085  0.98926113035191376  0.99012039160092102  0.99089508286939965
  0.99159290380894194  0.99222032120666870  0.99279382968417529  0.99331168894417832
  0.99377482987287347  0.99420308869273755  0.99458807848925401  0.99494052627765595
  0.99526101389195565  0.99554882046260829  0.99582537630650270  0.99607009049872552
  0.99630727815927056  0.99652467346463158  0.99672565431711890  0.99691083154639193
  0.99708725896909045  0.99724547019948540  0.99738551425504673  0.99751405543955385
  0.99763670644521074  0.99775501997456650  0.99786893616398153  0.99796556664101854
  0.99805772370057944  0.99814543458376115  0.99822943022579758  0.99831046992640515
  0.99838873670443573  0.99846346536160790  0.99853327612698906  0.99860065576760704
  0.99865858796486173  0.99870903353852292  0.99875739263651930  0.99880590565175675
  0.99885160210440826  0.99889586894392612  0.99893829079212204  0.99897932716173443
  0.99901957715417289  0.99905858011443760  0.99909689983476957  0.99913487571529047
  0.99917254371998454  0.99920950217662474  0.99924562927962091  0.99928006587623130
  0.99931232663936997  0.99934084565334025  0.99936863277229071  0.99939569953380025
  0.99942175951084411  0.99944743167598848  0.99947294527688391  0.99949833892774864
  0.99952347977774392  0.99954785440393223  0.99957152961931428  0.99959483214114964
  0.99961712564735605  0.99963866916241595  0.99966020045060511  0.99968151105409364
  0.99970262982045899  0.99972353520807855  0.99974425362669150  0.99976483866677091
  0.99978637852686769  0.99980771635926879  0.99982884555905271  0.99985331741327610
  0.99987980562988121  0.99990918332478718  0.99994977280815800  1.00000000000000000
 -0.01992165677382941  0.12837851474312553  0.18153531798635422  0.21705488378974042
  0.24774200551234513  0.27300604375874626  0.29256285202607935  0.31072703589753581
  0.32809767229251274  0.34517970005113591  0.36206855787222941  0.37791573739146361
  0.39238204632314427  0.40531734156449162  0.41698253847468653  0.42747839929765202
  0.43735373412219053  0.44709404815990278  0.45674254786831636  0.46608187968172549
  0.47514469297275813  0.48407506278501228  0.49262393812268640  0.50018343805467336
  0.50669658580481980  0.51275213408295306  0.51888550777739129  0.52501121755951463
  0.53068767441524656  0.53595157914679137  0.54122871016398288  0.54592565189710884
  0.55071216030945391  0.55495534620341636  0.55907645630499769  0.56359220947909205
  0.56768304559904359  0.57301533580562536  0.57855441557242038  0.58405532994193643
  0.58939906448392199  0.59454214318210119  0.59958451102290167  0.60476302643346924
  0.61023130116428492  0.61551210165123882  0.62079049089966154  0.62614098181525024
  0.63155496057927185  0.63715574110560591  0.64296058629533759  0.64882662680009551
  0.65472747226385375  0.66057789632834207  0.66670124128311681  0.67309592775749183
  0.67975845048437322  0.68683926987082256  0.69246157066895175  0.69788287741966148
  0.70314739828670536  0.70810298922369774  0.71266115214228132  0.71695367798313903
  0.72082516419172704  0.72445164106002402  0.72800135670990329  0.73156509381517443
  0.73511157463177967  0.73893466197758384  0.74330786560550866  0.74744502621304421
  0.75124827378480863  0.75503813214682103  0.75928227912600588  0.76353728377082652
  0.76739238376678054  0.77162723592241844  0.77678772256451090  0.78248174659520064
  0.78828081962276519  0.79399008987071351  0.79968867259798204  0.80553125959881655
  0.81161826095289347  0.81920300604641794  0.82798187636219678  0.83510974085041112
  0.84179007823343888  0.85002935011975178  0.85920378153142141  0.86810071012521794
  0.87851114661240182  0.89267149068927354  0.92314009602607527  1.00000000000000000
   8.5645708512001487E-009  -1.0000000000000000     
 T T F F F F T T F F F F F F F F F F F F F F F F T T F F F F T T T T F F F F T T F F F F F F F F F F F F F F F F T T F F F F T T
  <DiscreteSampler_grid>
  grouped_processes
  1 # 1 for a reference and 2 for a running grid.
  10 # Attribute 'min_bin_probing_points' of the grid.
  1 # Attribute 'grid_mode' of the grid. 1=='default',2=='initialization'
  0.0000000000000000 # Attribute 'small_contrib_threshold' of the grid.
  0.5000000000000000 # Attribute 'damping_power' of the grid.
 # binID   n_entries weight   weight_sqr   abs_weight
    13   10   2.275876216224622E+000   3.612388379317662E+001   2.275876216224622E+000
    14   10   2.275876216224625E+000   3.612388379317674E+001   2.275876216224625E+000
    16   10   6.596475913615496E-001   3.036882890728463E+000   6.596475913615496E-001
    17   10   6.596475913615503E-001   3.036882890728471E+000   6.596475913615503E-001
  </DiscreteSampler_grid>
