 -0.00008044114792371  0.01878813857867684  0.03296456902632788  0.04443157657459239
  0.05506941594219287  0.06555514563520538  0.07656100461939350  0.08881677509973906
  0.10110238710240141  0.11109090298392291  0.11961427593409242  0.12873446538607952
  0.13794546329872040  0.14607997511840307  0.15389913695619892  0.16237456719326160
  0.17323724841724333  0.18548465500767689  0.19701779826524177  0.20723865804604408
  0.21684848240455104  0.22703246980530334  0.23747378651176521  0.24776950413886298
  0.25768095686225995  0.26807395641565229  0.27933026176857395  0.29130428883482284
  0.30276549191268254  0.31402124083480226  0.32488081528195439  0.33532956717410167
  0.34596608971968079  0.35594825287079762  0.36605256737906050  0.37575035492782688
  0.38481904069356693  0.39439158378815703  0.40460255076134743  0.41596001162448049
  0.42680662344647929  0.43659871364263186  0.44685703223852752  0.45702822784741903
  0.46729575599071849  0.47808354760894722  0.48962454878872663  0.50124890036913627
  0.51150600898243348  0.52078116793207385  0.52923507496140199  0.53835227945338116
  0.54793969654509667  0.55787182563075266  0.56742414578913514  0.57603406961168380
  0.58439182137665224  0.59260057943995526  0.60167009802324023  0.61188163938362639
  0.62252861519125147  0.63355345881542013  0.64474164382154353  0.65512703627696189
  0.66790963824750504  0.68045747560991754  0.69328211167360099  0.70574002890861187
  0.71763846395271991  0.72917183276602715  0.74027065552310956  0.75113221322875989
  0.76201558699249872  0.77258988757326630  0.78271090209590999  0.79292862261360608
  0.80371988221675561  0.81481151838480059  0.82545931998395305  0.83728831349331645
  0.85004593333449741  0.86034719831626649  0.86836260778096930  0.87601461085973686
  0.88454550814753952  0.89392565933273915  0.90218598535393046  0.91004897627765258
  0.91947966499424938  0.93157893407333037  0.94388012069296390  0.95560427562468442
  0.96597210901052266  0.97594710412051955  0.98684700508328815  1.00000000000000000
 -0.00003612065362393  0.00084623437376099  0.00287543106587278  0.00591437182917562
  0.00912128651216444  0.01335517206603836  0.01825895316026380  0.02291958613400929
  0.02817670915943204  0.03482442109522235  0.04078741164632485  0.04666678166815854
  0.05241914256331569  0.05873755918650781  0.06529657012270591  0.07217791604273179
  0.07973256128506574  0.08753350162040964  0.09495049201844644  0.10300195123922490
  0.11217760913793814  0.12064122504805198  0.12905538611681397  0.13735844913299516
  0.14527809303263764  0.15294436562202171  0.16025396454751839  0.16729097346766322
  0.17424021737877607  0.18191163493266885  0.18999244107638524  0.19859192243461130
  0.20754231875469675  0.21613326269790473  0.22439921014006176  0.23255963509974661
  0.24054923322745111  0.24841660402699139  0.25884251125717511  0.27007170741335773
  0.28072585163702052  0.29129366386767125  0.30249307301151762  0.31448741516942491
  0.32667892059520337  0.33794679647964698  0.34921927955007742  0.36064551488425312
  0.37202498099929038  0.38294932136741877  0.39388443185631239  0.40523916898588336
  0.41726444380832767  0.42972875046138692  0.44171342693630411  0.45273813515082012
  0.46393022424233932  0.47571262770081202  0.48874560672566825  0.50162490009434990
  0.51446442219239719  0.52720633361471791  0.53991990465221151  0.55286118084767710
  0.56637086716492668  0.58036864012891698  0.59449681870654036  0.60734474620676315
  0.61953384716796878  0.63160848407873904  0.64379719133296864  0.65638420853417667
  0.66954841763713724  0.68332434836660472  0.69735588600094334  0.71263453129312615
  0.72810120956706514  0.74210562642760591  0.75569530095966297  0.76904696424588526
  0.78252729231748130  0.79611593825336524  0.80970994387823814  0.82329487018789949
  0.83695688256190548  0.85098967867930508  0.86447594247597548  0.87785371964747283
  0.89169070680142481  0.90634572864343710  0.92198007986596331  0.93826401190065634
  0.95402254257952568  0.96948804010454304  0.98486139069350920  1.00000000000000000
 -0.00359763187102983  0.01093326340662112  0.02545770110464780  0.04021419694492528
  0.05521257330418301  0.06983347765547272  0.08267461835962385  0.09253695977894344
  0.10138193372997036  0.11132627120792722  0.12304416004981125  0.13352098542457250
  0.14365840406993338  0.15343216822916453  0.16300100976556317  0.17262547462634181
  0.18239342158956412  0.19145144511425505  0.19975601479719909  0.20848800593700864
  0.21894579954689253  0.23144211841274673  0.24448334308803968  0.25672723459047769
  0.26814681442360694  0.27917714059675069  0.28975146794234885  0.29947775688132139
  0.30863524649633883  0.31861503437099470  0.32999416446500773  0.34243184693138273
  0.35504244561076703  0.36890816980060676  0.38273903528880693  0.39694611194764712
  0.41122667484307646  0.42449615548066544  0.43606933847360752  0.44586513571664615
  0.45484060794441489  0.46401178344540833  0.47377409837188217  0.48450396897623077
  0.49526284391574338  0.50546304632674410  0.51546479686032665  0.52570574383058111
  0.53646502295178189  0.54794936521440685  0.56013698315248361  0.57318873061341813
  0.58448881021610255  0.59241744164660370  0.59985399364395853  0.60794461421704926
  0.61714426462669458  0.62712146021835458  0.63589920025376623  0.64405226027926032
  0.65342293773163818  0.66392989870403818  0.67302521383914504  0.68169590533268620
  0.69077534545982544  0.69959836332953007  0.70781090113493161  0.71606535353369172
  0.72494083070803705  0.73558119528737098  0.74684691071338605  0.75644652441701032
  0.76517002389648037  0.77396707987519897  0.78255046389897986  0.79115634655252876
  0.79994763951508074  0.80847809136870308  0.81910053102390379  0.83111357150757326
  0.84286424188280529  0.85477463871934667  0.86625218888869981  0.87704851761313241
  0.88611148456810918  0.89524604612110614  0.90526972721682308  0.91599804728438694
  0.92653993888903186  0.93762948597333895  0.95065200218364954  0.96164980642729914
  0.97155119694046654  0.98106399402796984  0.99009834886637293  1.00000000000000000
 -0.00171096645902472  0.00898529822416501  0.01703770950169378  0.02502899480799639
  0.03340134750805317  0.04222977468888057  0.05167125917755898  0.06218231108530791
  0.07392527546986237  0.08638690872454827  0.09853393468507690  0.11058808723608564
  0.12191623161613578  0.13244469978923246  0.14327926495657389  0.15377053379103733
  0.16412342461808135  0.17444705289385101  0.18505239269273757  0.19533066847751626
  0.20536990953425094  0.21549795371225144  0.22508745009422415  0.23662151003516019
  0.24853968107199734  0.26118804874782325  0.27395468601893763  0.28846422001713018
  0.30300187363470932  0.31567127247646437  0.32666041807773916  0.33717442323938884
  0.34662826083439807  0.35578985132389207  0.36512088279568439  0.37443739223129396
  0.38455033289878737  0.39562055845750238  0.40656318789352874  0.41781299833710550
  0.42841987500729639  0.43897474148339793  0.44932086761642243  0.46107513812255380
  0.47479426375417993  0.48836854658192702  0.50124014432169006  0.51391311127110595
  0.52699566806438625  0.53971383059473432  0.55151548382113591  0.56390662791727630
  0.57538689501974905  0.58718236691236414  0.59945397985560001  0.61323159768144986
  0.62736889926779871  0.63932130731117531  0.65127537616364595  0.66334770291372136
  0.67497386476024968  0.68701695759985604  0.69943718209870420  0.71208831238235182
  0.72435738660535010  0.73565179177990869  0.74592187101156104  0.75612976708397905
  0.76598923749418846  0.77541314314509413  0.78386827319106911  0.79290250196986389
  0.80177829523008548  0.81207680063866305  0.82236081104744718  0.83259127276048106
  0.84210396402978882  0.85113823184914350  0.86013410029771620  0.86887159297551086
  0.87750397327541529  0.88693393289562072  0.89693337200186052  0.90575069145638565
  0.91441896585324534  0.92170899570125764  0.92850122766856746  0.93560387716840954
  0.94229909274382551  0.94925643749989053  0.95711604940463790  0.96547248918292361
  0.97381879214575573  0.98213439676489411  0.99121480933814066  1.00000000000000000
 -0.00323789808123119  0.01033139354693959  0.02386169075735083  0.03805390562775129
  0.05221503435369392  0.06504572598782388  0.07560160217834305  0.08507351774157099
  0.09496505630880755  0.10535751035258584  0.11662779541137873  0.12815948700877811
  0.13961995044498929  0.15072211537907901  0.16144160325974347  0.17230746058631391
  0.18320797937539868  0.19355066145059077  0.20253218780557092  0.21131209565889550
  0.22006490333252357  0.22908260254631183  0.23879932733841278  0.24951797099685788
  0.26149076826094070  0.27289020877543441  0.28250528314067702  0.29191959867118855
  0.30171688013051506  0.31146577505452716  0.32081991540456595  0.32995853785328705
  0.34017524996550069  0.35190626823571997  0.36363016595555592  0.37486520181359390
  0.38591284234279755  0.39642119722783764  0.40603266428111029  0.41541677741678762
  0.42484087991560149  0.43393923254122346  0.44238585609647280  0.45114588948846684
  0.46185756533672334  0.47386131925893693  0.48392689096148056  0.49393462042145048
  0.50316745424500098  0.51107160665048645  0.51871342020032685  0.52625671533488105
  0.53378246257464701  0.54144044738919517  0.54994232513987029  0.55841725973305223
  0.56788029060078071  0.57870030647190807  0.58944926432600719  0.59946001064943066
  0.60906665960822681  0.61864801055229868  0.62854659457990225  0.63810757127407602
  0.64805583928827049  0.65939581685679827  0.67107750710551417  0.68187677245266298
  0.69270911668781809  0.70187172098020656  0.71162279846439780  0.72129330160166694
  0.73213553082518890  0.74498677469290364  0.75702493536070259  0.76782177135365193
  0.77870391438194553  0.79001725317069060  0.80243069230958353  0.81610650231665449
  0.83011996646527630  0.84400181059202684  0.85790569205126466  0.87169296439584332
  0.88397165397241151  0.89310187534935037  0.90217821418796107  0.91098341266581362
  0.92006288310180484  0.92998821535701326  0.94090304405865055  0.95307262168050932
  0.96550543803249944  0.97665487575860799  0.98854271104293046  1.00000000000000000
 -0.09615561446710164  0.83096581916789736  0.90641149380481989  0.93692651945650784
  0.95390791866720792  0.96147012931482434  0.96570124811592506  0.96933595843836617
  0.97248109070763422  0.97535080695026466  0.97790485831922958  0.98001174761878518
  0.98175871267640247  0.98333529014165932  0.98475360388312150  0.98601579826205177
  0.98715581650410433  0.98819269141008859  0.98910663775324059  0.98994636142644976
  0.99072031305294084  0.99139666413864058  0.99199424733527874  0.99254370660092739
  0.99304441879392480  0.99350480072987213  0.99392217702819663  0.99429899725696702
  0.99465019867486271  0.99497942281130003  0.99529069393874836  0.99558913012864214
  0.99586378944474474  0.99610557654905241  0.99632889576473460  0.99653512749835904
  0.99672249766623400  0.99689450977009331  0.99706115036472509  0.99721687845215912
  0.99735922722438142  0.99748332056640021  0.99760383447911627  0.99772060523621264
  0.99783283946577517  0.99793662384854775  0.99803044719283851  0.99811656855898145
  0.99819962883221292  0.99828117848649656  0.99835847142227274  0.99843374598863621
  0.99850807784396167  0.99858042084588883  0.99863916917364159  0.99869335563081574
  0.99874518614181795  0.99879547771881927  0.99884468385652581  0.99889267650921165
  0.99893803058833197  0.99898205561093756  0.99902496503992688  0.99906643208235513
  0.99910731761449811  0.99914647482329966  0.99918383127844779  0.99922026144430276
  0.99925494099110324  0.99928857052206621  0.99932149564581874  0.99935171588045490
  0.99938056319431634  0.99940814049124305  0.99943537603336186  0.99946186297288364
  0.99948762954187742  0.99951316229642484  0.99953784331332907  0.99956178863778000
  0.99958544538507621  0.99960886395082826  0.99963205428954904  0.99965483769116970
  0.99967750973975078  0.99970004295311066  0.99972265357353751  0.99974535822470612
  0.99976830098964675  0.99979128910261161  0.99981464262503550  0.99984293625141585
  0.99987262782669251  0.99990516846111721  0.99994815807096948  1.00000000000000000
 -0.02220461311855280  0.12612358730512063  0.18485767575729298  0.22473205168606389
  0.25734586884626498  0.28286200752836343  0.30377297883225457  0.32329414544252288
  0.34026882615063303  0.35527536290853978  0.36901588589472184  0.38214318860756719
  0.39502910924686074  0.40758416135306819  0.41918310776811418  0.42837840534162425
  0.43686411533910291  0.44302975104969305  0.44879363596392208  0.45524216116821342
  0.46174731550952808  0.46780413864891190  0.47368990767157992  0.47930821909038523
  0.48459542767071051  0.48991772976716741  0.49543668936656055  0.50082041234441332
  0.50640204004587697  0.51149471507798194  0.51614012389539965  0.52087350263747956
  0.52611288840019221  0.53167853574360779  0.53758434965840085  0.54355782039095502
  0.54951172816673155  0.55514303571816748  0.56058689979062970  0.56620577134541694
  0.57202677840989580  0.57781260763287678  0.58346643556964584  0.58910325624300974
  0.59467553915853044  0.60011650496508284  0.60537332101786245  0.61040892736879027
  0.61514607499301355  0.62037019189678755  0.62595812771835302  0.63125067761666509
  0.63624596662229704  0.64100632211986808  0.64558779544338707  0.65016087403079104
  0.65476757881402370  0.65934931623671533  0.66403448038781898  0.66900087347225756
  0.67420684888994786  0.67963322035607354  0.68498111271080087  0.69016053204504213
  0.69533059340752845  0.70057564244088943  0.70600104530276975  0.71152041425879853
  0.71683784669575645  0.72204968848910833  0.72721589549677312  0.73227794475183161
  0.73749248903574560  0.74302861812823107  0.74864666156830040  0.75427692132912327
  0.75995558799525653  0.76501243727611035  0.77002496294940248  0.77493420490627773
  0.77979290255281275  0.78489621200795645  0.79050901887985792  0.79767635830639128
  0.80592630026132539  0.81455444599895066  0.82380919320322199  0.83358222231188073
  0.84325568578781629  0.85309272763787392  0.86304103271428778  0.87294257236181061
  0.88481175799641076  0.90004430990808482  0.92234998201222118  1.00000000000000000
   7.7146098171204018E-010  -1.0000000000000000     
 T T F F F F T T F F F F F F F F F F F F F F F F T T F F F F T T T T F F F F T T F F F F F F F F F F F F F F F F T T F F F F T T
  <DiscreteSampler_grid>
  grouped_processes
  1 # 1 for a reference and 2 for a running grid.
  10 # Attribute 'min_bin_probing_points' of the grid.
  1 # Attribute 'grid_mode' of the grid. 1=='default',2=='initialization'
  0.0000000000000000 # Attribute 'small_contrib_threshold' of the grid.
  0.5000000000000000 # Attribute 'damping_power' of the grid.
 # binID   n_entries weight   weight_sqr   abs_weight
    13   10   3.193948484181387E+001   9.406542582443075E+003   3.193948484181387E+001
    14   10   3.193948484181409E+001   9.406542582443208E+003   3.193948484181409E+001
    16   10   4.850150788820580E+001   2.169151275510278E+004   4.850150788820580E+001
    17   10   4.850150788820612E+001   2.169151275510308E+004   4.850150788820612E+001
  </DiscreteSampler_grid>
