  0.00241879193070911  0.01268068221280239  0.02419063763181392  0.03570432099342860
  0.04760169651943268  0.06003869769401173  0.07285811915364991  0.08594314045244980
  0.09883425870366822  0.10924964064829752  0.11720951234039002  0.12709930417042845
  0.13656976456502121  0.14516198267068586  0.15269208688798919  0.16110090001923058
  0.16944978345937753  0.17909413387161885  0.18891017027283916  0.19899849199567801
  0.20865415019775166  0.21844369300251135  0.22785740220917902  0.23593545313423586
  0.24396099516440348  0.25195354768211115  0.25993518673525784  0.26740531249246779
  0.27439891341892697  0.28140020819787098  0.28974664315430615  0.29859332444145392
  0.30877655152876576  0.31856827996149423  0.32785060651764664  0.33644522956095896
  0.34559485542136054  0.35640377300607928  0.36950323180039640  0.38317995185029557
  0.39637982406270411  0.40880334860708462  0.41994997057591216  0.43135678489982104
  0.44302480505145292  0.45433099810667493  0.46716617447138575  0.48021756230837342
  0.49307010499347503  0.50549112999881574  0.51733672742203063  0.52934286962809141
  0.54193793589864170  0.55400427001915487  0.56520471113551496  0.57695640967562245
  0.58896625197465491  0.60237156358781219  0.61498423085499188  0.62643416186416367
  0.63837972176778046  0.65003969811823570  0.66085290581010314  0.67165215046062454
  0.68273885348747998  0.69387215693807980  0.70480915625332907  0.71544009545791554
  0.72575516416182029  0.73536339533034856  0.74553859987688331  0.75630511731718097
  0.76600514327370517  0.77445603233577154  0.78261902507193704  0.79097418866997715
  0.79943097771532501  0.80816855515938657  0.81748478220853316  0.82740572427303805
  0.83745285147950388  0.84972100685652119  0.86334750159358320  0.87492808310921344
  0.88372834904037501  0.89215450325377899  0.90131303132499696  0.91165461269856407
  0.92144390436746748  0.93050415234071981  0.93994304731590550  0.95115228036450783
  0.96325252955219332  0.97474566307051058  0.98655248994038236  1.00000000000000000
 -0.00003939146878014  0.00098976294280852  0.00345262665681350  0.00725746871309554
  0.01112206454891974  0.01601927472260120  0.02317138989634258  0.03044135109348750
  0.03762000244416355  0.04435305987220533  0.05154014303458760  0.05949414330268235
  0.06833655391700399  0.07708018299706187  0.08440259859613999  0.09178192982215407
  0.10006724476747084  0.10883025166136286  0.11849684878281944  0.12963166420074557
  0.14135438284872121  0.15188981910201899  0.16131917809620269  0.17045279090928445
  0.17896198285020595  0.18735874331988042  0.19503390277730442  0.20288319818104389
  0.21106286760067686  0.21848604858061849  0.22572085279386930  0.23331248604318960
  0.24163459831759157  0.25016667845011159  0.25892630087041291  0.26748993952378125
  0.27615398372689348  0.28578712890091562  0.29605397770040826  0.30688580829947676
  0.31868787440236435  0.33102012764948596  0.34339146541391730  0.35575692241073581
  0.36816561650566176  0.38379524727380582  0.39845965437954572  0.41153537771920090
  0.42230900025094942  0.43200555652149220  0.44189722794866082  0.45117313042922302
  0.46038197966033884  0.46957386102896304  0.47852103564752485  0.48747579750468278
  0.49676588363781737  0.50665605940962111  0.51713308979960060  0.52744991400565455
  0.53751734892002512  0.54737731746751750  0.55719321851706960  0.56725957570514662
  0.57742537752546241  0.58783392488285102  0.59843271687606392  0.60959173777209752
  0.62110566727813066  0.63313652032558132  0.64550874489314047  0.65781189088532599
  0.67040243297427815  0.68299552579530476  0.69564802407362991  0.70866763228715346
  0.72168510061689706  0.73470661139498450  0.74763466932865064  0.75989246368909114
  0.77320473783241328  0.78792878440495118  0.80336328696171300  0.81837353346562469
  0.83193659287432975  0.84586057088772304  0.86010889779495669  0.87456882004481640
  0.88906998383773694  0.90340080341706130  0.91873469542962460  0.93534574731508446
  0.95173827832088109  0.96793155743593373  0.98405352754946307  1.00000000000000000
 -0.00226042805822838  0.00882051021818139  0.01921075818350000  0.02904897497743709
  0.03812844881025985  0.04761001499214448  0.05813284632351456  0.07078390360547608
  0.08459845752958663  0.09821949725535566  0.11137918371678443  0.12495601388307019
  0.13759008372608214  0.14882983031998270  0.16049580282944326  0.17257768189834716
  0.18519279976507780  0.19870736083240065  0.21122028260109849  0.22121908409805408
  0.22914417456164693  0.23598792667408250  0.24322544833370469  0.25199014119107677
  0.26103035116492768  0.26999267564905483  0.27861161006971247  0.28775814337511185
  0.29880526287735587  0.31103730224349230  0.32285667559172848  0.33403596421757381
  0.34504288096356772  0.35561876424613015  0.36541395737109966  0.37479880994464759
  0.38414041962001322  0.39412092141621563  0.40541629307413446  0.41788095866840475
  0.43084258912224588  0.44377215438312079  0.45518518703870936  0.46288552393552529
  0.46887893141491083  0.47535021977641995  0.48323603926814973  0.49193122575163928
  0.50039995054616981  0.50923852879710974  0.51791856832644412  0.52854552579288328
  0.54266205176267956  0.55524603944369810  0.56825737283812405  0.58241344174737641
  0.59723165783047261  0.60995867784075886  0.62080748039680189  0.63163055259811318
  0.64208902044959681  0.65288353380333508  0.66355402576476896  0.67345876161562512
  0.68242501226128072  0.69097967211421696  0.69930212498456168  0.70757195394911809
  0.71585679951831238  0.72470598429005728  0.73350843252770859  0.74299063136298993
  0.75319274804501091  0.76271470328938851  0.77312649318911975  0.78513163682955567
  0.79658750327446959  0.80842909004777963  0.82192760365583972  0.83431429696815607
  0.84358048524857032  0.85207361946853943  0.86074967680188019  0.86953474185866808
  0.87762553061530058  0.88547606630989739  0.89398903153536990  0.90350700087390701
  0.91387765670910381  0.92610803175106182  0.93870986938602985  0.95118105249862439
  0.96358205545761799  0.97580327349624363  0.98796100184992086  1.00000000000000000
 -0.00042117699172812  0.00459120231780347  0.01010851726756819  0.01593512642007512
  0.02114344369925254  0.02656575296791898  0.03277658707610032  0.03875494052549244
  0.04702117024138151  0.05774783996618262  0.06821775342021692  0.07722408262543977
  0.08539279506719757  0.09357363840282582  0.10176545807222305  0.11025800153720043
  0.11960390464312674  0.12877232199014177  0.13899296487727461  0.15010680816757199
  0.16008530773840021  0.16949121689301722  0.17848603926303902  0.18846168977734407
  0.19985056722751054  0.21164373631265038  0.22347283232369083  0.23548674291683169
  0.24706513654893925  0.25713658393141148  0.26676473541094486  0.27712346662169707
  0.28696205094467542  0.29612073344064521  0.30472079853737299  0.31710094842015485
  0.33354037279374837  0.34937514723592450  0.36437652641469498  0.37926723191060002
  0.39408600017675488  0.40990445169859180  0.42565787608389666  0.44088213331311576
  0.45698263188102861  0.47420681766488748  0.49132010577412444  0.50675548114581370
  0.51999566490227900  0.53257113098315267  0.54521966370769470  0.55875308026574810
  0.57254875890747770  0.58705867361649078  0.59782202849383648  0.60909293431010048
  0.61944781482302669  0.63033533295049471  0.64223294234494810  0.65515896472718393
  0.66905704824254519  0.68280741950483159  0.69625053258266845  0.70960066475203065
  0.72277233822125742  0.73583930270910014  0.74842538266558645  0.75969377972558005
  0.76966119096737728  0.77819278096194522  0.78582787694430378  0.79358620597737417
  0.80227793968439320  0.81097055970061682  0.82282191764622603  0.83619410040927322
  0.84757319378070028  0.85765046422253155  0.86643309129915191  0.87612634214484508
  0.88663701688180574  0.89573539428468263  0.90303664283448815  0.90990257445335065
  0.91694242013862193  0.92397700377058289  0.93081137475468356  0.93743297053816621
  0.94400786046768292  0.95046039696639506  0.95640939401989467  0.96244205409156280
  0.96889329647134881  0.97590871392298140  0.98530338727380573  1.00000000000000000
 -0.00118142534830492  0.00580458402185328  0.01365427043923025  0.02110133477195759
  0.02900196467551560  0.03858767194103763  0.04967656004067837  0.06127772667559761
  0.07300236900250179  0.08480797744850245  0.09713310791925955  0.11090004548198509
  0.12513401649734879  0.13629583008165272  0.14768716865504380  0.15841195596963920
  0.16941289151488939  0.18254571186112259  0.19291991780886661  0.20209131072602415
  0.21087325701289425  0.21894433712355640  0.22691159623850790  0.23510731215516020
  0.24302667565327776  0.25115168199009885  0.26164517930662312  0.27412639487217449
  0.28750189553764394  0.30126595471928125  0.31554885061519916  0.32999884130806978
  0.34371487812540819  0.35681370168839155  0.36811304611086171  0.37894441764805059
  0.38915265260976628  0.39858558924992504  0.40776389241849970  0.41845093520724586
  0.43030733307837959  0.44239563791302489  0.45454781157832780  0.46663233056350328
  0.47790644125566017  0.48710879152901754  0.49554877839393663  0.50335134328703801
  0.51062866047998612  0.51801798546659361  0.52532663648087230  0.53295643874034637
  0.54177876661814695  0.55288046902371435  0.56500824127433291  0.57787510080023474
  0.59247570282067219  0.60816829760135283  0.62201789721077827  0.63438503605609831
  0.64559748991774157  0.65593008291450050  0.66614065532938849  0.67688169966491196
  0.68862246776184644  0.70135989715501768  0.71529871033380321  0.72976132713033293
  0.73664471218767302  0.74429753940893306  0.75144529643601632  0.75840119351614377
  0.76577800411335439  0.77393476825842566  0.78299062568137090  0.78933495392508601
  0.80476897307269202  0.81601700893450968  0.82642252137400318  0.83701818947671813
  0.84869273973124604  0.86114486764015141  0.87241532854747472  0.88136317975200351
  0.88946776400651539  0.89775216940146785  0.90748305806399210  0.91887749498694649
  0.92860421653291569  0.93872271393049966  0.94849265455038401  0.95809502389707013
  0.96731952728001602  0.97596374559629762  0.98542740635873805  1.00000000000000000
 -0.08399643145295024  0.84409898192434352  0.91804522923487453  0.94755645735928828
  0.96011669116875842  0.96453312295206473  0.96845924647530524  0.97189392848310474
  0.97487482167899941  0.97749833985159729  0.97975332383701597  0.98158939720414673
  0.98318984333032866  0.98463618850714296  0.98588221293975720  0.98704840056007559
  0.98812897341482697  0.98908967161022321  0.98994533776369786  0.99071614802510621
  0.99141550140938928  0.99206112434925553  0.99265403388848517  0.99319110544420497
  0.99368598656563722  0.99411067133002828  0.99449550929494701  0.99484532501134826
  0.99516679954013965  0.99546559904910048  0.99574199529241880  0.99600178564520947
  0.99624121453966330  0.99646140247341208  0.99666786738576418  0.99685507833202869
  0.99701932794475623  0.99716281487032954  0.99730067400260958  0.99743091408321483
  0.99755234453879882  0.99765841115494802  0.99776261620642681  0.99786423886098363
  0.99796309814880213  0.99805564287764836  0.99814011027884186  0.99821727913981806
  0.99828975198388292  0.99836002839737936  0.99842731325443845  0.99849256185888924
  0.99855450340141061  0.99861468930015518  0.99867386816520909  0.99873075737999717
  0.99877928643262481  0.99882672012052076  0.99887372537385011  0.99891964442414527
  0.99896398135884623  0.99900664065847067  0.99904707669025328  0.99908644603168140
  0.99912457420521228  0.99916127718429870  0.99919696896456089  0.99923153915336638
  0.99926544139439488  0.99929900366762703  0.99933020123586902  0.99936105554799748
  0.99939157481960705  0.99941928522075274  0.99944663386774357  0.99947349470457647
  0.99949940587167996  0.99952450017633332  0.99954913984164817  0.99957329382905735
  0.99959650181316595  0.99961947543065477  0.99964235057977835  0.99966460693820147
  0.99968659028928020  0.99970822350260302  0.99972983515455838  0.99975154647134357
  0.99977421267137589  0.99979692640620554  0.99981968156888379  0.99984643098113624
  0.99987489465295754  0.99990619339459752  0.99994836278193988  1.00000000000000000
 -0.02768023303411838  0.14265380132714864  0.19841779842220728  0.23326582160821902
  0.25912994042473914  0.28217740447816281  0.30386821810779824  0.32224897255772650
  0.33830621006801831  0.35311414684105996  0.36657940480524476  0.37682393236492850
  0.38510555584861611  0.39348398211034241  0.40278702450000115  0.41185502380541472
  0.41957705294598774  0.42650067819937310  0.43316370508327606  0.44011133899947241
  0.44789409399049135  0.45581669501723854  0.46392549229790442  0.47052381592184855
  0.47721661623161937  0.48356397500464804  0.49025756010663579  0.49680007301432982
  0.50251326277388242  0.50755665130060590  0.51290132100160135  0.51797520125349295
  0.52198358273787748  0.52624924426206809  0.53043787744260806  0.53560781416010861
  0.54091835759062157  0.54560014379032318  0.55015492761325990  0.55484124603206775
  0.55939509246847929  0.56411811593364025  0.56874559387447865  0.57353816558945525
  0.57820563436311323  0.58273084238004980  0.58684894960554712  0.59086653650722210
  0.59548814149818086  0.60034728734228204  0.60515630623299899  0.60998035725285960
  0.61476022412047382  0.61959697094287669  0.62458432178941348  0.62973019640572370
  0.63499575962316301  0.64016978901617771  0.64511243230649062  0.65010471130268743
  0.65506774044048655  0.65992358556413500  0.66481033073521856  0.67003313049495916
  0.67555846944052356  0.68126842492093520  0.68700846386942016  0.69262440652834301
  0.69802353207364909  0.70317326442543238  0.70847048165189841  0.71406628349591794
  0.71959036426642187  0.72471538215563480  0.72991584958340572  0.73489132061983731
  0.73999904268577799  0.74593582985778151  0.75186672701575907  0.75830104969918644
  0.76463446185964801  0.77120038808235214  0.77794463399956137  0.78443585197979204
  0.79121573552603253  0.79829726655548405  0.80586070036514468  0.81389881330731328
  0.82278954600647147  0.83353129552993155  0.84555220945464615  0.85802243598037742
  0.87163837303402503  0.88864102526825106  0.91640946946023294  1.00000000000000000
   7.6912850765014003E-010  -1.0000000000000000     
 T T F F F F T T F F F F F F F F F F F F F F F F T T F F F F T T T T F F F F T T F F F F F F F F F F F F F F F F T T F F F F T T
  <DiscreteSampler_grid>
  grouped_processes
  1 # 1 for a reference and 2 for a running grid.
  10 # Attribute 'min_bin_probing_points' of the grid.
  1 # Attribute 'grid_mode' of the grid. 1=='default',2=='initialization'
  0.0000000000000000 # Attribute 'small_contrib_threshold' of the grid.
  0.5000000000000000 # Attribute 'damping_power' of the grid.
 # binID   n_entries weight   weight_sqr   abs_weight
    13   10   1.188858934419008E-002   8.502355199323736E-004   1.188858934419008E-002
    14   10   1.188858934419007E-002   8.502355199323725E-004   1.188858934419007E-002
    16   10   1.800650709873424E-002   1.951265514643654E-003   1.800650709873424E-002
    17   10   1.800650709873423E-002   1.951265514643652E-003   1.800650709873423E-002
  </DiscreteSampler_grid>
