  0.00149730627907864  0.01451758828832637  0.02883532766141842  0.04092810814611741
  0.04941310831448192  0.05682677118883941  0.06448466288549047  0.07288479199885048
  0.08132468080277337  0.08918532899383307  0.09627396372515003  0.10344404815072464
  0.11236231934350024  0.12330576936133224  0.13572211495152064  0.14878762970575665
  0.16187824216310617  0.17504399500089948  0.18840581682391647  0.20185109673548596
  0.21566077385832205  0.23008593527768445  0.24421331778267732  0.25716146301033160
  0.26809256269187376  0.27796093938775074  0.28687520273424094  0.29538078492884784
  0.30352664001027768  0.31202496900302534  0.32167622355627906  0.33175678260872532
  0.34052021457306964  0.34895741264948044  0.35851023366139950  0.36809408527518261
  0.37723038265548792  0.38699215996507835  0.39752601953855399  0.40718246460041180
  0.41561153064581541  0.42428492521460492  0.43252800827864951  0.44180505625444877
  0.45337904478649615  0.46599999728556774  0.47819348314606203  0.48980697785884386
  0.50154606085357933  0.51354712545968251  0.52501652147816380  0.53505980858796487
  0.54456543857612549  0.55379311718586111  0.56328734633578381  0.57260871089065268
  0.58173299535757239  0.59079553207116198  0.60100594106233396  0.61268773959898004
  0.62469345372375396  0.63647967816040329  0.64819464762789936  0.65993020780858880
  0.67219820094946114  0.68508662790677888  0.69353750271069048  0.70045285443820626
  0.70780323231884767  0.71520479995128450  0.72278869396614553  0.72979379564246938
  0.73668829550936576  0.74356467015620265  0.75123450191847629  0.76204191632803275
  0.77452905529741956  0.78681244225737046  0.80094154386023264  0.81608327285030746
  0.83042085424905876  0.84369196848817463  0.85568622489317714  0.86639873568552261
  0.87650507298813518  0.88678495185215800  0.89747184951909920  0.90858625027710549
  0.92042816618399348  0.93316201708124424  0.94465380682136313  0.95487718835706448
  0.96493488798843663  0.97512556790628491  0.98476333401925509  1.00000000000000000
 -0.00003908600500316  0.00093610072824333  0.00348138261303823  0.00695061570281809
  0.01199134429356065  0.01831361104778231  0.02331809097086134  0.02871841940473121
  0.03486810114658816  0.04212356486475503  0.04957174178938587  0.05749499439419494
  0.06590008172581654  0.07420325566189910  0.08272646827499947  0.09137230912114074
  0.09965457955215418  0.10822252611747014  0.11796940087115293  0.12699938979324601
  0.13594812544848980  0.14607653764489764  0.15479347731025594  0.16320726253694298
  0.17295081865776679  0.18212570647543652  0.19041273314258128  0.19992440806065845
  0.20912039191093176  0.21883054663326720  0.22899924291430113  0.23763796575245802
  0.24975998792431661  0.26330009794703146  0.27800470322037441  0.29451231503173103
  0.31113437901565610  0.32301174918646736  0.33502760926629310  0.34678334699563734
  0.35742218351971317  0.36719972763793762  0.37711744829182570  0.38716454572905151
  0.39685167643824620  0.40649450748578952  0.41639268603549495  0.42607339076692591
  0.43503470627692431  0.44405580418173518  0.45316671267466285  0.46226914700587185
  0.47126316635991783  0.48049076744213898  0.48974772610252992  0.49927263791812820
  0.50851395958368195  0.51787897696650576  0.52700087994879519  0.53676283352986831
  0.55108781638819337  0.56755114722108835  0.58328703411215166  0.59666324000292437
  0.60676273615978715  0.61801304792251699  0.62889119136770411  0.64008969319025710
  0.65122670465116494  0.66274406608644010  0.67537258009289225  0.68952835400324464
  0.70400069090134743  0.71705497160536358  0.73008081593132135  0.74319635696545505
  0.75620547581769493  0.76876147973476405  0.78157220694788299  0.79484738377346553
  0.80842288647256466  0.82215533598498181  0.83588160904091413  0.84829271282694196
  0.85858874732992985  0.86842996271569495  0.87980551878440316  0.89281221173312875
  0.90665629733118058  0.92059163191307591  0.93412965635571199  0.94727018158199039
  0.96044392433922843  0.97366168053649893  0.98680853069141272  1.00000000000000000
 -0.00315814266883071  0.01070318177705441  0.02354549923146927  0.03649246594708789
  0.04880698045861133  0.05967373013200655  0.06944051057209162  0.07885195871184937
  0.08808793122932600  0.09745864448640190  0.10653177094965126  0.11696587086681291
  0.12911204048554614  0.14218313199067178  0.15525463800807091  0.16771892224219176
  0.17975702733561369  0.19131826467600832  0.20289842281929749  0.21510071776209452
  0.22783373024297771  0.24061529492269440  0.25232330190839036  0.26341723110113680
  0.27457479361234338  0.28519365706673161  0.29617635768175543  0.30809963147975111
  0.32033776125241620  0.33207386776328734  0.34452119100953510  0.35488197608904087
  0.36239900569501776  0.36956674163472253  0.37622445708059721  0.38287672771948222
  0.39056757025695349  0.39785121299317716  0.40443351913676417  0.41066581282110937
  0.41912350927506481  0.43082685620017597  0.44312660634079737  0.45429706809166714
  0.46542949082297047  0.47656066072935377  0.48735276040409525  0.49785782997279715
  0.50830311294010655  0.51931855800070537  0.53289708552402271  0.54493341877509582
  0.55508381788049288  0.56440916890310555  0.57334351120915861  0.58268659534526235
  0.59302386402437002  0.60253282148611020  0.61245968006080875  0.62299197364307524
  0.63412814349539492  0.64456248849905973  0.65392072091827380  0.66294483353160105
  0.67198410855840041  0.68204145703377628  0.69260686771557745  0.70239613918320620
  0.71185151864982932  0.72009079807045184  0.72844478915620181  0.73799803784939411
  0.74861512991772039  0.76061301312756702  0.77338471768973127  0.78528899766731253
  0.79567120755380261  0.80594695580663822  0.81539696800366235  0.82466139226768931
  0.83441588691224000  0.84343405897155710  0.85112582928278591  0.85864989084261056
  0.86654401086457988  0.87499040893109792  0.88342786162712350  0.89307940690386201
  0.90578037691769953  0.92072630409069445  0.93523397618702353  0.94849676496732305
  0.96126193141326977  0.97408164596328217  0.98729863917925065  1.00000000000000000
 -0.00084047577914815  0.00520071264601345  0.01093670571247704  0.01640200164504006
  0.02220630170653434  0.02840805343615270  0.03490610160706867  0.04272308185257838
  0.05231641912228925  0.06309018198026835  0.07450263238412752  0.08578828685234710
  0.09676400085581432  0.10773546831170601  0.11898469769086360  0.13050086023951882
  0.14162285168556665  0.15196963331146698  0.16199584714364107  0.17117589407383851
  0.18043903734979486  0.19113653147621040  0.20259429330063117  0.21408704436475989
  0.22546163603790376  0.23792762953170341  0.25165507707479884  0.26475451460072075
  0.27534448152106789  0.28421446916353915  0.29393683848346153  0.30425131648768949
  0.31459404314038469  0.32461853364343984  0.33471841428462706  0.34719844645991615
  0.36085146692847020  0.37438912263308699  0.38422884360567228  0.39346774222221204
  0.40447315319058424  0.41771069949889866  0.43046376154124527  0.44324163986100318
  0.45677943804802185  0.46925390385825100  0.48165541321848676  0.49436962670596502
  0.50670325772906888  0.51962360907580929  0.53530008866169632  0.55297294846357747
  0.57037566594373212  0.58524659909174648  0.59809001189611366  0.61168340344871697
  0.62575140932093354  0.64017297772657178  0.65425206736971808  0.66515426170680247
  0.67194254531498310  0.67908634826687619  0.68623105775948123  0.69334345427193700
  0.70117662950770487  0.70822102005261889  0.71499482520454682  0.72165181600566075
  0.72896632583361276  0.73938179194362952  0.75464081332579902  0.76754355112586159
  0.78087472150059056  0.79431794740111428  0.80792260197175525  0.82201871950159744
  0.83462458886728164  0.84410959829963816  0.85266464379829465  0.86086733008776528
  0.86870194553730373  0.87619003492907865  0.88317555705715078  0.89045344834171425
  0.89788725809171666  0.90520702537181807  0.91219556810220970  0.91920578955249388
  0.92722087864854219  0.93607171818699941  0.94506964046856134  0.95416774619619305
  0.96445054815766973  0.97570292250385260  0.98758030811821285  1.00000000000000000
 -0.00269805968322625  0.00896616202572843  0.02139021286090994  0.03392985688000658
  0.04668412197034343  0.05951330327274186  0.07171319304241623  0.08254254261703792
  0.09243384632045643  0.10211223148130352  0.11124860807017467  0.12061962191759523
  0.13138563049430835  0.14257017038559353  0.15344278778730680  0.16407586227665269
  0.17491576904234879  0.18602473715725648  0.19659381383765309  0.20584248808214942
  0.21425174589848470  0.22272383512521424  0.23219810304840549  0.24166345470113665
  0.25216049902712223  0.26405498130968841  0.27625908387026632  0.28880197618065834
  0.30173086641646107  0.31434352425308876  0.32540611489757137  0.33469054246452457
  0.34352020524503696  0.35253496216253083  0.36143205636113790  0.37136612346777614
  0.38364800217664202  0.39731073458048727  0.41102099522690733  0.42401489252528302
  0.43578537854457816  0.44593484555337459  0.45579182468267698  0.46677669823894746
  0.47737799563812050  0.48759595504208159  0.49757191441494913  0.50945091877007553
  0.52202484900397894  0.53456891515931926  0.54715530124408385  0.55955589493931313
  0.57117064981137422  0.58242924494369497  0.59381557814695407  0.60569687195100308
  0.61747220647601553  0.62693940655083646  0.63402330873183610  0.64090785202960376
  0.64778698518825406  0.65507627302299554  0.66254314984917650  0.66998049310553043
  0.67807427247898966  0.68569600799635533  0.69602043251323997  0.70836339219568256
  0.72055379609848791  0.73200860983850835  0.74287049596723487  0.75338386062283191
  0.76383790377705640  0.77505278503204367  0.78701320009258369  0.79865545119770320
  0.81001553465021847  0.82184635316011312  0.83380206405765911  0.84562932886888775
  0.85660368516725804  0.86714594766059649  0.87618559210131297  0.88297522491149738
  0.89034233343857794  0.89866173144510297  0.90692760403825845  0.91411773757793047
  0.92084797220280523  0.92970839740680133  0.93710279040321354  0.94965469732087582
  0.96204338919108212  0.97449462871796899  0.98733235862079805  1.00000000000000000
 -0.07503731543537048  0.84193147564966031  0.91836831675583730  0.94779638173095981
  0.96031240171422250  0.96480756206636042  0.96888948634799943  0.97244277242992483
  0.97550938716326185  0.97810973037393645  0.98027924516267573  0.98208337116844269
  0.98372145274698641  0.98511307186477082  0.98638605591228568  0.98753321942632377
  0.98857146026678211  0.98952834810284873  0.99037256143771502  0.99111890292265714
  0.99179084336470580  0.99241009379382761  0.99296616897261203  0.99347503550985206
  0.99393158330153186  0.99434203951025790  0.99471721237698241  0.99506931270705090
  0.99539544208274733  0.99569489127392019  0.99597208024872119  0.99622193558947225
  0.99645441683895641  0.99666623927712372  0.99686033235702964  0.99704591034172640
  0.99722021254500248  0.99737768142342909  0.99752327575900124  0.99765766968438219
  0.99778962742353194  0.99790593328365240  0.99801239773675865  0.99810430770682279
  0.99818620128086433  0.99826672470637912  0.99834475291232505  0.99841694211236287
  0.99848841948673461  0.99856107933262916  0.99862854827324932  0.99868389773353827
  0.99873137128601641  0.99877947150716695  0.99882567465069505  0.99887067702309407
  0.99891430919558766  0.99895670610269449  0.99899864948934181  0.99903828886890345
  0.99907743304641483  0.99911577442011068  0.99915311215813052  0.99918918890958486
  0.99922391476821004  0.99925751579454403  0.99929012839423792  0.99932190703099455
  0.99935107995441241  0.99937891063124884  0.99940577199903702  0.99943175406462059
  0.99945734948108733  0.99948223755098398  0.99950603348214673  0.99952884470597592
  0.99955138455392167  0.99957368253664869  0.99959522576075455  0.99961676366791241
  0.99963796001428451  0.99965756745601331  0.99967709886313849  0.99969653423847882
  0.99971572083927973  0.99973487353337687  0.99975401953444909  0.99977320270759662
  0.99979323846413937  0.99981371609769698  0.99983438089847521  0.99985750983049537
  0.99988294895232543  0.99991155979989799  0.99995052896203673  1.00000000000000000
 -0.02613094049827143  0.13471155379910971  0.19094139210442435  0.22635096112501951
  0.25246124977256418  0.27889564303610309  0.30193754014832730  0.32209735077404639
  0.33938838609469002  0.35418325300089321  0.36834779609404694  0.38054033675885474
  0.38990813269385410  0.40046768821639828  0.41068824554402672  0.42092800001616665
  0.42925628965823864  0.43721238368307747  0.44567503147888954  0.45393567164723803
  0.46256269069179740  0.47145012398558150  0.48014638070468513  0.48841805409815742
  0.49628916944677143  0.50491770332090857  0.51326206532491148  0.52056983360769782
  0.52646454038647372  0.53147110879525539  0.53627053746642261  0.54111228267147138
  0.54644922230990700  0.55200347184238796  0.55738805255793011  0.56257780562724169
  0.56757354379780800  0.57246643567719280  0.57737485334645522  0.58225924595108713
  0.58728103101964557  0.59246176244255921  0.59769174897136790  0.60301321404700781
  0.60870880860235255  0.61491299458979654  0.62254966134648682  0.62765179108713465
  0.63152020903419870  0.63455948487457137  0.63724378325959896  0.63996839559710261
  0.64274263227190598  0.64619391348385513  0.65018142338670915  0.65404915574923728
  0.65803981912131759  0.66189279935293621  0.66583387743334199  0.67000923388207567
  0.67444824733936981  0.67876938000096276  0.68280680132280946  0.68703749702574779
  0.69213962580878607  0.69801908912561550  0.70390043318017104  0.70951913774504316
  0.71472838975871800  0.71988204146375523  0.72532083991183038  0.73106194671010771
  0.73690135726985384  0.74263540005238260  0.74826861065376515  0.75370623675401416
  0.75848378856594378  0.76330403572447991  0.76798754340873487  0.77299465729043382
  0.77842501896756355  0.78489382046966905  0.79141438781895845  0.79812053298411600
  0.80472362469100278  0.81149544346882629  0.82012316620014292  0.83012915236840912
  0.83933016503198621  0.84875060181637141  0.85858686439842091  0.86878264909696845
  0.88026367244735737  0.89429048264627997  0.91855136495210399  1.00000000000000000
   1.3773723518867829E-009  -1.0000000000000000     
 T T F F F F T T F F F F F F F F F F F F F F F F T T F F F F T T T T F F F F T T F F F F F F F F F F F F F F F F T T F F F F T T
  <DiscreteSampler_grid>
  grouped_processes
  1 # 1 for a reference and 2 for a running grid.
  10 # Attribute 'min_bin_probing_points' of the grid.
  1 # Attribute 'grid_mode' of the grid. 1=='default',2=='initialization'
  0.0000000000000000 # Attribute 'small_contrib_threshold' of the grid.
  0.5000000000000000 # Attribute 'damping_power' of the grid.
 # binID   n_entries weight   weight_sqr   abs_weight
    13   10   3.926190636078550E-003   1.002039750536025E-004   3.926190636078550E-003
    14   10   3.926190636078563E-003   1.002039750536035E-004   3.926190636078563E-003
    16   10   1.133336886320698E-003   8.364405247068155E-006   1.133336886320698E-003
    17   10   1.133336886320701E-003   8.364405247068240E-006   1.133336886320701E-003
  </DiscreteSampler_grid>
