  0.00116341661266582  0.01637295607259993  0.03167819241913709  0.04373846759301771
  0.05335505177117072  0.06234786201160346  0.07116218062551992  0.07970239432372361
  0.08851281570148657  0.09706479150726925  0.10661928727028615  0.11783421600644849
  0.13047714645505515  0.14482043699971037  0.15550931754648745  0.16724490490247854
  0.17768252862073713  0.18617793498203650  0.19513302391152662  0.20412840552128125
  0.21497398534366194  0.22863781938571873  0.23939516411806425  0.24940739807327111
  0.25913980808566067  0.26878201535154866  0.27801100901327880  0.28642992300886139
  0.29632446431954773  0.30868938481429165  0.31977978437306115  0.33024576902335645
  0.34110837859251220  0.35270827278993755  0.36449988411774137  0.37519628992520332
  0.38564697661468134  0.39622701653672870  0.40685046155656146  0.41898052762611970
  0.43486032700008642  0.44824683644920843  0.46161049631504075  0.47425821866008239
  0.48405250969581376  0.49240568310456601  0.50135639958508837  0.51090452921782659
  0.52016205529577542  0.52897601829961505  0.53806435652013973  0.54876172405487833
  0.56010480778043237  0.57053626514934153  0.58056800893378968  0.59184825427787879
  0.60312131768998067  0.61433048336167495  0.62546514502977890  0.63530860754561858
  0.64521439756494392  0.65398127549360863  0.66149554576475122  0.66901185683311715
  0.67736242831945803  0.68679474545715458  0.69808215553029296  0.71056991221781229
  0.72256821267358529  0.73363546951189984  0.74436189489277771  0.75463458995581056
  0.76425436137381919  0.77453394220507077  0.78497627817214510  0.79592999489362504
  0.80779740694151370  0.81939086115845772  0.82728479017128675  0.83662469449685584
  0.84633348185541879  0.85483637411577473  0.86257084312133314  0.87024097437204351
  0.87925765444368631  0.89044007623608956  0.90236544052193401  0.91331393831689789
  0.92348202342029007  0.93356162802596598  0.94357717867350188  0.95386517289863071
  0.96429128949033949  0.97507678776839135  0.98670467823820540  1.00000000000000000
 -0.00004044202593477  0.00098079340593052  0.00388910141848074  0.00745448960529794
  0.01249634858129131  0.01778662135785168  0.02341610502985246  0.02975274101020547
  0.03639602861722032  0.04529951080088894  0.05353881741376255  0.06037584180770331
  0.06749063566379435  0.07572256915388828  0.08550172394500126  0.09510916921384138
  0.10313403985615111  0.11197476381455355  0.12075242719566882  0.12918793552060778
  0.13904523420618803  0.14837918840963932  0.15500609517093761  0.16232663864493921
  0.16933300991604625  0.17701639226734769  0.18582217030629930  0.19463097155816378
  0.20272761654143095  0.21018253778927148  0.21797243911439532  0.22785058043007267
  0.23726725130979645  0.24659193945388377  0.25845709047696130  0.27058428854801098
  0.28314039604690988  0.29621329820931336  0.30939355056296564  0.32216766503468641
  0.33512728539863040  0.34840065760930439  0.36129906110553001  0.37352736542485271
  0.38529521289076635  0.39675255830336137  0.40813645552914701  0.41972263456121639
  0.43150530862940467  0.44369554022294100  0.45542296759199863  0.46672029257901054
  0.47856391135092829  0.49066328014797955  0.50278745906125433  0.51499118251569109
  0.52752161225429905  0.54046834558416379  0.55338702076137414  0.56595703839068578
  0.57820941824258554  0.59003204996185266  0.60131339137500606  0.61270688610933266
  0.62444063050172882  0.63616652089740877  0.64802450396421130  0.66011004394900430
  0.67287788773333601  0.68661205583359697  0.69831791741321314  0.71009475256604060
  0.72243219688024762  0.73515657102009091  0.74789747106800430  0.76044443278544593
  0.77287912673407178  0.78521972848139243  0.79798763017961127  0.81094577373153121
  0.82416776056903129  0.83631580106308934  0.84769512412299541  0.85913456934628152
  0.87082352213050562  0.88269939699584443  0.89446060419146356  0.90549200146181730
  0.91625441713789924  0.92717128026517948  0.93848995991186968  0.95055528956040169
  0.96322708108289845  0.97564224645278919  0.98782450053860915  1.00000000000000000
 -0.00188183374259582  0.00717629713997247  0.01757698085483601  0.02679875216537781
  0.03982532678006134  0.05209873404662886  0.06469896074667698  0.07714121076986226
  0.08870655865761906  0.09938342038518413  0.10982182320357929  0.11981921542992821
  0.12871496732130358  0.13725126479410360  0.14590071757731232  0.15487155907276964
  0.16485576702191107  0.17575399936271466  0.18625281901543375  0.19821955789207563
  0.21051222116438192  0.22250009250321287  0.23488094051337774  0.24734476526026719
  0.25914272302395780  0.27040483361140272  0.28164854859989086  0.29309779271021030
  0.30457139192171090  0.31590266067510259  0.32670944295113002  0.33700049139478905
  0.34803822155121006  0.35975597319710767  0.37168410792356027  0.38437913842594440
  0.39808634785958641  0.41242471034532441  0.42565360354589665  0.43696631401550823
  0.44755813894902224  0.45888001676255813  0.47016132121383708  0.48156848581153533
  0.49348941205389563  0.50691798474463334  0.52119226315101963  0.53431233849871684
  0.54648337387053192  0.55880455868529544  0.57049749275685169  0.58271604924224241
  0.59455214661562872  0.60446156773554949  0.61285870545617671  0.62170111572181330
  0.63051469882263600  0.63849640411529496  0.64687661020476650  0.65652718640338503
  0.66373766146866431  0.67245621746861639  0.68572761171356611  0.69806631564758748
  0.70813558738633609  0.71587964111116797  0.72373069566604986  0.73275607859946523
  0.74135492424873750  0.74894693420824787  0.75701909469306006  0.76503949812768179
  0.77391145374862780  0.78320172905587937  0.79081034727858002  0.80047870519736186
  0.81087107678720283  0.82070094902989166  0.82964476208282012  0.83811951167944687
  0.84718665377032543  0.85669554054390828  0.86528936647138766  0.87487590199447585
  0.88703446951667819  0.89838943886783673  0.90772453823709032  0.91774975554078109
  0.92787494196182951  0.93784065479767975  0.94709395200994040  0.95631367098141884
  0.96661070941655958  0.97783245203655833  0.98925733552929829  1.00000000000000000
 -0.00155469615965342  0.00688235829842188  0.01410498477513405  0.02147460310597554
  0.02838816603263183  0.03494170915430210  0.04158705987472749  0.04824719384434201
  0.05510214032954965  0.06285268484732329  0.07235557747107318  0.08322802789755726
  0.09470819928455242  0.10553029869438853  0.11508660129584415  0.12404565515501181
  0.13322163436789747  0.14241895516219000  0.15134112005858255  0.15997925835894172
  0.16887790983031414  0.17813245794235424  0.18756846458821308  0.19734633384868502
  0.20731288320038743  0.21809437716523325  0.22964672594926269  0.24097020638685873
  0.25179092296401989  0.26275957051711191  0.27350299903293712  0.28243998201778397
  0.29286653767644849  0.30582318190684277  0.31853395404313101  0.33177884846442579
  0.34707922170685995  0.36422882671189483  0.38177135221860564  0.39891068295085508
  0.41529248450126377  0.43035201726015504  0.44403754659701566  0.45732682633394356
  0.47055940576511629  0.48459376588936010  0.49988783822983979  0.51545176119200176
  0.52992965497548306  0.54435347787105370  0.55980568099089834  0.57525808059169681
  0.59111569563433009  0.60786976938685855  0.62392166684993255  0.64019147987745806
  0.65588475549093661  0.67146549672010392  0.68665612260835507  0.70219646111385481
  0.71730127619253459  0.73036250345285547  0.74072325424424179  0.74981359964456662
  0.75887826292508187  0.76884778152587629  0.77755585855667042  0.78624109702269096
  0.79438127258130142  0.80571454457279978  0.81411205524716190  0.82080863239686030
  0.82852956405885037  0.83639383508722909  0.84334664493651923  0.85024951811276905
  0.85737051934245712  0.86459350275565705  0.87196231340497765  0.87827111868988395
  0.88472686284701330  0.89099648648520202  0.89792346089961073  0.90535790125450921
  0.91298391721446737  0.92069226235127866  0.92775759341230990  0.93457040379578749
  0.94158519207006031  0.94870671176938426  0.95610109206985805  0.96360720226915542
  0.97047188728843869  0.97755045989363598  0.98693109826978620  1.00000000000000000
 -0.00290822624304399  0.00979160687587293  0.02228501533398708  0.03483071883167795
  0.04722691110810983  0.05939724399227828  0.07150619106425242  0.08388610593175423
  0.09625241016131408  0.10873168511531058  0.12147373460416312  0.13427501458735633
  0.14726088996860504  0.16040244601477280  0.17331470170900706  0.18595790510671945
  0.19789184894622394  0.20933021514873093  0.22021575807766236  0.23027869136018908
  0.24038449030410081  0.25066783482140603  0.26118230716956053  0.27159186877461738
  0.28169870012861986  0.29289568964704199  0.30597853408580128  0.32070185309227500
  0.33668858569585874  0.35274600117840044  0.36590534151332404  0.37768553682971068
  0.38882037497500044  0.39956036139997636  0.41046744802256085  0.42003487968674053
  0.42915721791713546  0.43932480475733632  0.44660336326405531  0.45417281991649538
  0.46254697705093295  0.47246643556514495  0.48252833015071706  0.49223715320427353
  0.50221213254063346  0.51181011141095778  0.52072370718179706  0.52888563784780096
  0.53724894482929486  0.54676631162631728  0.55889246882580457  0.56838203270749366
  0.57709320564910915  0.58613939754363176  0.59539717985989771  0.60662944461980217
  0.61733941094304845  0.62818729191164413  0.63932144482743802  0.65114673951255264
  0.66250605901556503  0.67194736598567550  0.68144981907067670  0.69165766470601597
  0.70208693940601397  0.71303392962412149  0.72409643996379980  0.73327697067847941
  0.74110811694838130  0.74918222647810107  0.75901289270915340  0.76859781618533007
  0.77771181881967233  0.78698244680026297  0.79506229136740714  0.80659614973323168
  0.81696217566660234  0.82662089584410026  0.83652190944189797  0.84607878219925214
  0.85847092922436441  0.87222052856404297  0.88215453593501769  0.89131439344872943
  0.90015792258701122  0.90942248837128803  0.91893551728944911  0.92926508548800113
  0.94003536796692599  0.94988447136533494  0.95833964342803724  0.96626359232084624
  0.97471808432820817  0.98325544802963061  0.99161989758908786  1.00000000000000000
 -0.06057174177953364  0.83442682745639329  0.91417211510978846  0.94402703832878576
  0.95890132720630439  0.96374501039882499  0.96794278725119109  0.97160836381423232
  0.97479458982321798  0.97762289668506652  0.97996650415004571  0.98183259238473830
  0.98352083684433078  0.98498504623911531  0.98631150138457702  0.98746489589766562
  0.98853589050075708  0.98948497966496685  0.99030815891327573  0.99106275522090514
  0.99175225108578702  0.99238677552828036  0.99294372783446772  0.99344929323702247
  0.99390851082788789  0.99432109812531644  0.99469994220123015  0.99504503619439244
  0.99535819658150082  0.99564387184325587  0.99590930379361542  0.99615087873053099
  0.99637970641017792  0.99658872312877855  0.99677968989624333  0.99696138710641724
  0.99713488592713595  0.99729233247748328  0.99742967720520781  0.99755749779837100
  0.99767843066859119  0.99779276974652698  0.99789786088000754  0.99799310997699886
  0.99808170363921178  0.99816629462906470  0.99824808507061225  0.99832701931114831
  0.99840110125831583  0.99847289389785365  0.99854293208447542  0.99860802419567096
  0.99866491334802510  0.99871281146061242  0.99876195128258582  0.99881007963093937
  0.99885676223569297  0.99890227278135546  0.99894658116313795  0.99898936808447114
  0.99902983257834876  0.99906921275016169  0.99910763194625729  0.99914522474442924
  0.99918219346607151  0.99921759069522664  0.99925258799313033  0.99928682000734670
  0.99931760772560718  0.99934817687443089  0.99937735834564712  0.99940482987526924
  0.99943189193339177  0.99945847982055858  0.99948476102910144  0.99951089447290864
  0.99953557487404876  0.99955959966089303  0.99958306725316903  0.99960564797682427
  0.99962759443085536  0.99964881074528378  0.99966977147223124  0.99969010433871708
  0.99970963894426645  0.99972910359677181  0.99974874936491731  0.99976873892225560
  0.99978918440538744  0.99980976275895972  0.99983043318784171  0.99985469902638047
  0.99988111578882033  0.99991005772314290  0.99995034891525836  1.00000000000000000
 -0.02317453352491160  0.12746605455118004  0.19716498347864705  0.22602642737902134
  0.24561592168942387  0.26245598160697897  0.28216294273253478  0.30632220500322971
  0.32481292574366977  0.33900420735626818  0.35058481146820158  0.36311082854824717
  0.37640552854435388  0.38869458999291034  0.40026810190842455  0.41097241666526108
  0.42087765320982462  0.43005122303553134  0.43868703474990661  0.44721856492584505
  0.45591611904222856  0.46499691804879112  0.47455219101215512  0.48320733296245727
  0.49015214426356246  0.49690437548075483  0.50331825625400950  0.50957434660074519
  0.51537963878889304  0.52084095425320887  0.52604872092311761  0.53098068046210933
  0.53644370000420794  0.54240360862834247  0.54835627105360418  0.55416064658116526
  0.55964211414274978  0.56439357941283219  0.56852622699365674  0.57282337704414044
  0.57750650194951292  0.58242897361644941  0.58736896091289137  0.59272589904361428
  0.59783125578087459  0.60286732440204216  0.60775729134781376  0.61248866060936102
  0.61704848909870336  0.62150863394976497  0.62625466790538464  0.63159387884978013
  0.63732947601458212  0.64305914995931124  0.64867868106982174  0.65418415788718720
  0.65953842963357823  0.66472388511718694  0.66991551115104375  0.67526426507695081
  0.68063029730624025  0.68562401766230863  0.69012523387679725  0.69449815796252645
  0.69895817068887078  0.70387501723999835  0.70907562468784524  0.71368200630945666
  0.71817360854552548  0.72262090711745119  0.72715506917322881  0.73158624622151480
  0.73586493004190501  0.74008336313200651  0.74435316504251769  0.74881671963892760
  0.75348634001948778  0.75823375839898921  0.76306198692427596  0.76854550193694215
  0.77474886307779756  0.78103709615738826  0.78738871499624663  0.79394278220846048
  0.80076394035321474  0.80745735216504011  0.81450997086666299  0.82275489731003648
  0.83160426263195375  0.84110992829483378  0.85179797970405957  0.86423607682834591
  0.87771054118860548  0.89391310209145580  0.92033974434155141  1.00000000000000000
   1.3757142002081986E-009  -1.0000000000000000     
 T T F F F F T T F F F F F F F F F F F F F F F F T T F F F F T T T T F F F F T T F F F F F F F F F F F F F F F F T T F F F F T T
  <DiscreteSampler_grid>
  grouped_processes
  1 # 1 for a reference and 2 for a running grid.
  10 # Attribute 'min_bin_probing_points' of the grid.
  1 # Attribute 'grid_mode' of the grid. 1=='default',2=='initialization'
  0.0000000000000000 # Attribute 'small_contrib_threshold' of the grid.
  0.5000000000000000 # Attribute 'damping_power' of the grid.
 # binID   n_entries weight   weight_sqr   abs_weight
    13   10   1.310133567268564E-003   6.900860271855872E-006   1.310133567268564E-003
    14   10   1.310133567268565E-003   6.900860271855877E-006   1.310133567268565E-003
    16   10   3.782164948105939E-004   5.727951845519657E-007   3.782164948105939E-004
    17   10   3.782164948105941E-004   5.727951845519660E-007   3.782164948105941E-004
  </DiscreteSampler_grid>
