  0.00433342158102987  0.00484214353502942  0.00535086548902896  0.00587645682936620
  0.00642097120211432  0.00698869702546942  0.00766094626877606  0.00839946548113687
  0.00927427062490167  0.01021285191878818  0.01121686297804269  0.01236015373042871
  0.01388581701219424  0.01560797577404576  0.01756378962917197  0.01989219034924434
  0.02269258918320883  0.02593486046231624  0.02948263828862963  0.03320545897254550
  0.03667149557756369  0.03981475793319679  0.04302130493013524  0.04634511666697628
  0.04987156154698111  0.05347610025261322  0.05717517571899645  0.06078447311193477
  0.06448626857597659  0.06827422369561836  0.07229058048086238  0.07649247702244001
  0.08081513890785175  0.08508565614217779  0.08925012863192809  0.09328346153708046
  0.09730476992639513  0.10161213509813979  0.10627213765491611  0.11135501448743607
  0.11656884284011240  0.12186748778797739  0.12740575788408096  0.13317317687498587
  0.13934880577553566  0.14554371074733929  0.15190668391370071  0.15847174098414579
  0.16535873518577768  0.17271707365357164  0.18009055293358975  0.18715805230539212
  0.19379507997617407  0.20072657899154123  0.20838406536394777  0.21679547052508644
  0.22534637430935103  0.23282517287354629  0.23963312492626818  0.24579035294172161
  0.25226741836882116  0.25940898654321465  0.26706514736820203  0.27571425425435048
  0.28648003529420613  0.30478995197738684  0.31806715519050194  0.32661838449870367
  0.33496918306594659  0.34349179782143391  0.35184187964337293  0.36034871649063999
  0.36975295429438287  0.37942858523462719  0.38776398877348844  0.39576062538643852
  0.40498183848320729  0.41956300334749003  0.46311138242860128  0.47581031068697327
  0.49620195983421750  0.50688028379472361  0.51673198631638029  0.53590905408038336
  0.55185508113382653  0.57190885731131424  0.59706525126174514  0.60983396900388642
  0.62996217001022048  0.64162454817994918  0.65392924047379508  0.66728943322570711
  0.68067459406963193  0.69494768317621225  0.70167298835358227  1.00000000000000000
 -0.00269554175856524  0.01137075114614682  0.02338038150631226  0.03555721724802225
  0.04819728700479353  0.05989967233252004  0.07112373853794521  0.08173027789328795
  0.09176780628949463  0.10228304314156771  0.11253926726661294  0.12214352452266830
  0.13237154160084647  0.14241898957635346  0.15265316507932780  0.16291607983345027
  0.17274476166356051  0.18277957418983817  0.19248046762397683  0.20184852165539816
  0.21186659884661874  0.22198078019227097  0.23230926206181629  0.24263272712223885
  0.25309733085921421  0.26385404045933936  0.27442062349107060  0.28469479559557298
  0.29481976988360054  0.30527818224207853  0.31632541379165907  0.32756490904961871
  0.33813764450637201  0.34784572378067374  0.35722195313427768  0.36747723391801501
  0.37817469461628472  0.38839263938402802  0.39767251175114809  0.40678490586141014
  0.41580837864966391  0.42522245340602716  0.43500917631720426  0.44442168562500078
  0.45402680621949659  0.46333365249983660  0.47334050741793188  0.48380711220240413
  0.49456592444511144  0.50527694800600653  0.51582415953553917  0.52631129164716173
  0.53634873195029298  0.54616014919161304  0.55615726209940075  0.56645880703991336
  0.57692990428695357  0.58681848848485130  0.59626734925469838  0.60541189004206009
  0.61422668682711878  0.62284091259971419  0.63178992471107376  0.64097486568988282
  0.65121718523780836  0.66156879316061512  0.67194409222995810  0.68227426573589722
  0.69226828840645360  0.70256327489212578  0.71304741093965351  0.72409166382782797
  0.73420961092581816  0.74484985638427481  0.75600060852364981  0.76671438632148725
  0.77736456203939241  0.78776086949251511  0.79838593445374428  0.80884593680564132
  0.81934557244279416  0.82998834157184898  0.84135846589626329  0.85294762518600797
  0.86413253411925317  0.87506706631845255  0.88643642631475916  0.89868331024877735
  0.91084433828086231  0.92247127275683805  0.93411307260723764  0.94706576421535205
  0.96072393787476795  0.97443689855488802  0.98752755319787155  1.00000000000000000
 -0.00232003192389671  0.01138581057913061  0.02300961792776911  0.03473540385128661
  0.04588258972831721  0.05588735280192177  0.06539702061742658  0.07477839063341249
  0.08480241282452414  0.09456492660947087  0.10474283694603118  0.11559690418791213
  0.12735571693103789  0.13905317752847796  0.15004025442343541  0.16039824935048286
  0.17043985477474011  0.17996205980237887  0.18963760657631121  0.20025940591549193
  0.21128388226943579  0.22250594882028848  0.23360615765241807  0.24434930086222104
  0.25578418889308213  0.26777915712697481  0.27887545751159931  0.28866519056618228
  0.29816692020629076  0.30759960053287655  0.31815823109885399  0.32887626894492811
  0.34055177623721899  0.35222197281305057  0.36302227474790205  0.37286676239783584
  0.38268892958777034  0.39301328080682663  0.40398584222359391  0.41551236187930651
  0.42697886695235582  0.43781465554144511  0.44815976134099517  0.45795963215135016
  0.46798410817050001  0.47853540566041741  0.48963523179470714  0.50122337419035179
  0.51288837733981063  0.52436817443053507  0.53519070919946532  0.54554456014422936
  0.55586938208173420  0.56639270442526424  0.57731875959213486  0.58761850463078180
  0.59796820915093152  0.60827898419786586  0.61890005713089802  0.62942081896887037
  0.63997267870243446  0.65044632772737987  0.66095383250076012  0.67169739824912511
  0.68255354912303801  0.69326742180792567  0.70373924472400651  0.71372591588764100
  0.72336564954079319  0.73297379773263727  0.74216197641913551  0.75152697913398026
  0.76117906032003968  0.77067962280242763  0.77980983397271497  0.78915476391966766
  0.79889434642129220  0.80924342414477202  0.81945887000961126  0.82915696586910403
  0.83939291653647574  0.85081756057562685  0.86245062054780097  0.87327597835682969
  0.88326959989607601  0.89312361348726022  0.90364413962139034  0.91504830254568759
  0.92636074616033048  0.93707838196636051  0.94729991176315043  0.95723695904134343
  0.96772478555856078  0.97813121547088788  0.98908411416122988  1.00000000000000000
  0.03787635262350816  0.04360383605860327  0.04755373060476256  0.05119991861232236
  0.05527308662118850  0.05998946885608002  0.06525179529287692  0.07078438473122715
  0.07630212150903230  0.08207555257201915  0.08857308719561566  0.09595759523268074
  0.10372706685478428  0.11235677933772688  0.12113028866369510  0.12975939570738307
  0.13873070399893250  0.14769455872216902  0.15673490955556485  0.16575458009195040
  0.17517233528758555  0.18462435135347185  0.19381605750778905  0.20280757190915796
  0.21219410937127614  0.22214800810430180  0.23235540066812194  0.24209703313048958
  0.25184550823767637  0.26203742816492892  0.27331937582797838  0.28513092839241116
  0.29788969532538767  0.31124741600545203  0.32534086632179021  0.33919443409497774
  0.35296004774251427  0.36606601463148175  0.37872359172815712  0.39097666199952386
  0.40262225872485230  0.41420782075959711  0.42645696577111913  0.43938954043517925
  0.45187332459612645  0.46426090021336286  0.47682800977213918  0.48949643666276177
  0.50194389610611823  0.51380672491063450  0.52600004901869746  0.53870645050976140
  0.55177863676547578  0.56409368455542619  0.57652732660408101  0.58824995090618482
  0.59960685726074703  0.61082293251305464  0.62222602138874483  0.63414906645117364
  0.64666322559862932  0.65919184887300541  0.67094684788541359  0.68211181662018927
  0.69366658891036070  0.70589031514765088  0.71889821815712518  0.73122945754161128
  0.74322315789872295  0.75521230753810864  0.76731085756569950  0.77854266438374198
  0.78902497571809549  0.79945023029016504  0.81072696294714364  0.82184320427563118
  0.83303401212377837  0.84346693058650835  0.85396401288101764  0.86373556164864396
  0.87344221963827351  0.88299703470542290  0.89199608362171035  0.90015237550201888
  0.90792441782766531  0.91563097584698472  0.92358677610568896  0.93218218865787872
  0.94001623978280824  0.94619286048804274  0.95042201418201244  0.95297635750432652
  0.95628445996167333  0.96065946371423849  0.96503446746680355  1.00000000000000000
 -0.00253930770529374  0.01056856552676817  0.02167071902279363  0.03197327438776089
  0.04192051935063065  0.05145335455698946  0.06082199955240912  0.07084379923838091
  0.08081462575258089  0.09136045543943606  0.10187147978299523  0.11192194496831634
  0.12172788581359408  0.13200029040224623  0.14316432250478311  0.15477422353806136
  0.16643305232747024  0.17746961090910379  0.18738469168281435  0.19657010274123271
  0.20567992657399953  0.21525395018163940  0.22476292303345236  0.23389960003939697
  0.24292377977184934  0.25205192164392354  0.26238801599702982  0.27251846782752376
  0.28243501209361471  0.29222549018548666  0.30247541372704867  0.31352062093866878
  0.32508396612007590  0.33627162500690855  0.34713706749014400  0.35708636477778144
  0.36728710527445319  0.37672516012137142  0.38655278354854183  0.39691453313059727
  0.40850125826434980  0.42001765104702482  0.43158899197079892  0.44291761268841340
  0.45393320151910155  0.46503022227141172  0.47630482927152301  0.48744044976159712
  0.49831835050286311  0.50778337877066593  0.51698624881995625  0.52602027897920656
  0.53510442406319525  0.54429200690193746  0.55410890427854498  0.56441538642380551
  0.57516285653497190  0.58548964126173964  0.59579413322062591  0.60693876288783266
  0.61927629297401143  0.63149298863463987  0.64302980503448970  0.65412398878430533
  0.66502021842523551  0.67652164362880540  0.68783044658678438  0.69926939218188078
  0.71079030364295803  0.72324741492690470  0.73505940081379362  0.74656186635600996
  0.75771168610766149  0.76879508970767974  0.77882820586882651  0.78831462935840846
  0.79783600969584689  0.80753982232577703  0.81732621389400939  0.82724840738688787
  0.83723470742046446  0.84760976897582241  0.85765537895684052  0.86757016430322564
  0.87834287149223889  0.89002114399999421  0.90176714930114366  0.91302981201786260
  0.92370465227083620  0.93431074452932827  0.94430925336261362  0.95448178301248321
  0.96533758118017321  0.97660807934699578  0.98788129124157686  1.00000000000000000
  0.01828435559746823  0.06715493681523853  0.09872691575703897  0.12307846108820544
  0.14472144606183659  0.16419383091882722  0.18131234774209515  0.19805300267152465
  0.21488822480112280  0.23165443550252238  0.24738171004391116  0.26173554996413839
  0.27481578267390511  0.28707376519575473  0.29866875230754075  0.31016246995826785
  0.32202852165904672  0.33435517751166111  0.34732360223658287  0.35976565270180660
  0.37196057758504331  0.38364963717724743  0.39508139572016554  0.40593469016640066
  0.41600941163235677  0.42655310487156090  0.43759530710423183  0.44945435448323662
  0.46071863338335578  0.47090913949407920  0.48063739089775681  0.49030213244583126
  0.49914149709251643  0.50813444720931311  0.51721931976305191  0.52679373707083010
  0.53634139778093781  0.54556652018050544  0.55495384232271305  0.56430571528342821
  0.57318972833684434  0.58215481798089119  0.59129508545667220  0.60025803324838234
  0.60847865803961587  0.61672779400724409  0.62517040281982916  0.63366326314274390
  0.64209911507269690  0.65037509725207032  0.65866146768654155  0.66714882796400998
  0.67445487549190963  0.68194760021904244  0.68943544668743972  0.69816025969365114
  0.70601983690031977  0.71450975023056917  0.72331243275382162  0.73232039125951887
  0.74040733194535613  0.74828294633053816  0.75648870216092856  0.76488960516428284
  0.77280379023687196  0.77993873417300397  0.78683871789811677  0.79358994717072862
  0.80066795955185510  0.80789367018985969  0.81524476358362452  0.82282429291300574
  0.83036375441679300  0.83727038144302979  0.84360975870783128  0.85015502644282503
  0.85643504173660567  0.86220549938374014  0.86784975812088017  0.87363341304306152
  0.87992240730642179  0.88666444474650463  0.89338777220738874  0.90029488425296555
  0.90723131710244198  0.91376485735460677  0.92016136489589762  0.92657237159278516
  0.93316463983378029  0.94006481178144974  0.94727543112793045  0.95451627140771433
  0.96123836522477424  0.96776729528328909  0.97074627557755200  1.00000000000000000
  0.14064967431990882  0.15833064212569142  0.18208329697434969  0.20317165946012336
  0.22145880955764582  0.23702382362611529  0.25127286192354714  0.26460375309310347
  0.27750852515552282  0.29054201871231278  0.30297903255376041  0.31452992167675708
  0.32511812266674645  0.33570128656379838  0.34531514473255237  0.35555957205464228
  0.36546211648027277  0.37510649628454590  0.38389546475231839  0.39255016955871724
  0.40123425668911544  0.40971679828517721  0.41813009147640218  0.42656516948863088
  0.43499775776998850  0.44327677967833895  0.45167655386341826  0.46007627263154743
  0.46869555810857616  0.47692208876481001  0.48522698389112345  0.49380536722706797
  0.50281433342854109  0.51179552395746830  0.52008514284573160  0.52807381943085530
  0.53586928232092046  0.54324805317011571  0.55042685030504057  0.55777592458864744
  0.56528826275673361  0.57247670093702108  0.57953775183223322  0.58636037659760742
  0.59289421214372973  0.59938958223342265  0.60613105383501054  0.61325612455721268
  0.62066241207977657  0.62772920012980893  0.63419647364344833  0.64044639505317813
  0.64674748490150868  0.65332980767946458  0.65990309190043528  0.66617605563969873
  0.67212314252424910  0.67814045727409689  0.68442013761578668  0.69129737477829645
  0.69825418858813992  0.70531944795634982  0.71243868911497488  0.71932200976562577
  0.72590687958285782  0.73260621911408208  0.73974812757662534  0.74705040376934095
  0.75428309653261016  0.76088592763081897  0.76717017202723237  0.77273825189076173
  0.77777895641180039  0.78317934520673704  0.78874919818452849  0.79433610545740008
  0.79958289369819990  0.80482398862800075  0.80954197902441227  0.81483821716028260
  0.81999433035859393  0.82530308658503482  0.83093671873730102  0.83754752045558423
  0.84246037266000384  0.84735020293759422  0.85184843995255999  0.85597143607674042
  0.85998950079953407  0.86385503337962244  0.86444853782415243  0.86504204226868242
  0.87183950207041205  0.88045313688588844  0.88906677170136506  1.00000000000000000
   7.7410780519156815E-014  -1.0000000000000000     
 T T F F F F T T F F F F F F F F F F F F F F F F T T F F F F T T T T F F F F T T F F F F F F F F F F F F F F F F T T F F F F T T
  <DiscreteSampler_grid>
  grouped_processes
  1 # 1 for a reference and 2 for a running grid.
  10 # Attribute 'min_bin_probing_points' of the grid.
  1 # Attribute 'grid_mode' of the grid. 1=='default',2=='initialization'
  0.0000000000000000 # Attribute 'small_contrib_threshold' of the grid.
  0.5000000000000000 # Attribute 'damping_power' of the grid.
 # binID   n_entries weight   weight_sqr   abs_weight
    13   10   2.677146057854990E-005   1.454444464666399E-009   2.677146057854990E-005
    14   10   2.677146057854978E-005   1.454444464666377E-009   2.677146057854978E-005
    16   10   3.380150821225804E-005   2.304146764040031E-009   3.380150821225804E-005
    17   10   3.380150821225789E-005   2.304146764039997E-009   3.380150821225789E-005
  </DiscreteSampler_grid>
