  0.00155928682063607  0.01621313683539329  0.02743094264272154  0.03711045496611282
  0.04664406755655624  0.05564354078957689  0.06379013700987095  0.07240515899081473
  0.08173206920921378  0.09343057526077535  0.10667406474444557  0.11860280246924072
  0.12810505643826883  0.13657687211846592  0.14421513910225101  0.15157565018672348
  0.16073859928445580  0.16988620154974307  0.17831879890825864  0.18483408368935803
  0.19434278797111484  0.20494219637117353  0.21616324251706504  0.22763868295135420
  0.23906200732800351  0.24998137350406993  0.26201487051495020  0.27473746277071187
  0.28750734316779031  0.30007087019761819  0.31259166062512189  0.32462333226195478
  0.33466334847784740  0.34270162041466240  0.35076983863811168  0.35974987573626682
  0.36871366929809229  0.37814139069000902  0.38726348301157937  0.39738687992003235
  0.40938333347445605  0.42280710670075317  0.43708034194586565  0.45075553295251758
  0.46205179669042373  0.47128157674216314  0.48080958459754108  0.49169876013118008
  0.50257667203482081  0.51182281267108443  0.52122149607143320  0.53351407037202558
  0.54712820315547661  0.56016790776885150  0.57132712722841650  0.58109818036847827
  0.59085950565631906  0.60086320845738361  0.61084504805103768  0.62203836164250437
  0.63182355757400388  0.64071271538621777  0.64959134713439526  0.65816608870330229
  0.66651077042016060  0.67514917989002265  0.68437947881156258  0.69380180473017261
  0.70315300301233408  0.71321037965732836  0.72434093395407617  0.73636528144472890
  0.74837377776114367  0.75947643937459708  0.77015625636940699  0.78093611442881872
  0.79173127416305111  0.80288654763579537  0.81535291103342700  0.82893715024090842
  0.84263723786273803  0.85559771541801788  0.86782473417577821  0.87995555306579942
  0.89153851448326771  0.90203435319892167  0.91220684929732754  0.92281419046451696
  0.93317705889918168  0.94210248532086893  0.95009075312035729  0.95811095490611065
  0.96759408189506713  0.97825111134795106  0.98904095131943059  1.00000000000000000
 -0.00003746559225871  0.00087856356192177  0.00360684173202078  0.00734285141989541
  0.01149035271827064  0.01613346676392669  0.02311602582509609  0.02869989579025004
  0.03411690809877204  0.03995392517526946  0.04589757422342530  0.05218884705280664
  0.05895914136591297  0.06524944354183318  0.07118832681992135  0.07746888309360948
  0.08412566274904169  0.09132290180347832  0.09885577424820370  0.10717653437452876
  0.11696621243953600  0.12733649877723410  0.13611063248234342  0.14366868149841636
  0.15128920993218700  0.15860400215004739  0.16575197838955516  0.17316666026735295
  0.18021779799228807  0.18754421501559473  0.19616502246635112  0.20658200420088607
  0.21618856737391925  0.22394450618813108  0.23232118606041458  0.24056614314985936
  0.24906606274691084  0.25794603445482733  0.26630448613017910  0.27457980059425002
  0.28316663858091390  0.29206221312471636  0.30141756275058218  0.31089164574379285
  0.32127618496168892  0.33317459735059618  0.34547921806112025  0.35798621582257656
  0.37085737326196000  0.38356981953917541  0.39554415202929194  0.40825818253498974
  0.42124254296129576  0.43413947137938652  0.44691995001652662  0.45965304135206508
  0.47254234833683972  0.48568846388042269  0.49902083150265741  0.51249433548675816
  0.52607343430211462  0.53971781702899002  0.55314371049001654  0.56618499523378230
  0.57912880997470584  0.59240090690188096  0.60615977666968845  0.62050713803122670
  0.63830173765315590  0.65516699247982912  0.67028361445796447  0.68347813892988374
  0.69691272977909902  0.71050251327812697  0.72444091051558801  0.73821067545402552
  0.75141931016397245  0.76401664657317880  0.77590740366909783  0.78694206458957960
  0.79858388388613466  0.81036272174307111  0.82245455444068771  0.83471371969167907
  0.84685381968900053  0.85886712774395313  0.87168494534644159  0.88603463758310352
  0.89998279429058814  0.91369447907063539  0.92720472333835535  0.94177762438500368
  0.95673095022805787  0.97143641157595262  0.98597675234004334  1.00000000000000000
 -0.00194522513543157  0.00852422222097951  0.01442311010687845  0.02010362128516693
  0.02685473056137546  0.03549612656158553  0.04422368028237990  0.05245481407760383
  0.06084398842570602  0.07184197693041998  0.08459091598649278  0.09698585404631932
  0.10838898230619649  0.11957603081083322  0.13035964656918383  0.14219919466441555
  0.15459586933496491  0.16735555328656010  0.18013941414542786  0.19047429598958973
  0.19850914795300495  0.20618714789671441  0.21382451239430722  0.22171304070291650
  0.22982148281622672  0.23769577571330142  0.24436459676743208  0.25191466812274604
  0.26266719877023770  0.27543073096089482  0.28755612421938120  0.29831908916413291
  0.30822118627708861  0.31772987397757751  0.32763574834768089  0.33728573125707867
  0.34706633268502657  0.35816039307725522  0.37210754860066603  0.38594449497485744
  0.39880799354034441  0.41153960625724939  0.42382238798728422  0.43625715731288811
  0.45169112827006136  0.46379425191270390  0.47480715025829129  0.48541177146470182
  0.49525775182627341  0.50503536941312510  0.51486336219775830  0.52542284464378797
  0.53736154000097536  0.54983288738217706  0.56154762992787921  0.57200272966195209
  0.58123564563139862  0.58906245667926604  0.59654594047703247  0.60407548504743269
  0.61156862404192658  0.62028354502874361  0.63011496902271635  0.64068877888337761
  0.65058310180540191  0.65935832220739354  0.66829960740730820  0.67769628814864236
  0.68750922388085445  0.69765017117014216  0.70684728796410023  0.71610404919921189
  0.72641227759851623  0.73736843475092451  0.74992340938834301  0.76237622108795311
  0.77581281475766328  0.78864530947126132  0.80010163195831119  0.81066149827201739
  0.82170336904159202  0.83228956486528494  0.84285644247017200  0.85361200402556014
  0.86536198822975385  0.87735962689350611  0.88862765524385723  0.89938506073741042
  0.91086526902492770  0.92284318928174458  0.93480143844628305  0.94720315067600169
  0.96032178142571312  0.97392336021690640  0.98759989424372974  1.00000000000000000
 -0.00127347169693359  0.00641062782648548  0.01360853638177538  0.02150856983545420
  0.03051563994713599  0.03893803450486481  0.04831238063479668  0.05885238519900422
  0.06979588136490930  0.08073058138872839  0.09157714562412833  0.10213511869129324
  0.11161185528158753  0.11838918367587953  0.12628637114376998  0.13477014341065588
  0.14354401688533891  0.15359088207025687  0.16464760295251490  0.17497469439861246
  0.18511258577994247  0.19580991606768786  0.20675401448823574  0.21782737537412655
  0.22939437779264471  0.24177360163301995  0.25411258152529542  0.26718516349526578
  0.28268547619448819  0.29723268466239372  0.30989482299609916  0.32291368536007042
  0.33829488870655744  0.35390657152163957  0.36841955362776940  0.38386617522969729
  0.39832917354061537  0.41042795247087638  0.42249323799101524  0.43492176433152174
  0.44704415612904613  0.45706023526815415  0.46749675911862321  0.47884083231974556
  0.48956739992473541  0.50083966463643825  0.51510998564819188  0.53196931990076068
  0.54921205554087027  0.56516957680039015  0.58006861133576082  0.59444770140986636
  0.60913375362117617  0.62256009461837003  0.63369717359350930  0.64393782876469552
  0.65502146584951504  0.66673488011967841  0.67775841185539221  0.68910579210728240
  0.70333900152039608  0.71417869578343218  0.72357752354313210  0.73240922195136815
  0.74127847780194212  0.75057158406304625  0.75981588904865582  0.76759701300275207
  0.77696561273166465  0.78839293765762397  0.80104548813137599  0.81322485400349986
  0.82498606630866700  0.83641565394593043  0.84674966211146185  0.85534230806011968
  0.86278932897761684  0.87036819875170479  0.87709039941226030  0.88281032405920601
  0.88829893402118620  0.89377744911788293  0.89992520710801516  0.90630072413166918
  0.91191342697191868  0.92156440096242720  0.93292077364867521  0.94258403153250048
  0.95048664156574358  0.95827021135189183  0.96516767051742658  0.97168295440462749
  0.97783039444851227  0.98390817517028062  0.99111497286634165  1.00000000000000000
 -0.00470023935399727  0.01464473603024109  0.02529028943407152  0.03301165168896781
  0.03975442737630760  0.04627277493482078  0.05365946420211200  0.06163462294551973
  0.06920487473260493  0.07637057494242094  0.08667201622343378  0.09960759936956962
  0.11175850340187607  0.12279962431624115  0.13407687697760848  0.14603478577884033
  0.15813214282275645  0.16994546695943755  0.18177450538660206  0.19429083946349809
  0.20610726404367352  0.21664906154762301  0.22589648801892542  0.23536166619579618
  0.24481181143526859  0.25602176465479975  0.26726041566074427  0.27969375631161847
  0.29186156099832899  0.30192745393735054  0.31076158631071843  0.31984603661342303
  0.33007227541071110  0.34102479003350411  0.35020805865118981  0.36013352276760907
  0.37038644203612342  0.38092026061102918  0.39170069839267480  0.40079544782047299
  0.40947850516467282  0.41837165313085956  0.42679525286075060  0.43470979075214639
  0.44268447297260144  0.45099303694296622  0.45891703505698872  0.46701933318460587
  0.47394238827735941  0.48102496907406628  0.49046708503932757  0.50118971749815111
  0.51287767661585715  0.52574786316528743  0.53853792714274928  0.55078026714198502
  0.56213515652080415  0.57120847639817474  0.57913201164215522  0.58711997055137755
  0.59503169581314330  0.60303246025173929  0.61138946566580343  0.61941119030492187
  0.63087288198202107  0.64360109863629611  0.65496821462868304  0.66586775931302178
  0.67645461667682161  0.68651412858056604  0.69664991400794851  0.70697826611950054
  0.71849033657068484  0.73111064622472310  0.74331709741063257  0.75525203444416122
  0.76847107916890400  0.78332012778925575  0.79867169858694087  0.81173735756540177
  0.82332505345538853  0.83354723892545712  0.84299257553204376  0.85240067064419778
  0.86212619093814591  0.87251371126632005  0.88366939699562164  0.89470966914443206
  0.90537420180637929  0.91619303932305030  0.92741302502700373  0.93935536755781990
  0.95277495000312418  0.96794382728411332  0.98414476327508127  1.00000000000000000
 -0.07566490294115655  0.83184317440307876  0.91445718483058558  0.94452597163107588
  0.95904427895212052  0.96406724404762933  0.96818723300214360  0.97178909353295906
  0.97491693456598916  0.97762413683179050  0.97993216093043289  0.98178431981185643
  0.98346355448053235  0.98494353896968301  0.98627045300909599  0.98742690223733165
  0.98845981677379302  0.98941806093904450  0.99029082127863921  0.99107582202787081
  0.99177187821328538  0.99237688297388948  0.99291003321602112  0.99340511825476052
  0.99385254548325463  0.99426457286718939  0.99465076241046568  0.99501301337457293
  0.99534192053715664  0.99563950201233431  0.99591095776666116  0.99614686214793768
  0.99637256545567487  0.99657053351979286  0.99675332194414834  0.99692558386138064
  0.99709243375347667  0.99723876033606096  0.99737300569904030  0.99749808439723819
  0.99761700592985669  0.99773116302705545  0.99784077291501516  0.99794131721833490
  0.99803140756346131  0.99811963681822491  0.99820564767276387  0.99828835728645704
  0.99836905877834581  0.99844749811522593  0.99852064597688062  0.99858549303331212
  0.99864624788999379  0.99869662904222456  0.99874597068199000  0.99879528406937867
  0.99884337749858765  0.99888926009586487  0.99893427481317421  0.99897722963140823
  0.99901894237301170  0.99905950123919540  0.99909859228641196  0.99913639688919942
  0.99917298249039954  0.99920855172276002  0.99924321427371487  0.99927674868568406
  0.99930947658140767  0.99934120574348728  0.99936949064918301  0.99939735481225644
  0.99942455072767011  0.99945062230095849  0.99947608668651011  0.99950067760944561
  0.99952402308534150  0.99954722763566306  0.99957023933904643  0.99959295319201058
  0.99961529482664213  0.99963744964896351  0.99965935536124595  0.99968057058614546
  0.99970157315018804  0.99972251040498417  0.99974339839530535  0.99976428376440629
  0.99978539854624215  0.99980656268152757  0.99982777640812803  0.99985359247975203
  0.99988101158040055  0.99991065534768397  0.99995107631201463  1.00000000000000000
 -0.02473587941225592  0.13676973537182335  0.19689766279557055  0.24658799821318106
  0.28630275763043689  0.31503746409474254  0.33490121442400050  0.35153633594349409
  0.36470017295576984  0.37643261329927424  0.38804102999306639  0.39912147964367961
  0.40961700406385981  0.41961168648866332  0.42879959514524113  0.43691390719355527
  0.44452119510227672  0.45194352127347670  0.45945848084038537  0.46644815250750654
  0.47278935852105131  0.47981381065928924  0.48741597662592751  0.49511699495119044
  0.50267839893479016  0.50989420588795065  0.51655830164300687  0.52260044882466250
  0.52849806061047577  0.53433528989464063  0.54037168789955448  0.54641368630049991
  0.55249457516054956  0.55857693969827915  0.56433107355784451  0.56945804681499501
  0.57424566953254796  0.57918035106297072  0.58436189414775452  0.59039907677619852
  0.59601779281883238  0.60138402227458554  0.60666536208075017  0.61194562010022846
  0.61713507093533315  0.62231756534204363  0.62779869464635774  0.63366949200056721
  0.63992902572402588  0.64573527280865151  0.64984587043144404  0.65340358278017374
  0.65719903835520155  0.66105089274740469  0.66563125844520565  0.67033015675776519
  0.67484324176235078  0.67920478345899327  0.68334891317415403  0.68743301182082928
  0.69157120507944070  0.69577826252299668  0.70028230594730712  0.70502491413616486
  0.70979811630158907  0.71461877928050377  0.71935466276605542  0.72405443186324325
  0.72907815414774624  0.73533931257672769  0.74232006055720090  0.74826301253940508
  0.75309943942851465  0.75759414204093145  0.76232885349306478  0.76658602083984007
  0.77096654818374422  0.77540631011145211  0.77976553915288094  0.78467609453249931
  0.78986493544190894  0.79540433409157818  0.80157906622542208  0.80807449266330145
  0.81507560229790932  0.82238653376544291  0.82952404757225107  0.83700363231111041
  0.84582224623308755  0.85559247638755664  0.86463534731571801  0.87526205249102262
  0.88722110438673951  0.90007299179966915  0.92365957017373179  1.00000000000000000
   9.2536210751173365E-009  -1.0000000000000000     
 T T F F F F T T F F F F F F F F F F F F F F F F T T F F F F T T T T F F F F T T F F F F F F F F F F F F F F F F T T F F F F T T
  <DiscreteSampler_grid>
  grouped_processes
  1 # 1 for a reference and 2 for a running grid.
  10 # Attribute 'min_bin_probing_points' of the grid.
  1 # Attribute 'grid_mode' of the grid. 1=='default',2=='initialization'
  0.0000000000000000 # Attribute 'small_contrib_threshold' of the grid.
  0.5000000000000000 # Attribute 'damping_power' of the grid.
 # binID   n_entries weight   weight_sqr   abs_weight
    13   10   1.815976729662001E+000   3.136090106261919E+001   1.815976729662001E+000
    14   10   1.815976729661996E+000   3.136090106261902E+001   1.815976729661996E+000
    16   10   2.825946994341277E-001   7.595542681005832E-001   2.825946994341277E-001
    17   10   2.825946994341271E-001   7.595542681005797E-001   2.825946994341271E-001
  </DiscreteSampler_grid>
