  0.00119688839670646  0.01707817970731236  0.02646544111789290  0.03502210776627431
  0.04293039421987813  0.05114860683080032  0.05975778613579059  0.06816843327999571
  0.07592133693972461  0.08586900423674687  0.09842052501444300  0.11088001701490444
  0.12241226990237826  0.13380252956186059  0.14525993564099257  0.15620772627918886
  0.16663458195071634  0.17691168108935934  0.18639110110908452  0.19495570290090350
  0.20364860161684734  0.21266056787904050  0.22255354345948514  0.23268992790338536
  0.24291845453743893  0.25369258384350496  0.26515524674527208  0.27722979336780884
  0.28943041932986702  0.30087115025460359  0.31118820297966993  0.32135880181239113
  0.33383566184639790  0.34505763841758508  0.35664641358758653  0.36834793505129737
  0.38093504992639982  0.39363024203527591  0.40573968543128081  0.41674635346135480
  0.42706330762381728  0.43767456241735403  0.44769006603472561  0.45802847830619386
  0.46878187846289254  0.48027993065466529  0.49261288684570753  0.50480040701494089
  0.51598219402064260  0.52652903087076841  0.53733455166418731  0.54561648605815982
  0.55348248413416112  0.56222270797247786  0.57052825034689247  0.57964551949771992
  0.58933337993447388  0.59877332184658405  0.60943442592748864  0.62249012276282134
  0.63312230551199244  0.64271649093492844  0.65375910138305438  0.66468879716136797
  0.67467485301621555  0.68163400583471301  0.68967830722430912  0.69963447638528353
  0.71057752105404404  0.72085598512853055  0.73174077519804925  0.74343489828043663
  0.75444535124038581  0.76448318268849624  0.77459068603034453  0.78620059032724743
  0.79720780078529929  0.80733394538926273  0.81776635139485032  0.82870056233106248
  0.83965703543542092  0.85040500622946436  0.86140336074729629  0.87257272558146226
  0.88390273278478471  0.89602200085305628  0.90967804949799114  0.92400139175549734
  0.93699669762293902  0.94720080352866076  0.95725081243854993  0.96753367726215644
  0.97728261132513539  0.98627707981849921  0.99216470594420136  1.00000000000000000
 -0.00004336541125844  0.00099178997138675  0.00323742519915562  0.00676870660421433
  0.01120447145683307  0.01607081151526802  0.02241307817855740  0.03069947261968279
  0.03806406336635969  0.04419894334113727  0.05068832834364468  0.05732053332817336
  0.06381073809997409  0.07075984123916898  0.07831366900394696  0.08585536772484136
  0.09283525278778969  0.09974018509904094  0.10639320164937610  0.11319248430778062
  0.12063178946467251  0.12855080114522360  0.13688058969262859  0.14462702377027969
  0.15307096204518036  0.16233898973617283  0.17130405211422614  0.18001603595926638
  0.18874225583709553  0.19688204124001604  0.20482736224497619  0.21329781329069100
  0.22215777869482628  0.23128867667377323  0.23936680213433986  0.24747331823205093
  0.25636511532687545  0.26500966940474036  0.27368370963551203  0.28412910325362745
  0.29513032527287841  0.30662583937152021  0.31779578556455101  0.32789149478011653
  0.33763828159831649  0.34804906090960064  0.35897785666446025  0.36983152405425901
  0.38032656987950447  0.39027911775377461  0.39999733199287374  0.41000798722631704
  0.42047377543470482  0.43108201363963611  0.44174038032823792  0.45180504171293262
  0.46232661149466558  0.47404468839388031  0.48551321613120485  0.49672796682351011
  0.50776411811993594  0.51906079826809426  0.53083233296280130  0.54281716673917002
  0.55474836129328864  0.56667277520550230  0.57911295356106585  0.59087222604678280
  0.60260939845647077  0.61442951283968916  0.62631931381106098  0.63849742056735881
  0.65098720816281885  0.66354361188783151  0.67629020167439668  0.68948786341733659
  0.70279023452332889  0.71684652419651229  0.73160874792305552  0.74673842955603054
  0.76227607988246937  0.77841374045713219  0.79483419881001072  0.81149679473544534
  0.82841753993668787  0.84447189293160752  0.86049520747179342  0.87627587417623221
  0.89185245543056968  0.90793431867231411  0.92361765808089114  0.93870141043896183
  0.95379504547594063  0.96908502870820112  0.98453151754609725  1.00000000000000000
 -0.00270269189606492  0.00899535279771596  0.02029327307148383  0.03020643984915046
  0.03877121438307243  0.04668955181503431  0.05361306738358562  0.06302793342858763
  0.07105161406369333  0.07896643593159523  0.08755148009551686  0.09741327112960062
  0.10746720740836684  0.11719334383767176  0.12689173022001998  0.13711544491339994
  0.14874835771390155  0.16325091621586932  0.17849655701502881  0.19212807291494161
  0.20382028861542312  0.21450906232078717  0.22494681536541811  0.23507934910734138
  0.24629807327654391  0.25884201183265315  0.27088162759278178  0.28364542900204537
  0.29626333782563047  0.30866902941247337  0.32045842655904461  0.33167545767724760
  0.34289907309199574  0.35435758984085075  0.36592292594778125  0.37730556861254760
  0.38895639205017118  0.40118044842972661  0.41343901976848874  0.42512000539557460
  0.43656187068609414  0.44892281707698384  0.46255126045483397  0.47560935272389698
  0.48649710585512196  0.49605453450997933  0.50592008683834744  0.51557779156200834
  0.52555348985394046  0.53549587366642570  0.54448288186980476  0.55440333643814932
  0.56381314441287289  0.57528914508876294  0.58941236671065678  0.60420040399152686
  0.61491540957610147  0.62483864342215045  0.63560151780420848  0.64559070869073110
  0.65294372047848015  0.66073329763101807  0.66867515563739977  0.67755484852891812
  0.68717621231629056  0.69649576338080499  0.70501175718052878  0.71448499366851359
  0.72555178598921344  0.73627663197262450  0.74633567143158164  0.75667600424507042
  0.76597814431825451  0.77406887404925417  0.78225068914883134  0.79138970789799268
  0.80156343249250406  0.81139860097381700  0.82173442355117188  0.83282446580637337
  0.84393375081317534  0.85548867247168758  0.86743661601878375  0.88006033040003406
  0.89446511999519773  0.90838424566001574  0.91961334807708428  0.92918510606189841
  0.93753004272571361  0.94584303090607613  0.95466532657236924  0.96336165821190201
  0.97217007186594273  0.98161064877942328  0.99087735971343815  1.00000000000000000
 -0.00207217185430090  0.00764377099679075  0.01649922562425220  0.02404864876379539
  0.03099658544570399  0.03882211032825703  0.04749669926544424  0.05607580397699874
  0.06435326952971912  0.07287366767801298  0.08173781505730487  0.09056884697799321
  0.09937079594245785  0.10813117330236904  0.11669018163320778  0.12573901988998701
  0.13611852782114389  0.14742349366580870  0.15926458824518161  0.17039968160412336
  0.17901217681904225  0.18801527247832600  0.19670395632075938  0.20661356580577978
  0.21811902242296724  0.22891828775393180  0.23906713136056382  0.24961644065082383
  0.26006691969444135  0.26917596135037331  0.27719494059256661  0.28460389083565435
  0.29468958837927789  0.30872807311078576  0.32219392571989602  0.33668453824048500
  0.35172787907987063  0.36339684542081180  0.37386060450729836  0.38624372628204939
  0.39991982037066720  0.40881903742877040  0.41911666281184001  0.43235293937445785
  0.44828519132950589  0.46532285633681125  0.48211346483305378  0.49832888033045897
  0.51357164601495153  0.52586480779140887  0.53599303538099441  0.54571822916137980
  0.55587905909798208  0.56719851233604468  0.57890108643858729  0.59123949464889436
  0.60265358688072479  0.61448799184062419  0.62709815074784470  0.64116702538936732
  0.65561581911261790  0.67023589480214374  0.68400002797220749  0.69432588477919555
  0.70343050997118040  0.71363096687586636  0.72397007418142423  0.73445720603861508
  0.74552774464421945  0.76121340341375465  0.77545518947287584  0.78846774329121116
  0.80104444011808373  0.81294052213034607  0.82455112334959668  0.83445090747590511
  0.84236328368992308  0.85074374223511962  0.85873932860339097  0.86628749745411826
  0.87337890519187988  0.88054104643108255  0.88759868942475062  0.89427033630206043
  0.90255305445723832  0.91125926611646024  0.91970950157090170  0.92842038911785252
  0.93713508146961955  0.94529996432755714  0.95255765930394909  0.96187678085430373
  0.97142190274524098  0.98097484959245185  0.99056531098402767  1.00000000000000000
 -0.00344291123406060  0.01114378734116588  0.02371800570358140  0.03461082937150771
  0.04437559613482112  0.05363533385346646  0.06272819839503291  0.07337803520487167
  0.08612695493156150  0.09822197093839366  0.11086539565326387  0.12328728041739893
  0.13421930075523875  0.14348015587868673  0.15176754299700787  0.16014256001760402
  0.16905891496009928  0.17923145817743635  0.19101612284991190  0.20398281805733043
  0.21685712929811812  0.22928657976919042  0.24068143888516261  0.25175801475843829
  0.26314765265300799  0.27249151802380545  0.28205714854409314  0.29189592547096110
  0.30266573576760508  0.31492743151590497  0.32751419438850249  0.33927474049327155
  0.35039504354784173  0.36128592302483864  0.37241506765814747  0.38402910280927921
  0.39654191718346793  0.40837658173034325  0.42135868283487510  0.43287391797123298
  0.44499439652480449  0.45737042418849466  0.46445612747312437  0.47354717703337323
  0.48203533320840186  0.48971194413161978  0.49784902541761050  0.50691804799251561
  0.51478727570259120  0.52313304283229378  0.53317344453141491  0.54374710593719355
  0.55428383172156226  0.56380982212094410  0.57284857059233629  0.58201640040845681
  0.59098795173839491  0.59847527047234317  0.60642283755577975  0.61508379714156447
  0.62408680875312328  0.63306474071000129  0.64282571317008030  0.65433807176080416
  0.66618364977381239  0.67641607559854589  0.68605617366358307  0.69628416797283621
  0.70658476404189841  0.71661520507624354  0.72546588490997765  0.73458812841411303
  0.74352542846265079  0.75212193938996341  0.76082177918551275  0.77046641842906283
  0.78119301258066720  0.79177172191837464  0.80269492412274446  0.81397917475658166
  0.82594389796368184  0.83779344607874007  0.85136946917524503  0.86533322052277517
  0.87814120066369383  0.88962479921697302  0.90086753236103345  0.91261177438017682
  0.92452105601311896  0.93606632819042646  0.94709433344033778  0.95784305044756934
  0.96793334331186676  0.97821392151453312  0.98873937761255659  1.00000000000000000
 -0.10693001708327921  0.83959404416657069  0.91232723101789948  0.94237659592477929
  0.95825125105173214  0.96321226715713026  0.96727141484851253  0.97092544365494537
  0.97401883261517797  0.97676955019064859  0.97921708725255008  0.98114446433970537
  0.98285809079245845  0.98435886591619992  0.98571304533686721  0.98693049995383919
  0.98800404557636357  0.98899114021605727  0.98988154317249455  0.99066875765193951
  0.99137487811037917  0.99203316865173385  0.99262622600147243  0.99316132738385809
  0.99363796371786262  0.99407213394451410  0.99447138032526627  0.99483719953967187
  0.99517584131540171  0.99548267335049490  0.99576609112052494  0.99602856071051771
  0.99627378000894640  0.99650935275375330  0.99672145994269079  0.99690825593101950
  0.99708520687876623  0.99724890027348523  0.99739933955703108  0.99752757777429202
  0.99765171837800148  0.99777053431320761  0.99788618059461154  0.99798992328310288
  0.99808138974481608  0.99816659917305040  0.99824974536343458  0.99832982710031271
  0.99840723912685381  0.99848218493207408  0.99855327356711043  0.99861895508728160
  0.99867938048432237  0.99873004192878523  0.99877811798250071  0.99882516799078602
  0.99887084654491387  0.99891445055230865  0.99895633163336350  0.99899724864787864
  0.99903711866602996  0.99907577598501485  0.99911247426754390  0.99914781290973165
  0.99918225198786692  0.99921590239202240  0.99924876947313523  0.99928050151028869
  0.99931102225601764  0.99934009323063833  0.99936704243196450  0.99939354802139446
  0.99941955595929743  0.99944509397681347  0.99947026506080749  0.99949526607475281
  0.99952000692730869  0.99954441365400204  0.99956693561944143  0.99958909515545802
  0.99961098326414721  0.99963271916005925  0.99965427159787790  0.99967572958360984
  0.99969726956567595  0.99971838927295587  0.99973928636766418  0.99976003668443236
  0.99978148568003411  0.99980338922644352  0.99982604518642559  0.99985086740350004
  0.99987794941024333  0.99990883814820553  0.99994920669452625  1.00000000000000000
 -0.02157671088199341  0.11476183486488814  0.15692334234429298  0.20177706400007120
  0.24176939593962257  0.27321503808956110  0.29860816241488369  0.31601569135102237
  0.32965870618583470  0.34207539287489441  0.35324772911712304  0.36419513320048247
  0.37410952930357949  0.38455842850335231  0.39593217446769075  0.40714731391171677
  0.41785949128469368  0.42788726268666222  0.43725308851893840  0.44543466485921590
  0.45284334951950372  0.46015647680799460  0.46713333504100674  0.47376356671796210
  0.48054334752036559  0.48721583943912128  0.49347519631103631  0.49967137497702019
  0.50636051791798542  0.51395333189049319  0.52086913687605463  0.52758324779404686
  0.53415278414244016  0.54051842545740880  0.54666156244023834  0.55256122191899015
  0.55816978528177619  0.56375144171087654  0.56858162379807597  0.57422861414954984
  0.57948688512276170  0.58426426699049050  0.58876469588681601  0.59312401207164878
  0.59754615882628259  0.60261013316169676  0.60797617851440189  0.61288961901750538
  0.61738296028483652  0.62174930994591127  0.62646310797447813  0.63160419151100122
  0.63701029616937010  0.64292468299493499  0.64721041954360148  0.65099712622901407
  0.65479367658872567  0.65859918035986553  0.66234784151452542  0.66657726997209066
  0.67064308378500370  0.67437724956941347  0.67817667879486809  0.68210797981798010
  0.68625074335728276  0.69094861389451800  0.69581898964686018  0.70046751552319897
  0.70495034979931503  0.70955794115202142  0.71443834013084317  0.71954765695932521
  0.72460591786812512  0.72985788092126280  0.73524675718170485  0.74066192905319717
  0.74612491332128483  0.75178374335270537  0.75772810999769757  0.76374230611832139
  0.76976197555948322  0.77607636762734977  0.78295012260323493  0.79020692391789971
  0.79754311555490232  0.80527801323747628  0.81352796130919158  0.82179599158609107
  0.83009225925103869  0.83885305630593288  0.84863687293076484  0.86048905091432037
  0.87505678390472708  0.89406905841258044  0.92301273436928788  1.00000000000000000
   7.7185760269764592E-009  -1.0000000000000000     
 T T F F F F T T F F F F F F F F F F F F F F F F T T F F F F T T T T F F F F T T F F F F F F F F F F F F F F F F T T F F F F T T
  <DiscreteSampler_grid>
  grouped_processes
  1 # 1 for a reference and 2 for a running grid.
  10 # Attribute 'min_bin_probing_points' of the grid.
  1 # Attribute 'grid_mode' of the grid. 1=='default',2=='initialization'
  0.0000000000000000 # Attribute 'small_contrib_threshold' of the grid.
  0.5000000000000000 # Attribute 'damping_power' of the grid.
 # binID   n_entries weight   weight_sqr   abs_weight
    13   10   1.166382457781343E+002   9.128332204418091E+004   1.166382457781343E+002
    14   10   1.166382457781340E+002   9.128332204418050E+004   1.166382457781340E+002
    16   10   1.514484373541952E+002   1.536725999640605E+005   1.514484373541952E+002
    17   10   1.514484373541949E+002   1.536725999640598E+005   1.514484373541949E+002
  </DiscreteSampler_grid>
