  0.00456612533757257  0.00494792049110608  0.00521836468219333  0.00549656752895212
  0.00577587405849632  0.00607744589979681  0.00638396037749939  0.00679648221679204
  0.00723621832577020  0.00768993414630213  0.00814614970986570  0.00863918950773349
  0.00917216286695345  0.00982935869759120  0.01053280394343021  0.01127149435051778
  0.01210264034222913  0.01306963533102925  0.01416452371220973  0.01536605727142896
  0.01678289370665532  0.01838511841435403  0.02022018870597013  0.02236890094485562
  0.02484997096403378  0.02752140609581769  0.03034780651915832  0.03324472707207723
  0.03617442552937874  0.03890593413012976  0.04160539522317264  0.04461309950138918
  0.04785289560685222  0.05129040968090562  0.05492086650421771  0.05860339911632065
  0.06239885609090513  0.06633265529743135  0.07022346440931995  0.07449506905003958
  0.07882555006046682  0.08360040520936957  0.08872199837070720  0.09404671203992344
  0.09886907414684531  0.10364965826530202  0.10845084781636799  0.11378506873654574
  0.11920055023854270  0.12637420846384270  0.13419822930793032  0.14202399125711321
  0.14948195195583247  0.15793419913407364  0.16629516557043228  0.17542628353885764
  0.18338443214039216  0.19205573344848523  0.20067378261744240  0.21039252412409204
  0.21891316016852091  0.22734032252328956  0.23615146381458946  0.24609602386570054
  0.25550571192474303  0.26495286268653112  0.27401705094208373  0.28349572886185986
  0.30402299411713557  0.31991993365910398  0.32795125682015092  0.33739604078981439
  0.34656094342096366  0.35901218094789400  0.37515553405263780  0.38731964780465250
  0.39664567995767169  0.40615434536765072  0.41777101881342538  0.43375571438960542
  0.44798143586620792  0.45926851995035289  0.47289801907962103  0.50149593133867232
  0.51365647566191874  0.52355812329948337  0.53782737668189973  0.55314642946658765
  0.60489955255407601  0.62735443841261174  0.63977298488618506  0.65548909131965571
  0.67024424880281752  0.68491540111099980  0.70633497270539147  1.00000000000000000
 -0.00279731989593421  0.01157057969636618  0.02303452671539956  0.03573518275098330
  0.04842668907856581  0.06064720959375202  0.07228718954782529  0.08368673535103263
  0.09463326602962606  0.10515415041936096  0.11532875620783582  0.12536062225904568
  0.13661092164252769  0.14746493375888392  0.16010730320087552  0.17158550210298948
  0.18302462632170818  0.19334183806568800  0.20349844619490723  0.21331886126538838
  0.22344860832446251  0.23418932637666257  0.24576703036396980  0.25646449945024663
  0.26644307078347756  0.27610730447665155  0.28570904481950837  0.29572518182708074
  0.30620376283265921  0.31639792822000223  0.32644505636292082  0.33626426817918598
  0.34610927261831798  0.35702755175411416  0.36766373624884530  0.37830996802404726
  0.38800733915483093  0.39702338569943996  0.40592522146464993  0.41534232691836054
  0.42566895124950832  0.43664068980621334  0.44683317289901131  0.45712697458322521
  0.46697549261907761  0.47705315457356195  0.48709279781837500  0.49678119397256676
  0.50625044141139341  0.51610165173650613  0.52637675520236249  0.53654844206663843
  0.54638472933934989  0.55628186309573568  0.56637016605338686  0.57590404384248406
  0.58541767886335905  0.59484100313597033  0.60461049836224312  0.61360107519128582
  0.62259045543491331  0.63176125895998503  0.64090798616036437  0.65021844578237598
  0.66022192933222990  0.67102463411673874  0.68201179075037532  0.69229577768654016
  0.70210831356034364  0.71195089347140195  0.72213224098221329  0.73246205722844737
  0.74266979435201885  0.75291921796671801  0.76304083398020461  0.77318533675120105
  0.78322783556799813  0.79312878399484588  0.80344852223885399  0.81401701838781215
  0.82482907064497146  0.83587072922593075  0.84670333159535249  0.85742986100541008
  0.86814827839929065  0.87879723017742528  0.88961831570399907  0.90103293916552540
  0.91261755139910805  0.92355078187252482  0.93451332096153605  0.94716755432597910
  0.96041746740965084  0.97413978765856191  0.98691909568178648  1.00000000000000000
 -0.00174388973720331  0.00967995094949707  0.01979035035203775  0.03038171934370531
  0.04032434972117740  0.05044258486867597  0.06020212852668185  0.07001477863363732
  0.07971698016401506  0.09009712956016382  0.10115498155839577  0.11304828707413479
  0.12501784240515953  0.13646130486893496  0.14781164871441627  0.15890292273601758
  0.16988500258491646  0.17975488713024659  0.18978371379697836  0.20011420214019376
  0.21035245132228805  0.22060209169046827  0.23131214237643244  0.24225514419490055
  0.25316850832210447  0.26428427488600537  0.27445242147744420  0.28392894692518211
  0.29359136987158130  0.30372109051219759  0.31440236391898685  0.32488953946345689
  0.33482748037597510  0.34702641384894400  0.35844584757879977  0.36959694587814651
  0.38038432638908520  0.39160686576632969  0.40306409811908817  0.41402499147292277
  0.42543416420728647  0.43653283879174765  0.44739470139101106  0.45766553159525725
  0.46805147184185425  0.47901866066654664  0.48933702469227380  0.50004784036667660
  0.51072061315027373  0.52181048988735779  0.53284568329885840  0.54335396276666725
  0.55372021322524057  0.56435179653752321  0.57582119293150857  0.58722855447766775
  0.59799035493504937  0.60864853777935934  0.61925996036813058  0.63001796876673777
  0.64078498643912118  0.65117919967926652  0.66119709733963883  0.67129030931772593
  0.68225390416027221  0.69395078411260569  0.70514683698035197  0.71521824303299020
  0.72478447786040967  0.73424389496111875  0.74374870091802803  0.75357827376052611
  0.76361897305073678  0.77316426336416355  0.78254631784385076  0.79203797970230227
  0.80168521474783949  0.81168862707580514  0.82103063886502536  0.82981268337379155
  0.83870091517998691  0.84837386057140640  0.85879938080324680  0.86962105063850781
  0.88014131545562380  0.89083391051264971  0.90213216479683211  0.91414269352133826
  0.92595545024945991  0.93702322934337079  0.94715525046958182  0.95680023550611026
  0.96672195219038248  0.97737587028338935  0.98879633832167502  1.00000000000000000
  0.03944410296350894  0.04510257003340466  0.04953744273098623  0.05386927715317702
  0.05830113454194386  0.06240474753453034  0.06708776803305089  0.07186471483862296
  0.07756312947073067  0.08370840223149317  0.09090319461495193  0.09883800205360210
  0.10697304726660764  0.11559416662983413  0.12405963454516632  0.13222010619920796
  0.14099762851037961  0.14971484635386687  0.15866490472445155  0.16758878268440866
  0.17654786321771701  0.18563251981047385  0.19438739144546519  0.20303597728770190
  0.21157877849300871  0.22026356065577601  0.22902299053491426  0.23800582339844006
  0.24731698925385953  0.25711460930057140  0.26717899938997536  0.27761689372884096
  0.28879482253002448  0.30014270065749243  0.31230278547517115  0.32446462862902004
  0.33696842046244496  0.34928836608655267  0.36132560242535794  0.37300107508117869
  0.38486388477500183  0.39645786091331203  0.40796073535930660  0.42011346557154272
  0.43323732814502430  0.44594185357071570  0.45770680179375661  0.46916511032297931
  0.48047875052922562  0.49237567300241258  0.50420130139891284  0.51550291844936791
  0.52698884817259040  0.53887334382075924  0.55094097623334792  0.56272313248805295
  0.57426202820307914  0.58551080945906986  0.59657579315282327  0.60829154207004443
  0.62082497259771952  0.63303131603183616  0.64454558097386683  0.65570768595237749
  0.66746218296309479  0.67978164586355472  0.69245817232643059  0.70431821560671493
  0.71600756395270138  0.72792091783977264  0.73933298107250200  0.75041736787249924
  0.76112172677459922  0.77187100310174439  0.78235733062558277  0.79284861441786914
  0.80457635174493436  0.81560103505314130  0.82609294372430531  0.83581276682107419
  0.84483777203294175  0.85374370095875896  0.86232229435307006  0.87149673499566394
  0.88007700954592194  0.88843386467995766  0.89667481891440171  0.90503062998607642
  0.91358805499657370  0.92137810737590831  0.92894348415231287  0.93670162148221647
  0.94311540945327044  0.94923668345990020  0.95491562491943627  1.00000000000000000
 -0.00223282565481834  0.00928046674889970  0.01972939347651025  0.02949134507547008
  0.03896800310918371  0.04782121206938942  0.05659060073331140  0.06573749993381058
  0.07520305890734419  0.08474331813098515  0.09486022739346946  0.10528008557918571
  0.11590838255744695  0.12665882316639093  0.13780582718392895  0.14904615905270729
  0.15991603656850167  0.17063081479975026  0.18120790405848969  0.19196807642754984
  0.20241237045789157  0.21223475380391965  0.22139641089499054  0.23044047701148396
  0.23996429340900105  0.24950896631526159  0.26057413077565844  0.27160265627406621
  0.28308399090033770  0.29416376857184079  0.30498698657464679  0.31547729913632894
  0.32607219588037362  0.33706609371481527  0.34738579731219399  0.35740370767870261
  0.36760805310573730  0.37714030240855484  0.38679303763138528  0.39614782137839932
  0.40635039342361978  0.41681255763884278  0.42708604959953672  0.43744546866973733
  0.44765528641997482  0.45779506097365325  0.46844572512600990  0.47938966126425125
  0.49056805353930949  0.50155404492192246  0.51241500543191509  0.52270178242110910
  0.53195662243169528  0.54071262793939767  0.54983016801576323  0.55914617191571392
  0.56918399889613291  0.58010256605332722  0.59188109337231432  0.60387551718286947
  0.61539183430976174  0.62655780554173424  0.63738576370573596  0.64801717380370527
  0.65810784340071460  0.66815666434161036  0.67865673023097606  0.68931330746783992
  0.70032749366046587  0.71173757903219692  0.72349020186491664  0.73531394247397230
  0.74712742690638312  0.75914630136154782  0.77091024218543225  0.78211186852271519
  0.79306612674778043  0.80409245455490952  0.81486581333509056  0.82501161963161840
  0.83518748061688264  0.84543045851248289  0.85546924241830413  0.86520058765111840
  0.87516997291058884  0.88586277718771878  0.89670838782132323  0.90801631911235958
  0.91967210065171345  0.93242087161181852  0.94468987446630004  0.95709383536045178
  0.96786453606185541  0.97862550813847504  0.98876123762597323  1.00000000000000000
  0.01998691796312623  0.05558457670214262  0.08276855204878962  0.10476439482507970
  0.12432721406384692  0.14217914395896933  0.15928834454703317  0.17566358850765387
  0.19150390257246042  0.20654756328396720  0.22051494135769525  0.23442961774803708
  0.24810132479349176  0.26026093720514520  0.27143851061234159  0.28179449246296001
  0.29280442634089171  0.30406371799469650  0.31605368004515066  0.32786469293846021
  0.33923186917847442  0.35063422263909133  0.36222209996949489  0.37351172707510460
  0.38427766379717521  0.39500087607334583  0.40566911071152323  0.41621953785597965
  0.42691078689330658  0.43714681518427695  0.44690893859024489  0.45615367707873133
  0.46555847435744258  0.47541085696154883  0.48552470688348515  0.49553877991679718
  0.50505474387774907  0.51432555605379970  0.52321627768073076  0.53185185802927082
  0.54032458994087373  0.54884148583278936  0.55738560619155919  0.56578566061307811
  0.57391558962776990  0.58205105901431298  0.59042991780500576  0.59885440090584330
  0.60750459665971479  0.61638784552031700  0.62530535396171949  0.63409908208777044
  0.64309803874688443  0.65216900472966477  0.66098252739913776  0.66961305908489499
  0.67764419346212901  0.68587796206081564  0.69419000601570302  0.70208376568288744
  0.71017356384037422  0.71825065211098771  0.72655502851637876  0.73485851259194068
  0.74307182325379728  0.75141560752019576  0.75992298375878431  0.76846734529860794
  0.77648376072594494  0.78366376331931753  0.79048515915861151  0.79817708254235176
  0.80609447722292260  0.81420502183216270  0.82252264271138964  0.83092853684146928
  0.83887179947800317  0.84631269061462167  0.85358143850418433  0.86015154897141799
  0.86674229559613791  0.87339084792115573  0.88063221305335226  0.88801131175482917
  0.89503225027138356  0.90281282060165269  0.91065767829392485  0.91846398027974641
  0.92627576738975737  0.93409929979807194  0.94213017612773098  0.95058794962766646
  0.95893831444689615  0.96666962907965193  0.97101119405158143  1.00000000000000000
  0.14241498564580041  0.16558448296386227  0.18393632502476948  0.20028277651281001
  0.21604421225390519  0.23130050077166101  0.24567546771308466  0.25932627527957131
  0.27290248560012070  0.28652096264841498  0.29958559701146004  0.31148368738650695
  0.32253663706567487  0.33374253202672244  0.34432539404709084  0.35499808413375694
  0.36499667056696788  0.37483723830449667  0.38420141000419350  0.39322427957168316
  0.40182046588357173  0.41004384274159500  0.41850700137853258  0.42678535489066505
  0.43504622272724863  0.44317429446344747  0.45133161947079781  0.45968435926494272
  0.46855802967924404  0.47747755957453758  0.48592730337712242  0.49389592832807705
  0.50171343536088520  0.50935949220460852  0.51686045487143628  0.52447258827611609
  0.53224873124556993  0.53993272851159302  0.54741459657811997  0.55498825886612924
  0.56269843193630620  0.57032185677814129  0.57774456196653989  0.58493015782799840
  0.59191978294554159  0.59885897487228512  0.60576647478844969  0.61269455102284087
  0.61965980918233687  0.62634752107206670  0.63268495939392633  0.63906094905543231
  0.64554005360997124  0.65209870190499364  0.65871294061437313  0.66530158958752716
  0.67196878947426375  0.67842643956812587  0.68477642690662743  0.69148372092498844
  0.69856671471465892  0.70556554140090211  0.71224781883925592  0.71875328731161203
  0.72524770845584530  0.73164728379274035  0.73837679421191682  0.74491115072803016
  0.75089197644995276  0.75699921075375143  0.76306030662590885  0.76941443613416138
  0.77558046840305495  0.78103724407882646  0.78632557180232066  0.79148816133259481
  0.79677601866925685  0.80241651114753432  0.80821005147374858  0.81362844023630299
  0.81879950677948699  0.82354662731108730  0.82855733671917675  0.83436705015701051
  0.84074158035412461  0.84555625779626176  0.85059397525604774  0.85527088233759185
  0.85940331826793603  0.86384148854225762  0.86424218148679743  0.86464287443133725
  0.86541082289220517  0.86631176694612655  0.86721271100004782  1.00000000000000000
   2.6801697489872894E-011  -1.0000000000000000     
 T T F F F F T T F F F F F F F F F F F F F F F F T T F F F F T T T T F F F F T T F F F F F F F F F F F F F F F F T T F F F F T T
  <DiscreteSampler_grid>
  grouped_processes
  1 # 1 for a reference and 2 for a running grid.
  10 # Attribute 'min_bin_probing_points' of the grid.
  1 # Attribute 'grid_mode' of the grid. 1=='default',2=='initialization'
  0.0000000000000000 # Attribute 'small_contrib_threshold' of the grid.
  0.5000000000000000 # Attribute 'damping_power' of the grid.
 # binID   n_entries weight   weight_sqr   abs_weight
    13   10   1.056269127727685E-002   2.236197498728494E-004   1.056269127727685E-002
    14   10   1.056269127727681E-002   2.236197498728463E-004   1.056269127727681E-002
    16   10   1.329537322288913E-002   3.570535914485512E-004   1.329537322288913E-002
    17   10   1.329537322288908E-002   3.570535914485462E-004   1.329537322288908E-002
  </DiscreteSampler_grid>
