  0.00172019631628100  0.02000507988237738  0.03598245705053803  0.04935474149955331
  0.06160291331836132  0.07346547199520262  0.08488998297926947  0.09613736846443381
  0.10745843493301045  0.11886422815358087  0.13015546978029396  0.14120914466159609
  0.15215367082541775  0.16296066970628972  0.17353357287784946  0.18399998604566903
  0.19469565486848323  0.20559788663496156  0.21671508764769087  0.22782103860087680
  0.23899417811718324  0.25021224847961965  0.26127054872024957  0.27223123652848419
  0.28306719694733273  0.29389177850534420  0.30462226177913643  0.31513249636634749
  0.32548472739395207  0.33580444727228492  0.34625961553747497  0.35686456250666082
  0.36750141831676431  0.37811486107105835  0.38875506618173378  0.39956721034455328
  0.41052955205183866  0.42136423790843214  0.43185098941758743  0.44213697539511532
  0.45227087345160943  0.46265174058862030  0.47333010720736279  0.48409565343943300
  0.49489353994418689  0.50560523488955922  0.51631391529411796  0.52691022114208819
  0.53745138344484666  0.54806678080829396  0.55853750827535975  0.56899481887255310
  0.57958634296004286  0.59003123354327225  0.60037593707781300  0.61043897291740645
  0.62049907367655877  0.63061254457100768  0.64093143985361645  0.65137759252133576
  0.66185187277208202  0.67199333634979563  0.68205338111108715  0.69214009628343853
  0.70222714472266556  0.71249170191133715  0.72289237490140279  0.73341797497129424
  0.74393123383076287  0.75397481327537363  0.76386860038874882  0.77381537463235961
  0.78382338166338850  0.79400640731547623  0.80398589036529311  0.81417247411858285
  0.82435843262230613  0.83473498638080690  0.84519712935463864  0.85573071956941804
  0.86614907229196569  0.87635017441183971  0.88629528324842111  0.89624070908966713
  0.90636948789993277  0.91659098822612295  0.92667464859156379  0.93644007230182291
  0.94581622925533815  0.95486353707966043  0.96344334727885550  0.97144351080780622
  0.97905355585688902  0.98583488561126276  0.99137825288162496  1.00000000000000000
  0.00000065013696071  0.00000070589078652  0.00000076816074038  0.00000083476973936
  0.00000090794512682  0.00000097812771959  0.00000104941838227  0.00000112296271024
  0.00000120047473214  0.00000128167913658  0.00000136580233278  0.00000145296201332
  0.00000154285060037  0.00000163568579699  0.00000173336124237  0.00000183387232351
  0.00000193812141290  0.00000205002977696  0.00000215741100409  0.00000227250891361
  0.00000239200746149  0.00000251605481382  0.00000264525835099  0.00000278585698577
  0.00000293073485396  0.00000307910274760  0.00000323743669282  0.00000340290539566
  0.00000357303684872  0.00000374771093218  0.00000394054656761  0.00000413691235667
  0.00000434010144816  0.00000455975829965  0.00000479213754129  0.00000503360930503
  0.00000528369765177  0.00000554292054150  0.00000580803676533  0.00000608102265652
  0.00000637543943714  0.00000668839877023  0.00000700913971377  0.00000735425662168
  0.00000773201518318  0.00000811199519613  0.00000850300402535  0.00000896602337202
  0.00000944486079177  0.00000995624850183  0.00001052092010081  0.00001113706215295
  0.00001179160848618  0.00001250741895610  0.00001327812440236  0.00001409486258838
  0.00001500070562358  0.00001596325889783  0.00001700448182864  0.00001814291017898
  0.00001936394552464  0.00002072826686941  0.00002227209771904  0.00002395945043550
  0.00002588958212922  0.00002800033567653  0.00003042548043437  0.00003305933155270
  0.00003596463141212  0.00003920939211535  0.00004290466530431  0.00004712019023928
  0.00005182844437015  0.00005722459497982  0.00006344211002406  0.00007066794715168
  0.00007909487050950  0.00008857820678924  0.00009935532528952  0.00011175122638004
  0.00012597554388398  0.00014225770292084  0.00016128875985895  0.00018343595013727
  0.00021044302646137  0.00024425754890425  0.00028459987179261  0.00033118076857774
  0.00038049258384016  0.00045199042211442  0.00057300050565363  0.00073084096873271
  0.00088757341746932  0.00107290145660832  0.01518020897826382  1.00000000000000000
 -0.00194077195007290  0.00637747366065164  0.01384317321833425  0.02104918388054454
  0.02822800858622783  0.03543659142022221  0.04275760391358351  0.05023170755200893
  0.05782065783855028  0.06554120510665491  0.07338207562357406  0.08132312291822041
  0.08964823696245612  0.09838718315777695  0.10692428677149170  0.11558213669067727
  0.12428790302295305  0.13342904056126312  0.14256983961128880  0.15153972619116318
  0.16030932885582699  0.16938171932889373  0.17870857361810827  0.18808253575405684
  0.19737020208115325  0.20684718432128965  0.21660596145704422  0.22668296529271464
  0.23672565878701823  0.24673263769498568  0.25683235694618506  0.26697787678464002
  0.27718049795402733  0.28767437520970451  0.29857934970220046  0.30954007621177965
  0.32026169563004403  0.33089800102268713  0.34179915304510866  0.35295947627891794
  0.36453212141447183  0.37630862534940379  0.38802735195089760  0.39960683287627807
  0.41133996536256112  0.42311108864740243  0.43477781558662137  0.44665003746895265
  0.45866347865138751  0.47095086356404331  0.48292798131503972  0.49519538018333314
  0.50754795466643354  0.52012695948672316  0.53283817047910764  0.54540304351450120
  0.55778767343491131  0.57028831752855891  0.58305646219413665  0.59577421980336487
  0.60851700348657090  0.62132254414533705  0.63386555484054874  0.64612653215624483
  0.65846629612202334  0.67088304483702865  0.68372820701741710  0.69684964057662702
  0.70997418208306617  0.72272484485334387  0.73546691699548383  0.74819170609036567
  0.76014839519462274  0.77180538143398336  0.78320317292703567  0.79475701725561199
  0.80644429241092785  0.81805978090516440  0.82994863639873273  0.84149917622578041
  0.85308458395122833  0.86419395007896793  0.87525998807296279  0.88614930927915525
  0.89718456661891310  0.90755150725925615  0.91763756733074264  0.92732760520423752
  0.93702084558687571  0.94630941199702334  0.95558122328418582  0.96472058938235083
  0.97395560209379872  0.98293416355443886  0.99150805765162442  1.00000000000000000
 -0.00203739026469054  0.00929111937545289  0.01950909551933712  0.03029581867931134
  0.04126736398276651  0.05184118353307183  0.06251876192419824  0.07331843761144924
  0.08418332059141899  0.09429680372903777  0.10412237448142637  0.11459200701872947
  0.12484119133990888  0.13540731181586760  0.14597710810321052  0.15790740686799451
  0.16958734252367547  0.18084317421700233  0.19210978221432295  0.20344009480243438
  0.21407165760321853  0.22433375969951674  0.23438723863301769  0.24497767953623639
  0.25510983294397305  0.26529315496230749  0.27537799873457475  0.28597858264763926
  0.29637095024190291  0.30683692582822947  0.31744393576045021  0.32826820878884749
  0.33895568222456091  0.34929001261519382  0.35937429872458787  0.36929317431820441
  0.37924411645179723  0.38937006199988011  0.39938507814753199  0.40960120867869759
  0.42006093123884131  0.43077929253383584  0.44151340797149219  0.45199189098628850
  0.46250295261162244  0.47289901887115382  0.48338908256218088  0.49402048120694886
  0.50488320400957853  0.51591965582589461  0.52706706412640403  0.53800328141485720
  0.54847060284569571  0.55891945321392456  0.56916519361001972  0.57942476657859332
  0.58944290352916906  0.59971934602723886  0.61002555205929088  0.62021658465212159
  0.63048343623700798  0.64101631489360322  0.65144662533454012  0.66198197919890955
  0.67242121385024423  0.68292393813172103  0.69323845397117301  0.70364092005967005
  0.71422926715644175  0.72490470671718854  0.73547883437271699  0.74573010824861907
  0.75593746181358956  0.76628689930995231  0.77673893241940550  0.78713319686416083
  0.79761386642497911  0.80817929653430542  0.81880077397650564  0.82963910908038541
  0.84088048141713290  0.85203437326546450  0.86300339855358865  0.87358381870429591
  0.88408050944900596  0.89464800315446746  0.90557470311921340  0.91662321312179862
  0.92752111253868752  0.93812875721458144  0.94858793166658206  0.95913145722497928
  0.96966971910926569  0.98018543414582404  0.99017483603085366  1.00000000000000000
 -0.00238041508539661  0.00894635615360784  0.01847504595338432  0.02892398180108855
  0.03918015382834826  0.04965126576025261  0.06005666809169589  0.07123728790838219
  0.08236990421346606  0.09313557434184876  0.10388449459353132  0.11468312964582651
  0.12566856222912703  0.13659483886406568  0.14773032163890956  0.15907738318128151
  0.17039572186475416  0.18147505932789479  0.19250996772416590  0.20355659240287322
  0.21405775969647534  0.22426789036470993  0.23437870043015957  0.24439317711114247
  0.25433818285379539  0.26431847878411058  0.27469907339126903  0.28519277090823908
  0.29568172168094337  0.30613408925051822  0.31665235728132418  0.32722859917399422
  0.33788967997440778  0.34870902659770997  0.35969470306391210  0.37078544946164094
  0.38168630555827998  0.39257629241852954  0.40347759657186083  0.41425134966314797
  0.42467416531583119  0.43502040202867692  0.44560207719872524  0.45605841999803154
  0.46617508013886666  0.47582632612879766  0.48589685421119228  0.49600511389668367
  0.50620512196883094  0.51634796949832262  0.52625696118080934  0.53618864566395952
  0.54614318648582250  0.55656341884720073  0.56718839082750605  0.57775745245901400
  0.58787594602017390  0.59813844723840337  0.60831142155880291  0.61848311824314495
  0.62885078129938843  0.63924099759295228  0.64939859839085146  0.65913787865552464
  0.66879986515846923  0.67906564146221149  0.68945125922408290  0.69949068751289922
  0.70961396573070357  0.71977117324614692  0.72986522187001079  0.74002761006272511
  0.75031286125244168  0.76116317302309033  0.77210031658509115  0.78314888862507170
  0.79357746776033034  0.80355194069172065  0.81351367548737663  0.82411344513569795
  0.83497248153954318  0.84573102564329627  0.85641299507369606  0.86720908500150784
  0.87859457552095732  0.89023453985652390  0.90192338097339264  0.91295532520445222
  0.92382629885381096  0.93448612175913226  0.94529407064323201  0.95605898366401876
  0.96696014018837650  0.97764692861319591  0.98881372011282376  1.00000000000000000
  0.06726569547922220  0.18723275715709561  0.27823485722902752  0.34524570861966541
  0.39688312642810403  0.43386076742492202  0.46189372755074332  0.48152912792906222
  0.49163108313811504  0.50034350226126756  0.50903570839224199  0.51807838975471587
  0.52529580466852110  0.53139160893000770  0.53755534963474194  0.54340732570819283
  0.54875854671004720  0.55383818460590162  0.55880040334213177  0.56348463522873371
  0.56761630679576824  0.57171942752273097  0.57584724021592981  0.57992731984636403
  0.58392253406618400  0.58762702677902079  0.59094884602438191  0.59406203845256700
  0.59724088010488618  0.60043032716764821  0.60363113597860885  0.60683515060799531
  0.61002754225661460  0.61320853188549751  0.61639459918602346  0.61956680844989576
  0.62272222239833930  0.62594762035001494  0.62923819882960541  0.63256518321074884
  0.63591023724489182  0.63923723965251478  0.64252833162630374  0.64584040748644944
  0.64929544705454845  0.65289182242206889  0.65655486072962754  0.66030930964393098
  0.66412333500423493  0.66800902665775208  0.67195828989077810  0.67594127646723845
  0.67993684830669920  0.68397178529958003  0.68813203284594571  0.69241666040183147
  0.69683930978466568  0.70126230334271633  0.70569222486266459  0.71014359439852026
  0.71465797485290072  0.71924304053740529  0.72391378498738890  0.72868242770149083
  0.73356082880397933  0.73854515336870852  0.74360715906074693  0.74880653969611966
  0.75421895588874932  0.75974653173981832  0.76534713758575890  0.77115454079806267
  0.77716143018891692  0.78330870912801731  0.78950168645426921  0.79587784966775454
  0.80243319223898057  0.80914882062035109  0.81613294824559890  0.82338052846209731
  0.83072005838465846  0.83844391168642241  0.84635226570888500  0.85445768598186334
  0.86287800081654642  0.87150800311910515  0.88066516384935545  0.89029007467699006
  0.90040994054563595  0.91096531796331570  0.92207760553328544  0.93398055540336589
  0.94702540052688033  0.96163928882364180  0.97903153535270304  1.00000000000000000
  0.01870502692225875  0.15270087126749460  0.20056045936554187  0.22756502378644894
  0.24604660236592329  0.26177634447605919  0.27606141067252815  0.28937885697670807
  0.30214877922182370  0.31402198680662313  0.32492750239616330  0.33578305054638180
  0.34642434050219711  0.35671540024133980  0.36645813186230897  0.37621774067703007
  0.38571540691098094  0.39519394858828766  0.40455417387409276  0.41384611940253746
  0.42268493643223465  0.43123326600639866  0.43976902976093080  0.44843823336263244
  0.45706574780363923  0.46561282898299700  0.47414070578511469  0.48261540793034696
  0.49098438569989050  0.49925216129411448  0.50727318030969537  0.51507670189907839
  0.52279025402662871  0.53057363753134679  0.53839280795807787  0.54604227365268243
  0.55336085310513361  0.56052254562691539  0.56767955710560225  0.57481770267566279
  0.58204090928836327  0.58907241585769776  0.59609565728790637  0.60290542379092804
  0.60971671492535007  0.61643985043357752  0.62318767099179473  0.62975730124978335
  0.63618389091880356  0.64253224586630919  0.64878612059872998  0.65503630083552544
  0.66118949475904787  0.66735540539668436  0.67347349709983850  0.67958138073301444
  0.68567379389640137  0.69174884223578759  0.69781078982568001  0.70384112290073486
  0.70982205678887378  0.71573757768765556  0.72151867631293332  0.72723187780430820
  0.73273741923235225  0.73813454005769485  0.74349703701029080  0.74886426597626010
  0.75415054160622841  0.75940245132615602  0.76472704821347848  0.77002982494647176
  0.77525725697251280  0.78036342282343218  0.78551612700586404  0.79060654145589138
  0.79599738492416283  0.80140564941290160  0.80682548341120763  0.81232670550932851
  0.81809189823626327  0.82397656796070207  0.82998280172280925  0.83638547736192292
  0.84305162976691839  0.85001676882999211  0.85704579548937454  0.86418916590281225
  0.87154144625083729  0.87933543313944385  0.88803984169742112  0.89770644429684754
  0.90899382327637390  0.92349066839346894  0.94685863302063655  1.00000000000000000
   6.8468219690837891E-005  -1.0000000000000000     
 T T F F F F T T F F F F F F F F F F F F F F F F T T F F F F T T T T F F F F T T F F F F F F F F F F F F F F F F T T F F F F T T
  <DiscreteSampler_grid>
  grouped_processes
  1 # 1 for a reference and 2 for a running grid.
  10 # Attribute 'min_bin_probing_points' of the grid.
  1 # Attribute 'grid_mode' of the grid. 1=='default',2=='initialization'
  0.0000000000000000 # Attribute 'small_contrib_threshold' of the grid.
  0.5000000000000000 # Attribute 'damping_power' of the grid.
 # binID   n_entries weight   weight_sqr   abs_weight
    13   10   2.067319534521286E+005   2.620042707426056E+011   2.067319534521286E+005
    14   10   2.067319534521297E+005   2.620042707426063E+011   2.067319534521297E+005
    16   10   6.785686881453425E+004   2.838522772932604E+010   6.785686881453425E+004
    17   10   6.785686881453457E+004   2.838522772932612E+010   6.785686881453457E+004
  </DiscreteSampler_grid>
