  0.00115258800825376  0.01600688994062972  0.03016635988513802  0.04500068756031311
  0.05884053387717283  0.07073087233204861  0.08152680332281399  0.09177390465392819
  0.10177895347939965  0.11229227022360738  0.12232077882892362  0.12991666633299148
  0.13705358781927501  0.14448086208327030  0.15181361634724622  0.15952947804365755
  0.16720731437831793  0.17485273479241467  0.18139946334225099  0.18914874003465135
  0.19824910007672900  0.20665446409344637  0.21718185386219566  0.22814354820712657
  0.23924707790899799  0.25184548818254004  0.26129282282749139  0.27164085254865705
  0.28278724143484163  0.29449679612848095  0.30597448554874868  0.31614029895922724
  0.32502270303996517  0.33405246210079786  0.34326817756908184  0.35220102201903125
  0.36014643730738138  0.36812230849608446  0.37730656348430430  0.38768557639327667
  0.39711157726648072  0.40610085511925126  0.41496435386520270  0.42442394837775183
  0.43541769194303814  0.44651549357089410  0.45732289509234347  0.46803399049682587
  0.47847076214523721  0.48814426326029314  0.49751842002235525  0.50816002261559512
  0.51985729952882120  0.53058156749165031  0.54081264015311814  0.55221021930387515
  0.56404107438850970  0.57477749481195850  0.58528672057192455  0.59719508503466767
  0.60844946376999787  0.61825573638244946  0.62808254799453178  0.63827089677862658
  0.64895734704577579  0.66037991397000184  0.67261375837664883  0.68548459256865413
  0.69826835385370767  0.71071363315673763  0.72291294493013525  0.73533976569378268
  0.74637016665987477  0.75643707431422247  0.76585456906068095  0.77675128739330346
  0.78825676749545825  0.79998270862999099  0.81076470728008054  0.82110598316445349
  0.83181276349718469  0.84285594943832487  0.85439922259821433  0.86670041971375944
  0.88019173777428916  0.89602652924024984  0.91254503121718966  0.92811831763451280
  0.94242391570289263  0.95473176082229783  0.96379647935752155  0.97159769398321649
  0.97955844438945472  0.98719978877849890  0.99196168611542723  1.00000000000000000
 -0.00003732306679304  0.00090117267184388  0.00357206052506185  0.00751753704474605
  0.01099253251079607  0.01478798785398951  0.01986685843554028  0.02512567707075207
  0.03038212769244383  0.03621806369317009  0.04128269258191793  0.04808089388479289
  0.05590399965846179  0.06345192921860210  0.07089430736416358  0.07865789298367533
  0.08903783137250336  0.10091578337352963  0.11014192534696229  0.11801875023183342
  0.12593704705894559  0.13361048256274211  0.14101898727179793  0.14860487551610313
  0.15772341131329909  0.16670674245105233  0.17577919205417064  0.18451765012754318
  0.19408150337753349  0.20432426549056890  0.21502357622431939  0.22612331875518268
  0.23728419925435193  0.24732479354985573  0.25440771308784266  0.26174492464970511
  0.26913726580857938  0.27661880936723438  0.28460036446822234  0.29270790025930171
  0.30086931808128270  0.30909583853575429  0.31754484590771193  0.32656214718958204
  0.33571500362583395  0.34460987414353644  0.35379677429029627  0.36407278472252752
  0.37475075872753871  0.38542441873358013  0.39611290841947377  0.40707458825840181
  0.41893258592798482  0.43202754291618378  0.44596815430320080  0.45952049952605961
  0.47348755580385915  0.48761803148323390  0.50191429549335487  0.51641352276927566
  0.53098471861520169  0.54765076466268436  0.56288592273565763  0.57616320797030951
  0.58769103160107683  0.59838002126376122  0.60918774414365751  0.62024740303671977
  0.63150213164512703  0.64269611937252191  0.65400229885437478  0.66535956780510008
  0.67679773773321716  0.68837448076576624  0.69990985046566567  0.71219984310582585
  0.72731957712728756  0.74313501708549135  0.75910347483642471  0.77348891993992885
  0.78671951901099824  0.80005669560536286  0.81352944791109816  0.82790826673956075
  0.84241223426365719  0.85689578362373220  0.87117187106491945  0.88523287623239189
  0.89953719261115606  0.91407524928743389  0.92858319156262692  0.94307127290398851
  0.95753300687658394  0.97188877005551488  0.98603997541430355  1.00000000000000000
 -0.00070215459191831  0.00419822053548541  0.01133868592965049  0.01823487306977922
  0.02454407591513309  0.03390891071476057  0.04325114272546459  0.05308585299199121
  0.06446855607776775  0.07740519550954177  0.09030080699645299  0.10244069843481610
  0.11305744141700808  0.12292078758587215  0.13316513179718575  0.14355974794213192
  0.15326982270773046  0.16153508817767714  0.17064684855228104  0.18109558761177533
  0.19252013358063966  0.20458864913408678  0.21729074919383337  0.23103345944907996
  0.24396169660640907  0.25589329225464513  0.26740657713252497  0.27933391750834674
  0.29158031485346164  0.30331926129200393  0.31447635243809730  0.32539588605151254
  0.33566865631816506  0.34489094215668681  0.35364046687778766  0.36211867827721622
  0.37078529135249666  0.37975473858669451  0.38838938979265547  0.39758252348180229
  0.40806365299983005  0.41954759655031321  0.43016262353130919  0.44045978184501977
  0.45162228779629099  0.46258356728522537  0.47306423731721298  0.48388062057908998
  0.49463279314006864  0.50444322258587182  0.51366793353717288  0.52370574687907601
  0.53481684058064360  0.54644517893087019  0.55736532579909270  0.56646609969328798
  0.57626405513360013  0.58531502032332816  0.59608902509632633  0.60802886162469072
  0.62160910316675599  0.63558467263650364  0.64863039074249373  0.66046027663203344
  0.67153277290072155  0.68250427113025380  0.69400947365894594  0.70569398263079530
  0.71716346786894969  0.72854698246844951  0.74013937200657121  0.75199083498476060
  0.76347324590450838  0.77676150183147830  0.79111023130903457  0.80473457684169958
  0.81803863351242168  0.83118135890519651  0.84442161732975352  0.85587703985279295
  0.86244431456766846  0.86862542884544791  0.87504991885760641  0.88226564324075252
  0.88969354838885484  0.89809776878077319  0.90621857945038409  0.91359696425687342
  0.92302481864985786  0.93443759185724395  0.94606212597531103  0.95726961542890221
  0.96818734422792296  0.97882395309565118  0.98925863435232841  1.00000000000000000
 -0.00154240830227525  0.00657509094296354  0.01510742767708399  0.02338731701027437
  0.03138550535574333  0.03986970547382129  0.05036154565089776  0.06236301044985598
  0.07354529817094627  0.08398616966268833  0.09449579789805052  0.10403100611033649
  0.11242764771152883  0.12098747766847906  0.12984287329831395  0.13913658003656498
  0.14872091149273578  0.15790759540270624  0.16731707654155525  0.17817974661142025
  0.18795253966281850  0.19576533944275118  0.20370364675785724  0.21222632602451755
  0.22009278680627850  0.22759712280088296  0.23577978326961924  0.24360814091118899
  0.25144590059750838  0.26240348729373170  0.27346070903337399  0.28424982115132486
  0.29597716426185283  0.31176607520805089  0.32987588607901203  0.34569836565330470
  0.35867175154528469  0.37042917009445275  0.38151759636475840  0.39536146326671479
  0.41007678564636868  0.42407829379896900  0.43701262277766584  0.44980367702533458
  0.46397154985869526  0.47609187119563567  0.48796554664317648  0.50045900476773786
  0.51401185646391256  0.52745134949388517  0.54069267834672152  0.55592525278782701
  0.57141014367723852  0.58580227586433742  0.59881312997317804  0.61168926393177203
  0.62474759665205848  0.63758077687501435  0.65039484668791803  0.66304393182989119
  0.67612173788513286  0.69021068335666635  0.70382936828408271  0.71802966431357851
  0.73098240933409386  0.74216476230086359  0.75315297488147470  0.76446811425267958
  0.77575381064113402  0.78532920368572123  0.79574245649322084  0.80667753695480393
  0.81712845691868696  0.82720028984966698  0.83756877833400523  0.84804567977529133
  0.85837548126518159  0.86861399254802485  0.87798194004020857  0.88558092204919137
  0.89238808031066719  0.89926698136610705  0.90614994713511876  0.91270449616202098
  0.91884650333555784  0.92509404696702480  0.93148632633240813  0.93789944636033806
  0.94383252117088190  0.94854591093384277  0.95415975362338667  0.96153147506393855
  0.97023845141798193  0.97903915203523761  0.98914097467772577  1.00000000000000000
 -0.00264566248705907  0.01022617544601262  0.02080165863762551  0.03159247755157411
  0.04251821035511551  0.05344063135163542  0.06549813164798032  0.07806937402083801
  0.09115692572044937  0.10251523598180544  0.11023811399252170  0.11666491337736254
  0.12385916584337936  0.13185944330980970  0.13866190237794443  0.14550385137629804
  0.15310568511791464  0.16051227356673162  0.16820663438535077  0.17987966805061117
  0.19254424852204677  0.20507001072070499  0.21754295093958295  0.23020716390760970
  0.24319684112758411  0.25644207852794576  0.26963669518546374  0.28217644223106964
  0.29296285704028097  0.30181866727615680  0.31086283113608010  0.31984583816031587
  0.32859502368271076  0.33792009196098072  0.34702529484206401  0.35637955084451700
  0.36570543755433371  0.37415893741838568  0.38242253743654608  0.39100719987152333
  0.39987841775146216  0.40842142143598464  0.41628748950326627  0.42467724671250057
  0.43531876748774478  0.44743151552596261  0.45900315295606348  0.46891922490349619
  0.47762128343260729  0.48684283668763267  0.49653164667212807  0.50680017972776070
  0.51758307743930854  0.52896727778394226  0.54180810282544156  0.55659578252691688
  0.56645000392694311  0.57619922348311958  0.58565967609697245  0.59503028085667398
  0.60510345067165672  0.61619998550104793  0.62690795500935526  0.63788373135277443
  0.64844160402134310  0.65877680688118745  0.66986304990380297  0.68123604426650997
  0.69177521993584923  0.70211489993843512  0.71402957504981146  0.72631450705682277
  0.73869330661859700  0.75021943450358031  0.76065212994342069  0.77082127358187735
  0.78062025323577544  0.79008244233198344  0.79972464343569216  0.80945559910596498
  0.82212415045412535  0.83745713538420530  0.85148507731891188  0.86440405263291975
  0.87640852176265804  0.88741422664605285  0.89815701588337649  0.90949733264254684
  0.92065040080746174  0.93156775596500763  0.94256425434543334  0.95389580963855214
  0.96457220135083521  0.97549522566730962  0.98701337184510529  1.00000000000000000
 -0.04476816851872617  0.83582934310635826  0.91491604233773483  0.94432530326172093
  0.95857986502843218  0.96383766043787811  0.96813714104728732  0.97181942185491388
  0.97507406532373853  0.97787144474453702  0.98011808500145048  0.98192825455737320
  0.98354640974108043  0.98498067006122914  0.98631281435438833  0.98752702043396789
  0.98862435294278550  0.98961156457882204  0.99045805078879035  0.99119748578096045
  0.99184716884766255  0.99243735738617977  0.99296812212833541  0.99345939205456002
  0.99391385363308737  0.99434404423901146  0.99474826704382602  0.99511309626871347
  0.99543472588168735  0.99572280671070756  0.99598762166614763  0.99623226169898083
  0.99646154253448938  0.99666134870462331  0.99684995122555675  0.99702840887081745
  0.99719044569531468  0.99733463964282532  0.99746723549503413  0.99759580143903059
  0.99772020964034969  0.99783709322526626  0.99793986573110260  0.99803315143640559
  0.99812314624476550  0.99820969988181996  0.99829329357770691  0.99837467509146294
  0.99845217473345627  0.99852332837034741  0.99858706642446948  0.99864330753218733
  0.99869403440058802  0.99874359583222938  0.99879322010262594  0.99884096327787286
  0.99888713730375200  0.99893176505515380  0.99897516609345505  0.99901777910850720
  0.99905684168914743  0.99909514809104150  0.99913242075298447  0.99916866010957051
  0.99920399228803891  0.99923823811449441  0.99927151145667914  0.99930339799024515
  0.99933098974448253  0.99935864693490850  0.99938571357641059  0.99941195920172510
  0.99943798242023330  0.99946299162543151  0.99948740207271902  0.99951135997002838
  0.99953469895682301  0.99955794575644141  0.99958122856692044  0.99960401476686056
  0.99962649391290170  0.99964862038527513  0.99967049098872074  0.99969168744468617
  0.99971198007141326  0.99973194478369898  0.99975200362042738  0.99977225663879388
  0.99979316285319020  0.99981422672534404  0.99983539201234717  0.99985959807289182
  0.99988533613055552  0.99991303528312392  0.99995185680733956  1.00000000000000000
 -0.02759549534215128  0.13962154120697393  0.19776892649193611  0.23966237643848912
  0.27214413338377347  0.29586396653429942  0.31350487518877429  0.32775369349039546
  0.34020995474432070  0.35152122766631710  0.36300886746468847  0.37490912442840590
  0.38735912239732473  0.40028957539053928  0.41286247014005778  0.42330687002727146
  0.43128123131590823  0.43853660340926676  0.44507237634965058  0.45038745082338100
  0.45514780487133782  0.45987588107904159  0.46436350880582367  0.46870939267241485
  0.47381164976820250  0.47901880276792075  0.48410796662968902  0.48951414545132516
  0.49483961648656843  0.49976340436077848  0.50445835787415094  0.50911743348244398
  0.51383190365648868  0.51915667128011955  0.52400101652215503  0.52908030585079002
  0.53314138599986916  0.53732296380296041  0.54149328487957715  0.54722899215400700
  0.55451137632481506  0.56139267590268482  0.56811698534390809  0.57478936567091565
  0.58155628422656613  0.58802426920143736  0.59383815804779194  0.59913066524336156
  0.60428298904866495  0.60967584736216240  0.61498333965167074  0.62010084585496394
  0.62530343628855889  0.63042574090578729  0.63549253639067615  0.64065672205745350
  0.64590348188299240  0.65114445171347690  0.65694682842005792  0.66351744500822696
  0.67010687109796196  0.67681149955024356  0.68363829066985604  0.69017694138096986
  0.69537596002947355  0.70080567697100882  0.70641893209937001  0.71193251611476238
  0.71714938845893317  0.72212954808189023  0.72711138140361886  0.73213470314551055
  0.73716951691564736  0.74290368587771594  0.74852599864157598  0.75407914225873096
  0.75950481086409671  0.76472747205979519  0.77016372544188394  0.77598872574356093
  0.78206559644522389  0.78852414783413494  0.79484725131534939  0.80115135616830002
  0.80754457858881323  0.81381100298677767  0.82041494720276542  0.82788399100061683
  0.83650452485962912  0.84626599740685438  0.85728014423124632  0.86968987539856391
  0.88321889525937725  0.89921433678634322  0.92764628047538311  1.00000000000000000
   2.2771511939794943E-007  -1.0000000000000000     
 T T F F F F T T F F F F F F F F F F F F F F F F T T F F F F T T T T F F F F T T F F F F F F F F F F F F F F F F T T F F F F T T
  <DiscreteSampler_grid>
  grouped_processes
  1 # 1 for a reference and 2 for a running grid.
  10 # Attribute 'min_bin_probing_points' of the grid.
  1 # Attribute 'grid_mode' of the grid. 1=='default',2=='initialization'
  0.0000000000000000 # Attribute 'small_contrib_threshold' of the grid.
  0.5000000000000000 # Attribute 'damping_power' of the grid.
 # binID   n_entries weight   weight_sqr   abs_weight
    13   10   3.526101301998311E+001   9.415228531999046E+003   3.526101301998311E+001
    14   10   3.526101301998303E+001   9.415228531999004E+003   3.526101301998303E+001
    16   10   5.446411455948848E+000   2.248651621752782E+002   5.446411455948848E+000
    17   10   5.446411455948835E+000   2.248651621752773E+002   5.446411455948835E+000
  </DiscreteSampler_grid>
