  0.00238322740128127  0.01358250705623325  0.02469406949180645  0.03592954797403247
  0.04789121216177409  0.06060378487328603  0.07339499589044277  0.08591202530581148
  0.09838033877487656  0.11097041804241883  0.12336208533766460  0.13458960536428077
  0.14447720349497256  0.15470888113657857  0.16520731810385764  0.17641280499875325
  0.18765554332669737  0.20004829614719299  0.21428918462028024  0.22815649328506862
  0.23899964495482950  0.24870147399064318  0.25824352261595723  0.26807974906695115
  0.27917216114708621  0.29017134970143088  0.29974370723620097  0.30936556788061598
  0.31912559087795395  0.32877567020288873  0.33865096426169922  0.34712462284211459
  0.35517313382296761  0.36473521275477977  0.37529567741455711  0.38645438949048527
  0.39686342257712365  0.40645596281331559  0.41608367776457206  0.42601076387802295
  0.43569860809537747  0.44552052310202062  0.45550742799978405  0.46504754532732540
  0.47399498051600031  0.48204045224896680  0.48957859539057652  0.49712340535381006
  0.50669690358052588  0.51751836660977624  0.53014394132858567  0.54348891960671075
  0.55636618853806086  0.56834311467095955  0.58007489313009997  0.59325796405530262
  0.60507566898432208  0.61667263423974017  0.62858857984567429  0.63908683695123425
  0.64906905824043182  0.65953401045935600  0.66947698883932516  0.67914320629515934
  0.69006959541971835  0.70170840322828754  0.71395584708878423  0.72725437336201271
  0.74123993652497577  0.75611794684336631  0.77098984925363900  0.78320942655037762
  0.79450196683329510  0.80576806090667485  0.81429061144784753  0.82176605045436790
  0.82996390882068838  0.83795438626638463  0.84687630637556210  0.85616645550580517
  0.86492253073257708  0.87359542975159699  0.88482553554570853  0.89701239040216996
  0.90700479057305838  0.91614216994072772  0.92383789029525099  0.93136378266781339
  0.93797885874221310  0.94464626275903307  0.95174459047449200  0.95944600496232124
  0.96737402891054347  0.97464308094892782  0.98488237045519311  1.00000000000000000
 -0.00004365167917814  0.00092296689251224  0.00338455901297688  0.00751194144979726
  0.01226973989540023  0.01663137156805865  0.02227261252650764  0.02861952299204038
  0.03547265167840002  0.04250559180166413  0.05087935014264219  0.06135032132664792
  0.07161403244303928  0.07979195993131830  0.08731339553591316  0.09519013717883332
  0.10332675956394591  0.11114821676892209  0.11903069536731578  0.12674208058042363
  0.13507946917917438  0.14424572568632110  0.15372214326257391  0.16316783413299227
  0.17350339346916613  0.18434754515423413  0.19485720626991240  0.20235279509160428
  0.21059533906929317  0.21879639459675737  0.22711789460434412  0.23533497850276758
  0.24311968447581425  0.25113796728942128  0.25984361448035592  0.26904715221874653
  0.27778875021447030  0.28599206671773597  0.29394643893427364  0.30197274771233767
  0.30950177810413787  0.31854700994704460  0.32808740532371322  0.33997238944534619
  0.35223164688533198  0.36422741709029122  0.37535665336160479  0.38580676833686794
  0.39620543679039005  0.40711953029413261  0.41898152424805335  0.43145674840432563
  0.44269364096590808  0.45389489164092733  0.46505047560071311  0.47666519827834847
  0.48837618552063478  0.50033517255462900  0.51259188631784436  0.52507518252978125
  0.53757065271174231  0.55007921617408639  0.56267682613647318  0.57373312960556178
  0.58476386138814529  0.59613117863189713  0.60776289498671909  0.61940110863621822
  0.63092039860567106  0.64222694337390940  0.65366589503836692  0.66575420543692820
  0.67847707820160952  0.69098703959782604  0.70307189357474020  0.71508999811596352
  0.72763516267501294  0.74038320543113689  0.75301208392432184  0.76573206895644275
  0.77921111401092713  0.79420569981131539  0.80901859788359964  0.82398876155405221
  0.83864176856213724  0.85261195265399092  0.86595387744472707  0.87927838879141551
  0.89324109772026050  0.90723675783381985  0.92140216170275402  0.93586332318706422
  0.95090871805398969  0.96662227316222737  0.98297865707215881  1.00000000000000000
 -0.00275904963812915  0.00960083888235260  0.01994050646396342  0.02922067495867983
  0.03669770176020330  0.04495995918035205  0.05325262087373179  0.06096880437165820
  0.06827207468844418  0.07480038114049992  0.08307690107690459  0.09378532721391072
  0.10459466957226680  0.11472671155100593  0.12486314045077829  0.13590755901183757
  0.14731716792795629  0.15845189033835683  0.17075978297431557  0.18285091221451943
  0.19243677881419735  0.20007507636334410  0.20776315072029727  0.21628788468964108
  0.22414923506388826  0.23154043965462182  0.23886328590230771  0.24569201119964684
  0.25449238294896126  0.26584093253000535  0.27652543800577634  0.28622220964853690
  0.29638053807231840  0.30648076187978995  0.31590924684607791  0.32450817310191665
  0.33331529980364927  0.34361587360917456  0.35465111768460988  0.36610848088869835
  0.37555345730766004  0.38897775937500356  0.40365971592281974  0.41630464317715510
  0.42801811878884272  0.44003029092877755  0.45242573420166937  0.46501440233932767
  0.47788209222312039  0.49114755129120058  0.50406440977446076  0.51632381895044410
  0.52934911747667990  0.54302529897014928  0.55606460202391961  0.56933079746203619
  0.58190177512988517  0.59466251055953945  0.60701480990632284  0.61848447283713437
  0.62973605279006406  0.64162455926660678  0.65428046990349198  0.66590054613546079
  0.67537579827654159  0.68438176176402854  0.69374992585789008  0.70425409611750200
  0.71495390088039934  0.72457808946736024  0.73456110324978763  0.74603247842968690
  0.75816716736218515  0.77057455628474403  0.78396508790996733  0.79646017605629527
  0.80698302239390873  0.81677819992709710  0.82667369060171714  0.83704064162924563
  0.84785660972872434  0.85801285235411617  0.86774341662489163  0.87777880532484198
  0.88814308241253148  0.89830888058722647  0.90801711133584240  0.91865560616754027
  0.92957905183242096  0.94026448950480468  0.94960609384056749  0.95863341288000903
  0.96914261119766643  0.98000359034754936  0.98995250076731922  1.00000000000000000
 -0.00239952469887193  0.00777919764937108  0.01794352192299124  0.02829590325039540
  0.03891126212496425  0.04954548873224902  0.05938842925232094  0.06885123810597571
  0.07799460897476959  0.08736332074202610  0.09695606535112641  0.10693442667450441
  0.11801719532251208  0.12881824476408610  0.13754655030262608  0.14690415525637651
  0.15639865508390319  0.16535857120273423  0.17347618691682809  0.18118767381776510
  0.18996049136030191  0.19949146500830175  0.20936409341838533  0.21866276738772961
  0.22846456226549139  0.23841105304586349  0.25005685572655367  0.26369971528688507
  0.27671371194520661  0.28893953904586056  0.29775254055126116  0.30625008599143672
  0.31546273465136543  0.32501636931215327  0.33444742482276119  0.34472005305992659
  0.35635254386883547  0.37013675605953361  0.38542335047662629  0.40129348325981345
  0.41761335076034140  0.43393395405490121  0.44885840956861317  0.46193377906287508
  0.47466684517910429  0.48695833478670203  0.49958355566966750  0.51237980654615112
  0.52488440726743246  0.53779783066324416  0.55035056259366277  0.56305257181504231
  0.57607127965014893  0.58993882134313591  0.60487915357630861  0.61996251102262667
  0.63473800920360413  0.64813601180485225  0.66009401123367173  0.67178518214005334
  0.68324508294573993  0.69420537170784113  0.70508896913289021  0.71632408918320323
  0.72734853305436564  0.73802111014282468  0.74879722329826448  0.75952792468562702
  0.77002705226393819  0.78094920448616922  0.79110995310571774  0.79919533671386489
  0.80676912833501024  0.81408338535247426  0.82105358131446793  0.82793817231485534
  0.83477141169199376  0.84141727246372822  0.84808379211169083  0.85475508454625782
  0.86233165565568426  0.86968694586034911  0.87778277326378473  0.88725377409728778
  0.89742607298595400  0.90825368071061596  0.91945284413161421  0.92999627642647242
  0.93905029733018575  0.94736002945181497  0.95559757832932257  0.96386946346056934
  0.97233042662281532  0.98113653483707219  0.99047738326343826  1.00000000000000000
 -0.00356897468611656  0.01251718585050803  0.02219975552101244  0.03003908759582788
  0.03830368583437625  0.04582299859818081  0.05362598393220898  0.06181262484009513
  0.06942872793019809  0.07742634260017954  0.08652155128370609  0.09725039917126715
  0.10753197571718451  0.11739960289312334  0.12803037410159823  0.14027010262128051
  0.15314241346370147  0.16489228510642148  0.17543052462410361  0.18608559014638229
  0.19760136199275535  0.20946682210574161  0.22078475588227847  0.23131631331157171
  0.24131245687529068  0.25043773900982691  0.25938866516393660  0.26924947885537481
  0.27963629734745360  0.29032088731372663  0.30229194371407986  0.31514563357101966
  0.32757284921337804  0.33897647840667228  0.34920442005075170  0.35891688490956741
  0.36809977389799498  0.37673448372018614  0.38529607394474147  0.39521652125187506
  0.40729011061977349  0.42071540601709517  0.43383232012677436  0.44571144728753775
  0.45711524619540328  0.46806885387258262  0.47835072664841966  0.48840683295441895
  0.49879040833437627  0.50978433592308048  0.52206934923124404  0.53594073338121273
  0.55058715412530423  0.56425586520741000  0.57620148493273982  0.58772830847188062
  0.59922393602708079  0.61209033796060441  0.62382317427057465  0.63400071542898251
  0.64370588844641996  0.65290742271581859  0.66129691004773583  0.67022183897067455
  0.67943381387254120  0.68937927284859257  0.70235135201465426  0.71477745361076017
  0.72553498989673093  0.73517127650670855  0.74442659311644532  0.75439996061747183
  0.76379643264302832  0.77416509175182280  0.78385677483377458  0.79378050649441789
  0.80419585842944163  0.81444864447790954  0.82379306335240332  0.83338955002014237
  0.84312848928648376  0.85234380962031586  0.86230931338688832  0.87201966012641985
  0.88348054038282509  0.89600221032653804  0.90865214615820555  0.92194470284812136
  0.93487062964859291  0.94535018670574344  0.95394097366380892  0.96207098875208874
  0.97008017007340785  0.97959780420715725  0.98936839871623683  1.00000000000000000
 -0.10197415686844019  0.84042159249454740  0.91423903184122401  0.94329615221742646
  0.95853779630286107  0.96326409617016773  0.96744944272537470  0.97101029712347731
  0.97407161347447635  0.97678458509775257  0.97915852503689782  0.98105222646947066
  0.98268721602537434  0.98417759631352764  0.98554341808067758  0.98677205547227476
  0.98785387336599306  0.98882242331349557  0.98970396596525978  0.99050330041749057
  0.99121999837542252  0.99185547723106238  0.99244877741549620  0.99299997938826068
  0.99349242490992640  0.99393196613866053  0.99432491013822222  0.99468631511477612
  0.99501445283222090  0.99531864881725107  0.99559698722393186  0.99586032834333083
  0.99610147723260334  0.99632244832250960  0.99652993673258550  0.99671489475758313
  0.99688248461069329  0.99704219204471756  0.99719820454292307  0.99734278688038036
  0.99747357470795839  0.99759653130926051  0.99771247157045317  0.99782517640400281
  0.99793381066877329  0.99803148831879651  0.99811882896809989  0.99820166788726883
  0.99828170782075076  0.99835811701411448  0.99843234188124674  0.99850121041566942
  0.99856805560517359  0.99863238798889475  0.99869165136728100  0.99874373076599010
  0.99879169839866500  0.99883932127755648  0.99888583889454319  0.99893092756319057
  0.99897460678623229  0.99901716851569611  0.99905814651016522  0.99909789098810231
  0.99913647783009629  0.99917383458856401  0.99920987292595453  0.99924531332206856
  0.99928011343623935  0.99931275914282114  0.99934429169699557  0.99937473136709154
  0.99940369596111089  0.99943063406942778  0.99945706021388803  0.99948321480236335
  0.99950763963218237  0.99953209306829938  0.99955637579005052  0.99957921198035571
  0.99960131480315151  0.99962301979479229  0.99964451864634529  0.99966600692846119
  0.99968752206453348  0.99970917364587453  0.99973078472815113  0.99975248850936549
  0.99977477882315202  0.99979666545685331  0.99981840162855362  0.99984533550120314
  0.99987405837256382  0.99990560460882949  0.99994817886423726  1.00000000000000000
 -0.02318517242946134  0.13047474629641376  0.18652408133137061  0.21990156237987557
  0.24614525636138149  0.27311342981114795  0.29138007461258120  0.30815911013253044
  0.32235326207329723  0.33534410795749536  0.35004973384386323  0.36534305062168310
  0.37680409043940377  0.38501610808768122  0.39274706905686513  0.39963138332129139
  0.40693169631321646  0.41488801451782920  0.42195265981824381  0.42840669169391937
  0.43461974704260292  0.44027403567364470  0.44569796002845291  0.45118159687452775
  0.45693414633447904  0.46349644219789066  0.47011967748100481  0.47577282796893322
  0.48271887607417441  0.49108198970925210  0.49881877587393864  0.50582411452536769
  0.51251807757216683  0.51845494004237247  0.52379488648153838  0.52886393074206672
  0.53383769019267835  0.53879561906386320  0.54390705872075029  0.54925283679561276
  0.55506361794034742  0.56116937202101613  0.56692664281601646  0.57191883656416631
  0.57756199940269803  0.58303803925131470  0.58798145028018700  0.59254800443635225
  0.59682418615946187  0.60091626668416498  0.60493247292853769  0.60901255382018593
  0.61311003704889666  0.61747896473083719  0.62233187266588541  0.62738996556309901
  0.63235002497032400  0.63700590005743407  0.64167044776143534  0.64667361456902861
  0.65179858236914467  0.65789035770247795  0.66417307622633248  0.67025853221639198
  0.67627102289161878  0.68250726141515594  0.68883635953745781  0.69540989207358228
  0.70240271117478159  0.70888345787555740  0.71403051878728596  0.71944805475909901
  0.72483259583574955  0.73038057959643377  0.73553631537518438  0.74037951056246698
  0.74523206362325978  0.74978785255500979  0.75436889390689410  0.75944639238742828
  0.76538850487332621  0.77164489337598319  0.77861830177436953  0.78628415535425844
  0.79431887103165233  0.80304923184502530  0.81231131157817837  0.82113553680691032
  0.83017735251305014  0.83988162304841008  0.85046760404095989  0.86333204757063187
  0.87844443205774647  0.89692271664854706  0.92400878420212507  1.00000000000000000
   7.6838979478950198E-009  -1.0000000000000000     
 T T F F F F T T F F F F F F F F F F F F F F F F T T F F F F T T T T F F F F T T F F F F F F F F F F F F F F F F T T F F F F T T
  <DiscreteSampler_grid>
  grouped_processes
  1 # 1 for a reference and 2 for a running grid.
  10 # Attribute 'min_bin_probing_points' of the grid.
  1 # Attribute 'grid_mode' of the grid. 1=='default',2=='initialization'
  0.0000000000000000 # Attribute 'small_contrib_threshold' of the grid.
  0.5000000000000000 # Attribute 'damping_power' of the grid.
 # binID   n_entries weight   weight_sqr   abs_weight
    13   10   2.017913145712411E+000   3.858453170366951E+001   2.017913145712411E+000
    14   10   2.017913145712408E+000   3.858453170366941E+001   2.017913145712408E+000
    16   10   2.642178251821568E+000   6.612344941734356E+001   2.642178251821568E+000
    17   10   2.642178251821564E+000   6.612344941734338E+001   2.642178251821564E+000
  </DiscreteSampler_grid>
