  0.00155928682063646  0.01621313683539291  0.02743094264272148  0.03711045496611231
  0.04664406755655537  0.05564354078957563  0.06379013700987025  0.07240515899081447
  0.08173206920921358  0.09343057526077533  0.10667406474444638  0.11860280246924494
  0.12810505643827530  0.13657687211847178  0.14421513910225522  0.15157565018672578
  0.16073859928445691  0.16988620154974199  0.17831879890826652  0.18483408368935625
  0.19434278797111496  0.20494219637116939  0.21616324251705674  0.22763868295134551
  0.23906200732799499  0.24998137350406346  0.26201487051494099  0.27473746277070105
  0.28750734316777754  0.30007087019760303  0.31259166062510613  0.32462333226194090
  0.33466334847783485  0.34270162041464902  0.35076983863809680  0.35974987573624873
  0.36871366929807131  0.37814139068998898  0.38726348301155883  0.39738687992000626
  0.40938333347442418  0.42280710670071769  0.43708034194582857  0.45075553295248072
  0.46205179669039620  0.47128157674213961  0.48080958459751338  0.49169876013114844
  0.50257667203478729  0.51182281267105578  0.52122149607140578  0.53351407037198306
  0.54712820315542909  0.56016790776881009  0.57132712722838297  0.58109818036844341
  0.59085950565628031  0.60086320845734198  0.61084504805099238  0.62203836164245652
  0.63182355757396691  0.64071271538617980  0.64959134713435840  0.65816608870326676
  0.66651077042012352  0.67514917988998213  0.68437947881151984  0.69380180473012765
  0.70315300301229133  0.71321037965728695  0.72434093395403776  0.73636528144469682
  0.74837377776111524  0.75947643937457598  0.77015625636939045  0.78093611442880539
  0.79173127416303957  0.80288654763578293  0.81535291103341045  0.82893715024088810
  0.84263723786271671  0.85559771541799723  0.86782473417575967  0.87995555306578499
  0.89153851448326060  0.90203435319891689  0.91220684929732265  0.92281419046451119
  0.93317705889917646  0.94210248532086527  0.95009075312035385  0.95811095490610754
  0.96759408189506668  0.97825111134795117  0.98904095131943137  1.00000000000000000
 -0.00003746559225871  0.00087856356192174  0.00360684173202018  0.00734285141989410
  0.01149035271826790  0.01613346676392033  0.02311602582509148  0.02869989579024488
  0.03411690809876717  0.03995392517526380  0.04589757422341790  0.05218884705279527
  0.05895914136590084  0.06524944354182254  0.07118832681991277  0.07746888309360095
  0.08412566274903245  0.09132290180346753  0.09885577424819218  0.10717653437451292
  0.11696621243951899  0.12733649877721784  0.13611063248233116  0.14366868149840470
  0.15128920993217648  0.15860400215003853  0.16575197838954611  0.17316666026734465
  0.18021779799227877  0.18754421501558338  0.19616502246633605  0.20658200420087200
  0.21618856737390926  0.22394450618811979  0.23232118606040336  0.24056614314984678
  0.24906606274689586  0.25794603445481212  0.26630448613016300  0.27457980059423381
  0.28316663858089686  0.29206221312469816  0.30141756275056170  0.31089164574377182
  0.32127618496166843  0.33317459735056754  0.34547921806108833  0.35798621582254336
  0.37085737326192630  0.38356981953914215  0.39554415202925663  0.40825818253495155
  0.42124254296125196  0.43413947137934039  0.44691995001648149  0.45965304135202245
  0.47254234833679998  0.48568846388038711  0.49902083150262422  0.51249433548672596
  0.52607343430208287  0.53971781702895771  0.55314371048998445  0.56618499523375443
  0.57912880997468208  0.59240090690185920  0.60615977666965870  0.62050713803118085
  0.63830173765312215  0.65516699247979771  0.67028361445793505  0.68347813892986509
  0.69691272977908469  0.71050251327811453  0.72444091051557713  0.73821067545401531
  0.75141931016396302  0.76401664657317037  0.77590740366909150  0.78694206458957494
  0.79858388388613011  0.81036272174306778  0.82245455444068616  0.83471371969167918
  0.84685381968900164  0.85886712774395368  0.87168494534644059  0.88603463758309853
  0.89998279429058081  0.91369447907062706  0.92720472333834780  0.94177762438499613
  0.95673095022805055  0.97143641157594718  0.98597675234004090  1.00000000000000000
 -0.00194522513543125  0.00852422222097724  0.01442311010687424  0.02010362128516094
  0.02685473056136467  0.03549612656157394  0.04422368028237130  0.05245481407759818
  0.06084398842569810  0.07184197693041013  0.08459091598647853  0.09698585404630122
  0.10838898230617579  0.11957603081080974  0.13035964656915686  0.14219919466439043
  0.15459586933493724  0.16735555328653340  0.18013941414540380  0.19047429598957302
  0.19850914795298916  0.20618714789669856  0.21382451239429262  0.22171304070290210
  0.22982148281621290  0.23769577571328904  0.24436459676742284  0.25191466812273106
  0.26266719877021955  0.27543073096088322  0.28755612421936594  0.29831908916411315
  0.30822118627706674  0.31772987397755126  0.32763574834765657  0.33728573125705669
  0.34706633268500453  0.35816039307723430  0.37210754860064166  0.38594449497483124
  0.39880799354032648  0.41153960625722874  0.42382238798725202  0.43625715731285519
  0.45169112827004360  0.46379425191268175  0.47480715025826536  0.48541177146467662
  0.49525775182624832  0.50503536941310045  0.51486336219773310  0.52542284464376121
  0.53736154000094261  0.54983288738214520  0.56154762992785190  0.57200272966192456
  0.58123564563137098  0.58906245667924417  0.59654594047701059  0.60407548504741004
  0.61156862404190526  0.62028354502872407  0.63011496902270603  0.64068877888337028
  0.65058310180539314  0.65935832220738499  0.66829960740729921  0.67769628814863137
  0.68750922388084190  0.69765017117012995  0.70684728796408880  0.71610404919919668
  0.72641227759849492  0.73736843475090175  0.74992340938832303  0.76237622108793679
  0.77581281475764685  0.78864530947124667  0.80010163195830264  0.81066149827201217
  0.82170336904158803  0.83228956486528094  0.84285644247016767  0.85361200402555359
  0.86536198822974675  0.87735962689349911  0.88862765524385190  0.89938506073740598
  0.91086526902492326  0.92284318928174081  0.93480143844628039  0.94720315067600003
  0.96032178142571234  0.97392336021690618  0.98759989424372951  1.00000000000000000
 -0.00127347169693258  0.00641062782647956  0.01360853638176661  0.02150856983544154
  0.03051563994712300  0.03893803450485159  0.04831238063478269  0.05885238519899337
  0.06979588136490107  0.08073058138872158  0.09157714562412243  0.10213511869128770
  0.11161185528158389  0.11838918367587853  0.12628637114377075  0.13477014341065732
  0.14354401688534249  0.15359088207026328  0.16464760295252107  0.17497469439861810
  0.18511258577994796  0.19580991606769238  0.20675401448824010  0.21782737537413005
  0.22939437779264737  0.24177360163302139  0.25411258152529664  0.26718516349526389
  0.28268547619448758  0.29723268466239144  0.30989482299609550  0.32291368536006365
  0.33829488870655172  0.35390657152163546  0.36841955362775741  0.38386617522968813
  0.39832917354060665  0.41042795247086444  0.42249323799100391  0.43492176433150925
  0.44704415612903653  0.45706023526814638  0.46749675911861388  0.47884083231973651
  0.48956739992472498  0.50083966463642660  0.51510998564817478  0.53196931990074492
  0.54921205554085950  0.56516957680038593  0.58006861133575727  0.59444770140986281
  0.60913375362116851  0.62256009461835959  0.63369717359349864  0.64393782876468142
  0.65502146584949950  0.66673488011966286  0.67775841185537899  0.68910579210725920
  0.70333900152038498  0.71417869578341964  0.72357752354311966  0.73240922195135616
  0.74127847780193001  0.75057158406303748  0.75981588904864950  0.76759701300274752
  0.77696561273165499  0.78839293765761331  0.80104548813136345  0.81322485400348932
  0.82498606630865967  0.83641565394592154  0.84674966211145264  0.85534230806010902
  0.86278932897760419  0.87036819875169291  0.87709039941225242  0.88281032405919924
  0.88829893402117810  0.89377744911787327  0.89992520710800628  0.90630072413166496
  0.91191342697191846  0.92156440096243131  0.93292077364868031  0.94258403153251002
  0.95048664156574725  0.95827021135189816  0.96516767051743191  0.97168295440463237
  0.97783039444851660  0.98390817517028439  0.99111497286634453  1.00000000000000000
 -0.00470023935399788  0.01464473603024066  0.02529028943407084  0.03301165168896616
  0.03975442737630296  0.04627277493481355  0.05365946420210199  0.06163462294551082
  0.06920487473259478  0.07637057494240927  0.08667201622342187  0.09960759936955550
  0.11175850340186719  0.12279962431624021  0.13407687697761261  0.14603478577884821
  0.15813214282276677  0.16994546695945115  0.18177450538662221  0.19429083946352724
  0.20610726404370483  0.21664906154765032  0.22589648801894996  0.23536166619582005
  0.24481181143529443  0.25602176465482684  0.26726041566076780  0.27969375631164617
  0.29186156099835747  0.30192745393737297  0.31076158631074380  0.31984603661345090
  0.33007227541074197  0.34102479003354064  0.35020805865121346  0.36013352276763788
  0.37038644203615018  0.38092026061105333  0.39170069839269811  0.40079544782048515
  0.40947850516468293  0.41837165313086833  0.42679525286075820  0.43470979075215443
  0.44268447297261082  0.45099303694297527  0.45891703505699744  0.46701933318461586
  0.47394238827736490  0.48102496907407788  0.49046708503934272  0.50118971749817398
  0.51287767661588357  0.52574786316531763  0.53853792714277826  0.55078026714201433
  0.56213515652082802  0.57120847639819061  0.57913201164217210  0.58711997055139442
  0.59503169581315807  0.60303246025175139  0.61138946566581476  0.61941119030493297
  0.63087288198203795  0.64360109863631454  0.65496821462869925  0.66586775931303788
  0.67645461667683882  0.68651412858058369  0.69664991400796661  0.70697826611951942
  0.71849033657070716  0.73111064622474797  0.74331709741065666  0.75525203444418720
  0.76847107916893720  0.78332012778929239  0.79867169858698339  0.81173735756543930
  0.82332505345542084  0.83354723892548421  0.84299257553206663  0.85240067064421854
  0.86212619093816545  0.87251371126633948  0.88366939699563951  0.89470966914444683
  0.90537420180639272  0.91619303932306351  0.92741302502701717  0.93935536755783389
  0.95277495000313850  0.96794382728412565  0.98414476327508804  1.00000000000000000
 -0.07566490294115485  0.83184317440307343  0.91445718483058436  0.94452597163107521
  0.95904427895211997  0.96406724404762878  0.96818723300214315  0.97178909353295884
  0.97491693456598894  0.97762413683179028  0.97993216093043278  0.98178431981185632
  0.98346355448053235  0.98494353896968301  0.98627045300909599  0.98742690223733154
  0.98845981677379291  0.98941806093904439  0.99029082127863910  0.99107582202787070
  0.99177187821328527  0.99237688297388937  0.99291003321602100  0.99340511825476041
  0.99385254548325463  0.99426457286718928  0.99465076241046557  0.99501301337457293
  0.99534192053715664  0.99563950201233420  0.99591095776666116  0.99614686214793757
  0.99637256545567487  0.99657053351979286  0.99675332194414823  0.99692558386138064
  0.99709243375347656  0.99723876033606085  0.99737300569904019  0.99749808439723808
  0.99761700592985658  0.99773116302705533  0.99784077291501505  0.99794131721833490
  0.99803140756346120  0.99811963681822491  0.99820564767276376  0.99828835728645693
  0.99836905877834581  0.99844749811522593  0.99852064597688051  0.99858549303331190
  0.99864624788999379  0.99869662904222456  0.99874597068198989  0.99879528406937867
  0.99884337749858765  0.99888926009586476  0.99893427481317409  0.99897722963140823
  0.99901894237301170  0.99905950123919540  0.99909859228641196  0.99913639688919942
  0.99917298249039943  0.99920855172275991  0.99924321427371476  0.99927674868568395
  0.99930947658140756  0.99934120574348728  0.99936949064918301  0.99939735481225644
  0.99942455072767011  0.99945062230095849  0.99947608668651011  0.99950067760944561
  0.99952402308534150  0.99954722763566306  0.99957023933904643  0.99959295319201047
  0.99961529482664213  0.99963744964896351  0.99965935536124584  0.99968057058614535
  0.99970157315018793  0.99972251040498417  0.99974339839530535  0.99976428376440629
  0.99978539854624204  0.99980656268152757  0.99982777640812803  0.99985359247975203
  0.99988101158040055  0.99991065534768397  0.99995107631201463  1.00000000000000000
 -0.02473587941223187  0.13676973537173340  0.19689766279547835  0.24658799821310029
  0.28630275763037111  0.31503746409469957  0.33490121442397275  0.35153633594346528
  0.36470017295574991  0.37643261329925154  0.38804102999304535  0.39912147964365996
  0.40961700406384066  0.41961168648864366  0.42879959514522298  0.43691390719353990
  0.44452119510226318  0.45194352127346332  0.45945848084037166  0.46644815250749427
  0.47278935852103932  0.47981381065927792  0.48741597662591535  0.49511699495117645
  0.50267839893477506  0.50989420588793433  0.51655830164298966  0.52260044882464940
  0.52849806061046367  0.53433528989463097  0.54037168789954471  0.54641368630049014
  0.55249457516053957  0.55857693969826827  0.56433107355783341  0.56945804681498602
  0.57424566953253853  0.57918035106296217  0.58436189414774242  0.59039907677618741
  0.59601779281882172  0.60138402227457477  0.60666536208073951  0.61194562010021814
  0.61713507093532360  0.62231756534203575  0.62779869464635052  0.63366949200056166
  0.63992902572402144  0.64573527280864407  0.64984587043143771  0.65340358278016919
  0.65719903835519644  0.66105089274740048  0.66563125844520199  0.67033015675776109
  0.67484324176234756  0.67920478345898894  0.68334891317414814  0.68743301182082273
  0.69157120507943382  0.69577826252298902  0.70028230594729846  0.70502491413615587
  0.70979811630158129  0.71461877928049700  0.71935466276604909  0.72405443186323570
  0.72907815414773491  0.73533931257672336  0.74232006055719568  0.74826301253939287
  0.75309943942850954  0.75759414204092246  0.76232885349305712  0.76658602083983007
  0.77096654818373256  0.77540631011144001  0.77976553915286728  0.78467609453248210
  0.78986493544189029  0.79540433409155664  0.80157906622539943  0.80807449266327780
  0.81507560229788345  0.82238653376542015  0.82952404757223419  0.83700363231109942
  0.84582224623308055  0.85559247638755043  0.86463534731571179  0.87526205249101596
  0.88722110438673429  0.90007299179966715  0.92365957017373179  1.00000000000000000
   2.3134052687793587E-007  -1.0000000000000000     
 T T F F F F T T F F F F F F F F F F F F F F F F T T F F F F T T T T F F F F T T F F F F F F F F F F F F F F F F T T F F F F T T
  <DiscreteSampler_grid>
  grouped_processes
  1 # 1 for a reference and 2 for a running grid.
  10 # Attribute 'min_bin_probing_points' of the grid.
  1 # Attribute 'grid_mode' of the grid. 1=='default',2=='initialization'
  0.0000000000000000 # Attribute 'small_contrib_threshold' of the grid.
  0.5000000000000000 # Attribute 'damping_power' of the grid.
 # binID   n_entries weight   weight_sqr   abs_weight
    13   10   4.539941824155004E+001   1.960056316413700E+004   4.539941824155004E+001
    14   10   4.539941824154992E+001   1.960056316413689E+004   4.539941824154992E+001
    16   10   7.064867485853195E+000   4.747214175628648E+002   7.064867485853195E+000
    17   10   7.064867485853176E+000   4.747214175628622E+002   7.064867485853176E+000
  </DiscreteSampler_grid>
