  0.00060306483138865  0.01651525375900926  0.03184723150930264  0.04614453810692928
  0.05888673430756481  0.07111265469494155  0.08316381962632360  0.09154033424757367
  0.09988431978008588  0.10883225822599410  0.11926106681055139  0.13079362800930294
  0.14192511428610893  0.15242139263128110  0.16522911770014090  0.17548430154769828
  0.18697740365278898  0.19876277710452706  0.20984122231098443  0.21931138053899712
  0.22811623764217454  0.23647367230317048  0.24458144907520168  0.25337689006244529
  0.26205503457756990  0.27180427745263058  0.28384840203659600  0.29667330588297036
  0.30906699326671760  0.32089738244663568  0.33250142908207214  0.34385729877069970
  0.35439753632246790  0.36420731610104340  0.37413357968806965  0.38439756760700106
  0.39611626066759520  0.40953664660794414  0.42129515892039260  0.43251172763306317
  0.44279596391729076  0.45244482632249872  0.46264653235939956  0.47278811525685160
  0.48321100654765192  0.49335168751808223  0.50385452735928360  0.51550054726210726
  0.52762430356807077  0.54059255234281267  0.55398670413107198  0.56569879378808141
  0.57480675893198663  0.58406386975222369  0.59415043860169126  0.60475870433830403
  0.61414857408527479  0.62382629728833172  0.63696525855169184  0.64964643870862238
  0.65910932859462279  0.66838004123611239  0.67701776362108834  0.68501774972591156
  0.69266096232035523  0.69978654299713561  0.70735114859005477  0.71685800484123230
  0.72764531919899134  0.73862015688114957  0.74949058540314129  0.76056725783065349
  0.77180527713384139  0.78222103529208475  0.79106268601664964  0.79733417425646691
  0.80349358918227110  0.81173440032461297  0.82074422955001047  0.82930194825552661
  0.83753345330420026  0.84566605180333221  0.85434163620423464  0.86547157392491503
  0.87724732109414805  0.88782476191671089  0.89783781941615814  0.90784525057060039
  0.91830753995994296  0.92939811368793324  0.94078521537997117  0.95206174486702622
  0.96353758672052559  0.97560090697490864  0.98748404735900375  1.00000000000000000
 -0.00003494446849912  0.00077401948542691  0.00299642904883880  0.00668921290899566
  0.01079186495924750  0.01578623982436752  0.02121126917989042  0.02680583623565626
  0.03289447491413077  0.04022023969807807  0.04857411995711089  0.05788483259855935
  0.06742860286916784  0.07706136501426940  0.08708803022060925  0.09748771669877312
  0.10777760670237978  0.11773713075940431  0.12757244987170105  0.13743991691505458
  0.14730041569405700  0.15733036836211373  0.16662323397035625  0.17550490174213146
  0.18477961041660423  0.19335505770298314  0.20168865980504644  0.20987688454253486
  0.21799273645570777  0.22605157274371607  0.23474402081964652  0.24298086204106739
  0.25013820081293076  0.25761070986075757  0.26526043295187673  0.27389072638640166
  0.28360221878339059  0.29369055924495474  0.30361224403788273  0.31346689864676175
  0.32351021358390486  0.33378518924365952  0.34429226227210713  0.35499728702321764
  0.36578446314522134  0.37676232525588860  0.38814491056744133  0.39935703941457235
  0.41054915989372159  0.42161853535800148  0.43181460026700935  0.44167546540819924
  0.45158504741355548  0.46160505043676098  0.47260579563759192  0.48505665674277171
  0.49808392119046369  0.51111028454420326  0.52400074241855243  0.53639854464850945
  0.54838223923208662  0.56055125990147237  0.57262014560738905  0.58482422833669478
  0.59762689054177631  0.61119158420036102  0.62536115796531022  0.63993250578669292
  0.65495985634486076  0.66701651204623547  0.67959346694394440  0.69204200294899443
  0.70345566556572747  0.71436963671226694  0.72576980181377826  0.73722476900759537
  0.74869310329288041  0.76090359049738943  0.77366949552330078  0.78667003794024404
  0.79945053850249770  0.81232256934360747  0.82475597649419718  0.83713388103117958
  0.84964962103001129  0.86226709041109717  0.87524971032752852  0.88907395027148217
  0.90422530688591851  0.91905660063367089  0.93346729916358362  0.94733941149589451
  0.96077389639256383  0.97396980625650365  0.98699486516503787  1.00000000000000000
 -0.00393384187563475  0.01218920179455373  0.02551987576039348  0.03752372601534609
  0.04916728717099140  0.06087049365628993  0.07254874392779501  0.08368262944846927
  0.09470500476425389  0.10576835882931998  0.11702782453641777  0.12900494572305024
  0.14002508521774013  0.14989482632258283  0.15999593426422437  0.16995468200992520
  0.18102723745750154  0.19306052400354801  0.20428967689962635  0.21373155947854855
  0.22211185904095726  0.23032093871408860  0.23879135181086059  0.24728632410599605
  0.25618843282071818  0.26455343652679464  0.27621970583018751  0.29088648741819262
  0.30597124691267646  0.31971729955108674  0.33185795479506536  0.34349729735448370
  0.35474582929657900  0.36609119521872463  0.37745958552818698  0.38832896551595897
  0.39688369485968883  0.40569178875509293  0.41491074733679800  0.42410244121831386
  0.43319919251181571  0.44224722566081087  0.45176300461274582  0.46277290966304613
  0.47444592830994398  0.48553100865723758  0.49654280982213073  0.50774991581025941
  0.51891499589919243  0.53042799253315054  0.54174815199974979  0.55131806650755233
  0.55983678517630642  0.56880782846591882  0.57846669953629892  0.58809010964834163
  0.59699207882097405  0.60618673594591321  0.61804157327512377  0.62983890052993374
  0.64074547489956957  0.65178551643022908  0.66306969436194818  0.67461632643589964
  0.68651587741808262  0.69848281946545521  0.71091930017626603  0.72435473780274384
  0.73632771617359571  0.74721412275542987  0.75692077601659491  0.76637486970688928
  0.77597774213259263  0.78538386804308336  0.79698052380131457  0.80932863804329058
  0.82186073153551908  0.83447669250765111  0.84729137752274686  0.86003053544941688
  0.87160795269890479  0.88176818830366999  0.89071923444782053  0.89855606862606718
  0.90577112479967592  0.91454482516832514  0.92278319330674141  0.93068903243909695
  0.93943299950507497  0.94859676783793367  0.95565489364418243  0.96275507824114182
  0.97121740364431530  0.98039290466064977  0.99013221210776758  1.00000000000000000
 -0.00285357366697028  0.00943827293789264  0.02021627071295860  0.02954768295770811
  0.03839809745203009  0.04700658220502847  0.05570210367095096  0.06470790657404030
  0.07301692856596406  0.08088840689112164  0.08875855546533848  0.09706710740805446
  0.10685649796371945  0.11915121764340444  0.13309384606508851  0.14550470031691906
  0.15581875432655881  0.16555174432425296  0.17587747051796146  0.18488064325694553
  0.19324984966042372  0.20116525598158358  0.21008070575088589  0.22038461763505796
  0.23173087696320940  0.24466375034080204  0.25740313977053170  0.26986805454956514
  0.28179348189128273  0.29369314501576538  0.30587626033257398  0.31794972561884360
  0.32971764386448699  0.34220110612793786  0.35454644426003334  0.36668381419576890
  0.37857118173235166  0.38917857420958635  0.40112580742351844  0.41299693607024635
  0.42388866050146889  0.43412089436325274  0.44365398029879055  0.45298058018466836
  0.46357294832200957  0.47633658839585974  0.49468976805711484  0.51321662441760119
  0.52993422434469217  0.54555717288795502  0.56056301173172729  0.57574905186655978
  0.59133955083324596  0.60815632071230930  0.62266452606361933  0.63612245537473533
  0.64905574443656311  0.66113290904044808  0.67278528239064062  0.68582965883565217
  0.69757541012466295  0.70801327429689753  0.71833370579126055  0.73022561760111959
  0.74169822924312956  0.75309759109579200  0.76587606772955286  0.77814559738637379
  0.79133211281711024  0.80403219853917829  0.81631838331289530  0.82866298975222108
  0.84015681292404631  0.85080903830021704  0.86208415563721630  0.87259645827634247
  0.87986465239451173  0.88712836879364720  0.89472770192407014  0.90011473924835195
  0.90500269781104292  0.91077134835846718  0.91753258637827173  0.92352647621607842
  0.92900424585268404  0.93436950007324227  0.94009710632329990  0.94637389389183235
  0.95228654992326645  0.95824982055058372  0.96505649998023779  0.97261440803329302
  0.97932765628750973  0.98615412182725326  0.99268511156832329  1.00000000000000000
 -0.00252583770390009  0.00944088592026629  0.02037895737086480  0.03010609080112083
  0.03976050420550031  0.05044828332944866  0.06008947687370904  0.06973685533107624
  0.07877738223467286  0.08949053457350785  0.10170406095791582  0.11512771220820209
  0.12690132046852159  0.13848355191980885  0.15020204323077768  0.16223358768150539
  0.17435190498719966  0.18612688120872534  0.19723666361815770  0.20825024624491748
  0.21913099152217319  0.22907301039663752  0.23844028400278172  0.24839046960558275
  0.25892201059592168  0.26973680787418425  0.28034765678891627  0.29023391324005504
  0.29963154483955878  0.30951412744234075  0.31982980521169280  0.33004635478428312
  0.33967478567121212  0.34850187685826195  0.35756095106285823  0.36716097542602172
  0.37722082382338251  0.38617656302279668  0.39566446657059090  0.40624101213152408
  0.41738023889797288  0.42826717064352149  0.43975846718229855  0.45275465636985124
  0.46613484782689479  0.47976048792935533  0.49366074563805390  0.50803261994544846
  0.52230261490787222  0.53510509347224167  0.54680871804925157  0.55825171889687886
  0.56975644981320250  0.58233680008620547  0.59601410852070302  0.60889278827214188
  0.62089260901830401  0.63279823508945410  0.64501181851547962  0.65699894589018448
  0.66786580060084988  0.67782773764218895  0.68753137897434691  0.69683379532812650
  0.70570565656230155  0.71415142806663912  0.72316267961936698  0.73314197823883220
  0.74294151474901349  0.75207858484750745  0.76072551336336092  0.76993177839222382
  0.77959500297439832  0.78883659573771059  0.79608483617986381  0.80264256652249133
  0.80908197315858099  0.81606085764026126  0.82328318018549407  0.83056604334549133
  0.83832657348534456  0.84500062469126447  0.85194774658772399  0.86126893926987447
  0.87226001368220296  0.88336290367027370  0.89519511460533385  0.90790171769094719
  0.92020617596687160  0.93184545578427591  0.94297571694396043  0.95393195276850817
  0.96511326485914783  0.97681386419518634  0.98814558653644746  1.00000000000000000
 -0.07491525848446318  0.83489453578899453  0.91373284517671494  0.94241763995954475
  0.95774501050885918  0.96335094602733407  0.96761258132730088  0.97133165728281678
  0.97443435584293803  0.97711504524802872  0.97941797559807919  0.98125093625843940
  0.98292530435401593  0.98440112233467569  0.98575055813086365  0.98694260432265390
  0.98807256502993845  0.98910971854489083  0.98999788975925851  0.99079084062700096
  0.99151007327749419  0.99214878983391064  0.99271247974494947  0.99322385052740725
  0.99369079871269250  0.99412444015848989  0.99452442542636943  0.99489706883979012
  0.99523985985837149  0.99555452653178911  0.99584110244192403  0.99608937097181438
  0.99632268288417514  0.99652997391550691  0.99672071057525591  0.99690092846970568
  0.99707405703141005  0.99722669677849940  0.99736155037959517  0.99749161957045529
  0.99761592409162336  0.99773193124915649  0.99784082925988915  0.99794502907797789
  0.99803353208987577  0.99812081265508978  0.99820637347517271  0.99828853437013976
  0.99836732578069398  0.99844427145491921  0.99852087735365125  0.99858396234746838
  0.99864085654591028  0.99869334669971110  0.99874268376162390  0.99879182160844737
  0.99883999927811318  0.99888594558499622  0.99893063826345252  0.99897414330025758
  0.99901598954592286  0.99905637206771081  0.99909439775796027  0.99913120420091295
  0.99916736498168324  0.99920215358618758  0.99923618032499029  0.99926882204908896
  0.99929968937379221  0.99933026982235551  0.99935952911529113  0.99938791921337222
  0.99941584653045645  0.99944282310286237  0.99946941099380859  0.99949567595669497
  0.99952043671518431  0.99954486189798142  0.99956896379240645  0.99959207294313923
  0.99961482206176411  0.99963715851816359  0.99965961250272928  0.99968151173012920
  0.99970259802611250  0.99972374884726101  0.99974485998965479  0.99976590069011362
  0.99978705841704962  0.99980825726196187  0.99982950249773650  0.99985461831049438
  0.99988156158385211  0.99991038791449793  0.99995057759926875  1.00000000000000000
 -0.02016540659386325  0.12653162836539342  0.18907336691619803  0.22664005560026598
  0.25484103215839526  0.27569281883732866  0.29221651622593381  0.30869436582752363
  0.32436509951749054  0.33823719053759937  0.35348504703695310  0.36553175378828501
  0.37893595979654937  0.38990625952928798  0.40010210601561202  0.40934950305904733
  0.41850546439703490  0.42841393614053414  0.43812460588503743  0.44761692043225265
  0.45727965540307391  0.46712377756460072  0.47646948380180343  0.48559129611919244
  0.49329052986322258  0.49998929531827846  0.50649057552814447  0.51269832561440321
  0.51856086971926463  0.52393287534035848  0.52808313080552982  0.53291937730160810
  0.53852088286459388  0.54411003555589510  0.54974676104779852  0.55546450010853354
  0.56095783860041137  0.56647836877012192  0.57188589863789330  0.57706471981807372
  0.58194733529474518  0.58756099491987690  0.59448263925542566  0.60052417580918283
  0.60628567285967983  0.61179403337274207  0.61728833864854227  0.62290266519668724
  0.62864453135407006  0.63458802369553502  0.64123192498325232  0.64580156753872142
  0.64977543064514776  0.65337588645734235  0.65705213331788392  0.66100507857308310
  0.66553795327471921  0.66939086175922780  0.67281240619524862  0.67625379070984470
  0.67955626156335380  0.68353042905276862  0.68755464534975630  0.69149805729362979
  0.69549943225508581  0.69966633993824268  0.70385421588766239  0.70830353377487865
  0.71343499276266076  0.71947765446781387  0.72508177879626456  0.73122311914220250
  0.73739693529242989  0.74340506220843583  0.74939627069236892  0.75549555119337264
  0.76158083256344222  0.76746633779704088  0.77311430290602423  0.77877685982090650
  0.78432520419361129  0.78972489781749522  0.79561545196792005  0.80194753617208903
  0.80864113616772237  0.81643436395234548  0.82547135618475254  0.83562684022695621
  0.84566007143689981  0.85626859332199101  0.86734228310370254  0.87964749369297679
  0.89317070738869098  0.90891641168554393  0.93085474957274150  1.00000000000000000
   8.3940113089841187E-009  -1.0000000000000000     
 T T F F F F T T F F F F F F F F F F F F F F F F T T F F F F T T T T F F F F T T F F F F F F F F F F F F F F F F T T F F F F T T
  <DiscreteSampler_grid>
  grouped_processes
  1 # 1 for a reference and 2 for a running grid.
  10 # Attribute 'min_bin_probing_points' of the grid.
  1 # Attribute 'grid_mode' of the grid. 1=='default',2=='initialization'
  0.0000000000000000 # Attribute 'small_contrib_threshold' of the grid.
  0.5000000000000000 # Attribute 'damping_power' of the grid.
 # binID   n_entries weight   weight_sqr   abs_weight
    13   10   1.296522871054101E+000   9.312780318579209E+000   1.296522871054101E+000
    14   10   1.296522871054102E+000   9.312780318579215E+000   1.296522871054102E+000
    16   10   3.760600785235912E-001   7.858735792238346E-001   3.760600785235912E-001
    17   10   3.760600785235915E-001   7.858735792238356E-001   3.760600785235915E-001
  </DiscreteSampler_grid>
