  0.00008449382712450  0.01798414207423056  0.03260158771262491  0.04581107714611141
  0.05854674617879632  0.07084629798587073  0.08298314639929322  0.09551717835426751
  0.10894824549209171  0.11954137384811266  0.13234602142135182  0.14327090778556534
  0.15315820637075839  0.16238148687898349  0.17322463438018285  0.18412724809701633
  0.19482308635082665  0.20706988728231043  0.21865951009505033  0.22951981582407763
  0.23994548029227639  0.25098524130158700  0.26243859986722434  0.27325076945226856
  0.28332884075074499  0.29339649083994646  0.30332106272794335  0.31281828715448046
  0.32254674226731228  0.33354802522583066  0.34528788677285632  0.35613793912024128
  0.36642375718283754  0.37679568283014203  0.38687171376071405  0.39775051257177052
  0.41007199592650823  0.42361688489011473  0.43975120248454630  0.45521714484633991
  0.47075402563865509  0.48582250586977194  0.49962525174736927  0.51122328454324284
  0.52047589899514324  0.52855439228729872  0.53673050479023454  0.54453282210390797
  0.55209901153468621  0.56005588676069507  0.56803005834246845  0.57624048250909710
  0.58510656364956293  0.59449210302914002  0.60330965945488857  0.61189840730246836
  0.62136619216958289  0.63121635964845457  0.64037766006145458  0.64971622659428940
  0.65972361329489870  0.66909460163477763  0.67729012663134514  0.68496588029234085
  0.69270303297113589  0.70100607367955892  0.70803128243918434  0.71419069603993679
  0.72093906149806808  0.72878724569489273  0.73863182724551513  0.75006510358812417
  0.76145971058752493  0.77190666526448126  0.78126343393407072  0.79054112464133819
  0.79938476262547142  0.80830782295608905  0.81744467602741233  0.82616929655937854
  0.83460671146756538  0.84625597570896671  0.85741401225051517  0.86894158232854124
  0.88016070519524992  0.89093311078196635  0.90113895388225107  0.91106808140027906
  0.92159380616940878  0.93248793644698291  0.94278581730150746  0.95308433985744045
  0.96350509090099334  0.97427844658613683  0.98593618783661363  1.00000000000000000
 -0.00003986545113190  0.00094330025720593  0.00380372395345344  0.00777237351486883
  0.01120525109270099  0.01520965109213652  0.02206402907576760  0.02972102073186193
  0.03673904061116817  0.04337789156403885  0.04907091916006123  0.05508079342927311
  0.06186677305765904  0.06952885598709876  0.07789784909134841  0.08625151228822038
  0.09427839523043455  0.10170699919782482  0.10900260633052805  0.11658047593884573
  0.12472525474675028  0.13326857686471830  0.14313173715264202  0.15365295271475263
  0.16505199923225930  0.17712590687064717  0.18855218932813819  0.19833109154825898
  0.20675124102402134  0.21505251551568008  0.22377852791203381  0.23287984815568497
  0.24211206402658964  0.25137103866889432  0.26049205766192057  0.26902602798814468
  0.27743895915408479  0.29084342983115302  0.30550900088456312  0.31978053225331599
  0.33434244335079388  0.34934743567748755  0.36429319345411171  0.37874874383732932
  0.39280127634746165  0.40662167439143621  0.42038759601989001  0.43328001730925120
  0.44571062806200418  0.45781664153615154  0.46939325063655296  0.47944476305732769
  0.48930611696377235  0.49972986247983453  0.51085413082604336  0.52265798048885648
  0.53468735844628723  0.54662704775008386  0.55813678259054589  0.56981435551434345
  0.58082653720377331  0.59183954841099773  0.60260377340579641  0.61294902977293597
  0.62319038788348569  0.63395119353177598  0.64558126782344305  0.65693884660880442
  0.66736469455843339  0.67733021745135480  0.68709592199356451  0.69681965673284507
  0.70648651740193724  0.71635024972330941  0.72631838462987108  0.73611791764308321
  0.74581587081842959  0.75598652438847491  0.76685034760862103  0.77795541946238767
  0.78956954986058980  0.80152449935419179  0.81340490003998511  0.82472930894018581
  0.83693918508624554  0.84926025348907863  0.86080349252123600  0.87080975324743559
  0.88298996312263855  0.89905090022961853  0.91528933326635031  0.93208697506319138
  0.94889935296126304  0.96581586632509386  0.98285891662638691  1.00000000000000000
 -0.00261824274313223  0.00963061483901913  0.02176517941941147  0.03364930318632172
  0.04482955399432497  0.05566892665934546  0.06671628927835004  0.07724547638269047
  0.08702544921995053  0.09576992223514112  0.10748925033479660  0.12181210922357104
  0.13626439104045832  0.14757559695354097  0.15518245116282364  0.16250895448830463
  0.16935797013119638  0.17612355907864030  0.18322825916108199  0.19027604909313725
  0.19766096361659297  0.20485769131722806  0.21264058357219381  0.22129190434300183
  0.23023389796230020  0.23924683705100663  0.24844169179407752  0.26012501164509372
  0.27143412241113241  0.28225765500360733  0.29270256645906534  0.30276032999968927
  0.31293319281461712  0.32355057778654117  0.33410488128722804  0.34329382263040031
  0.35289278672817642  0.36319275886589591  0.37398868896714782  0.38569372610198976
  0.39914001774998725  0.41284983773225659  0.42489463206167577  0.43590180566595255
  0.44698964132946112  0.45873172122443817  0.47077144942371391  0.48149509626204068
  0.49090637640185425  0.50052399304722994  0.51006875167231935  0.51890180887267834
  0.52730215830576899  0.53542363771438450  0.54476860235259628  0.55799247187938239
  0.57245160557266173  0.58676698967330654  0.60078919341779335  0.61494457890886700
  0.62947762071126101  0.64439880604489008  0.65933515745630156  0.66997837203624488
  0.67725952503199627  0.68487233988060714  0.69281473350195677  0.70065272232659981
  0.70904528610931017  0.71760405628112112  0.72611463884650929  0.73493329962460652
  0.74534753785833818  0.75693206751488229  0.76862518823945758  0.78023573705339255
  0.79079645100677731  0.80020082375985313  0.80963281250841279  0.81911559156347080
  0.82930276397860758  0.84087410343236169  0.85331420339476083  0.86253027023542095
  0.87116215724984025  0.88030976793106075  0.88993782064452787  0.89958565421755354
  0.90881516719764943  0.91886773877789152  0.93158762688586738  0.94578274978355426
  0.95964332910902961  0.97339124142361921  0.98681573971931091  1.00000000000000000
 -0.00128434665272761  0.00652794780422161  0.01408120030137193  0.02164058748321440
  0.02960953292083462  0.03816804226086417  0.04732837891890599  0.05725076222942632
  0.06785835506333177  0.07826758425549848  0.08668275462277716  0.09288221402860944
  0.09945311054485066  0.10642167442790343  0.11325764818214726  0.12007661883579765
  0.12691213201167104  0.13414816399956891  0.14139699918429524  0.15133690451622528
  0.16493802201151286  0.17803982602328167  0.19042764899926035  0.20239203872460756
  0.21426503334803115  0.22605719196826640  0.23771700281639921  0.24950916425260544
  0.26164793070413433  0.27461195506361613  0.28827688293951875  0.30201375185512763
  0.31544315525340633  0.32875156542288597  0.34286186001871877  0.35823368828448404
  0.37415257854045447  0.39098439210901942  0.40738847004693174  0.42285914725832957
  0.43904965238256194  0.45515098986778213  0.47305095579577433  0.49124264964404035
  0.50821011657427384  0.52330117086527894  0.53689670119014299  0.55028825936787618
  0.56458112946199879  0.57883486631963865  0.59169233141255495  0.60418117670300620
  0.61720611031029660  0.63156414034036112  0.64596196844744680  0.65820852201449742
  0.66881699557491037  0.67941571513812837  0.69070593156591242  0.70251805612198504
  0.71240229786164044  0.72075840079848308  0.72912741725614338  0.73784368519894539
  0.74682573932823215  0.75520700044999123  0.76319351298962723  0.77348720239336255
  0.78657625341606319  0.79800570157008643  0.80702647210265144  0.81528877690801926
  0.82307843651468959  0.83121450812536235  0.83833580481989045  0.84536876740309030
  0.85260791942245640  0.86074432243826915  0.86880519885768126  0.87651025898401747
  0.88445109650623999  0.89222182500110847  0.90006308140707370  0.90850282510359059
  0.91765384437630326  0.92684337589779642  0.93476111677285023  0.94357029349529831
  0.95385465744437348  0.96187930841397973  0.96758090618613801  0.97320263229723358
  0.97907271082519565  0.98460590337832665  0.98967344852094741  1.00000000000000000
 -0.00143356289362758  0.00647784913830826  0.01579704581793304  0.02485985501008264
  0.03624445458365980  0.04692408575776903  0.05776938290362525  0.06888074822254363
  0.08032863141733011  0.09103073358809681  0.10161038068110621  0.11287099497531951
  0.12402271827321176  0.13499537036546549  0.14599827600033921  0.15758755004078015
  0.16943542489675570  0.18168424169072123  0.19430229848043759  0.20670354813342157
  0.21884048084765162  0.23080961132812439  0.24371401355660324  0.25761855062319067
  0.26974355951054169  0.27791633467529248  0.28423623826757083  0.29083768682214384
  0.29698193977475990  0.30327562600686148  0.30867137887273594  0.31394233783345066
  0.32079560287252712  0.32743259074942743  0.33374310295073772  0.34091232833871898
  0.34867276283383425  0.35540985950222748  0.37219569917325618  0.38694760637499964
  0.39969190877289551  0.41096651947822282  0.42171491639630537  0.43245294594590639
  0.44364894683587869  0.45545701792882165  0.46713599383684945  0.47890738297638941
  0.49126848919188765  0.50379385747116157  0.51570994558766725  0.52725182392039416
  0.53993977931927828  0.55256908231967794  0.56568428138806659  0.57912407044910941
  0.59231766208484726  0.60471911019131419  0.61740448494450617  0.63121402177281571
  0.64485049251046000  0.65770217681225385  0.66845289304475053  0.67741326627305265
  0.68608551006850349  0.69499728061756494  0.70411298214589835  0.71392298409416932
  0.72303089851740887  0.73313013538186267  0.74692753192412364  0.75898842952134926
  0.77023361135940061  0.78101026616216984  0.79154075844513494  0.80176753424871483
  0.81191645858151051  0.82216531203555698  0.83200626797770727  0.84131691298432210
  0.84963309477227889  0.85817819104751158  0.86642141968463859  0.87473182505198499
  0.88412587563023470  0.89415365697827232  0.90480146338184975  0.91571589121073105
  0.92834842846821597  0.94000807630969185  0.95004856649478953  0.95947590776772740
  0.96870284259365880  0.97746602674472860  0.98641960999362910  1.00000000000000000
 -0.07707000471039052  0.83863727828078993  0.91443328639417243  0.94378265453331800
  0.95859475315170639  0.96350532128015642  0.96749866593115685  0.97101585492919029
  0.97414898455307475  0.97688260720775633  0.97923278720708440  0.98115722050102894
  0.98288275004143244  0.98437974379699689  0.98570859726684590  0.98688098232931221
  0.98794390408304777  0.98892585105964359  0.98978982547773364  0.99057133413041831
  0.99127084770796126  0.99190262863354228  0.99247802688350018  0.99301583542262806
  0.99350492495715936  0.99394135557392127  0.99434142364507350  0.99470996915073917
  0.99504614846372774  0.99535372286012602  0.99563404671133682  0.99589122282352693
  0.99613198237341993  0.99634311335285675  0.99654267957950315  0.99672865213261352
  0.99690294047438521  0.99706848159307149  0.99723073813981422  0.99737663892877204
  0.99750603723413234  0.99762669009499350  0.99774114156271543  0.99785177611593068
  0.99795713963361810  0.99805644269839844  0.99813864731998225  0.99821629938173895
  0.99829230014984460  0.99836595984114662  0.99843657494574856  0.99850390222556829
  0.99856912069672732  0.99862908455804544  0.99868595617504297  0.99873965161554745
  0.99878604662204085  0.99883268965175276  0.99887931266550889  0.99892425883171476
  0.99896765604441262  0.99901020348724112  0.99905015668141850  0.99908959771136463
  0.99912753748995820  0.99916392073751625  0.99919975030421360  0.99923435686883233
  0.99926860397225181  0.99930274669435903  0.99933232369690383  0.99936182565577358
  0.99939106048104231  0.99941835619093000  0.99944517561766144  0.99947166134428311
  0.99949775507523764  0.99952290951319678  0.99954762870309355  0.99957190893735348
  0.99959518535352676  0.99961820379185584  0.99964123944752215  0.99966391559343315
  0.99968646656428284  0.99970919356044796  0.99973172082122863  0.99975412974749800
  0.99977672259636130  0.99979921107236480  0.99982159456756103  0.99984881366207012
  0.99987776253156002  0.99990918025549769  0.99995029786705625  1.00000000000000000
 -0.01999809785571215  0.11846738319947847  0.17370423551259939  0.21273655576809086
  0.24415631391125955  0.27257289039893196  0.29445860002777485  0.31301521659811682
  0.33006258784493359  0.34435535727977290  0.35751183766399358  0.36938379858235348
  0.38065320199235392  0.38944638913950952  0.39843028715875267  0.40656870292576774
  0.41438915902435569  0.42191552006874183  0.42943559913421731  0.43708114152831562
  0.44427853976299825  0.45061170351327035  0.45692920693987693  0.46345018293773144
  0.47012491377677890  0.47705338648982770  0.48352322919374008  0.48908550323600963
  0.49480783979394982  0.50042943578078780  0.50603065498634137  0.51163676369959987
  0.51722651772071870  0.52284354294015878  0.52829951691547772  0.53428678572036437
  0.54034145304533732  0.54662921299320588  0.55421216401580442  0.56208716553202120
  0.56618856096622883  0.57047205400433787  0.57478623533744078  0.57905410010335590
  0.58360290015097227  0.58821216306805058  0.59264238058760454  0.59699424888080987
  0.60140257116428730  0.60610284494273770  0.61128515401645211  0.61617756380333666
  0.62073938193391354  0.62609362515554356  0.63161998814983356  0.63725364004103735
  0.64286949260061033  0.64809185807481540  0.65281522013756654  0.65789824940689434
  0.66284633153606010  0.66841125867149775  0.67378501557717463  0.67890354861307045
  0.68384052710038357  0.68862298561292989  0.69331367031539104  0.69805005811792442
  0.70291745878441314  0.70773370566088489  0.71231139877910199  0.71664257919586749
  0.72097982854618203  0.72530505607127649  0.72975113981341744  0.73435344204656339
  0.73920954646708259  0.74417740829943091  0.74905475170286617  0.75394053735127364
  0.75911699890526618  0.76444399272005981  0.76977915541657704  0.77634995060822387
  0.78448528008775675  0.79278140852043266  0.80066884007114203  0.80888842759600021
  0.81799735361017634  0.82810242859515437  0.83913639319645184  0.85231672843231654
  0.86883851909540688  0.88962129411779589  0.92132955988051424  1.00000000000000000
   7.7318637969454675E-009  -1.0000000000000000     
 T T F F F F T T F F F F F F F F F F F F F F F F T T F F F F T T T T F F F F T T F F F F F F F F F F F F F F F F T T F F F F T T
  <DiscreteSampler_grid>
  grouped_processes
  1 # 1 for a reference and 2 for a running grid.
  10 # Attribute 'min_bin_probing_points' of the grid.
  1 # Attribute 'grid_mode' of the grid. 1=='default',2=='initialization'
  0.0000000000000000 # Attribute 'small_contrib_threshold' of the grid.
  0.5000000000000000 # Attribute 'damping_power' of the grid.
 # binID   n_entries weight   weight_sqr   abs_weight
    13   10   3.116059600850648E-002   1.780078973566870E-003   3.116059600850648E-002
    14   10   3.116059600850660E-002   1.780078973566887E-003   3.116059600850660E-002
    16   10   4.110370974382908E-002   3.087452067204781E-003   4.110370974382908E-002
    17   10   4.110370974382924E-002   3.087452067204811E-003   4.110370974382924E-002
  </DiscreteSampler_grid>
