  0.00145665800056923  0.02167530482420116  0.03777747520416015  0.05081809839377053
  0.06303675423862991  0.07502133149343213  0.08692923581059879  0.09855061485494519
  0.10992179912419528  0.12132589450078471  0.13298771191747344  0.14462209399724293
  0.15606623556817115  0.16719457388031125  0.17797080098448473  0.18872962941431365
  0.19969953615181360  0.21092475421886980  0.22235361537685003  0.23377141028450499
  0.24498331677977825  0.25605488432959422  0.26697465067080572  0.27788744952980693
  0.28880380841290970  0.29996557666168450  0.31110445156814931  0.32212741391830957
  0.33302698223853489  0.34379038665169581  0.35432538398616309  0.36484863750943897
  0.37544359857984022  0.38623292114312424  0.39680684094341917  0.40731668466254473
  0.41760659635520320  0.42784543107948469  0.43812586226007172  0.44852067462364453
  0.45890471684083456  0.46926497374835774  0.47976160699012277  0.49045399254525462
  0.50124735850491808  0.51218848039199139  0.52321584933673015  0.53415320069133554
  0.54476654276382341  0.55554258327057193  0.56647195035508069  0.57748372063887798
  0.58838356956303650  0.59917819743216927  0.61005681316635374  0.62100683691044600
  0.63149403922193004  0.64188721471871246  0.65183424404500312  0.66167536051094455
  0.67127009598628129  0.68084905130927276  0.69069450564230739  0.70070369690279266
  0.71111252167926464  0.72117837965715292  0.73124127828166041  0.74107832667126516
  0.75125461929210646  0.76125515557865731  0.77123120255270183  0.78123753094693993
  0.79134816500468042  0.80140402487315343  0.81141969198120090  0.82121931932848347
  0.83109190404794930  0.84090412320694452  0.85068932118118701  0.86042816892678742
  0.87016429365300307  0.87994133472176306  0.88959185724811007  0.89904761643767483
  0.90844237971506137  0.91792872115251367  0.92726229240589852  0.93638930911318152
  0.94541131540556345  0.95432965116942059  0.96290713635786840  0.97094342317401794
  0.97844927591047404  0.98554369141691855  0.99241739934321938  1.00000000000000000
  0.00000058830848434  0.00000089404887085  0.00000099680112769  0.00000110265244909
  0.00000121316612922  0.00000132551216333  0.00000144014465207  0.00000155959218546
  0.00000168577994038  0.00000181891507292  0.00000195740392644  0.00000210099905511
  0.00000224997623645  0.00000240669163087  0.00000257131648579  0.00000274329248499
  0.00000292253187980  0.00000311183094012  0.00000331286524602  0.00000352580626379
  0.00000374395854338  0.00000396733074579  0.00000419565689076  0.00000443107687686
  0.00000468246300544  0.00000494424787263  0.00000521729141822  0.00000551145013698
  0.00000580847349606  0.00000611471638215  0.00000643879953553  0.00000677223688543
  0.00000712018985681  0.00000749561705436  0.00000789610449429  0.00000831853506939
  0.00000877783093259  0.00000927438974238  0.00000978891260077  0.00001034428909023
  0.00001094735992944  0.00001157777682908  0.00001224389994748  0.00001302591329816
  0.00001379477874531  0.00001471924017145  0.00001568492285447  0.00001675831447344
  0.00001795721746636  0.00001925770353606  0.00002070122270715  0.00002227582941665
  0.00002397760405979  0.00002589622925333  0.00002797205879930  0.00003030642804397
  0.00003280776293347  0.00003561711611398  0.00003872468973658  0.00004214556644995
  0.00004603807379267  0.00005019040070387  0.00005493418053917  0.00006033482600527
  0.00006633779736451  0.00007317891528891  0.00008086937815855  0.00008943095654400
  0.00009925624916748  0.00011031925318012  0.00012258524452073  0.00013660605244689
  0.00015212872509458  0.00016820263730516  0.00018634009459745  0.00020604565121568
  0.00022820900569573  0.00025232406451226  0.00027977974286267  0.00031526773050304
  0.00036133379564947  0.00041446927874185  0.00047080897558120  0.00053023141296234
  0.00059730942950538  0.00066262280621567  0.00072016715636018  0.00076165181965997
  0.00080288129896083  0.00085760426913997  0.00091744025953443  0.00100228812063900
  0.00113841963827769  0.00149353297163962  0.10149540787831696  1.00000000000000000
 -0.00182852033472916  0.00584615622687560  0.01309010831154892  0.02043713938092593
  0.02822156051766475  0.03620822031261007  0.04437800346725768  0.05251507790679691
  0.06064352773149509  0.06876969257046624  0.07682740212458773  0.08495881022984653
  0.09326633977171103  0.10169512008822801  0.11022995643786830  0.11875260829790796
  0.12736236543774843  0.13604749100554972  0.14481815852191071  0.15368733805052634
  0.16279400562398835  0.17194413920128712  0.18113340643836609  0.19029342783723655
  0.19947661162297381  0.20897908405827281  0.21857953375501590  0.22797483793840487
  0.23718567866615797  0.24645806567742856  0.25615563602931529  0.26623983628076459
  0.27644155538679016  0.28656935066188377  0.29680009792641215  0.30719701281824757
  0.31802000326083490  0.32902533726716987  0.34008110656489277  0.35118368175316450
  0.36223469447886092  0.37339707590426530  0.38445155316783591  0.39564859563773519
  0.40679339898739253  0.41804281276032812  0.42967276344395694  0.44170254197123077
  0.45421381182616377  0.46665381418654417  0.47905134450403497  0.49108804505105974
  0.50317537320330519  0.51481121630849225  0.52664889725305308  0.53895194492240983
  0.55181218830444201  0.56490541737445576  0.57817071969390399  0.59131410845637788
  0.60428971748673921  0.61740114916052580  0.63039947876606306  0.64321174997840125
  0.65609081471488351  0.66915161521149080  0.68238950591802128  0.69533840781620759
  0.70806747512056456  0.72053632156189884  0.73270072488900273  0.74429851399535851
  0.75600689591656201  0.76783736089665389  0.77961701606909262  0.79114247761447032
  0.80309671205766586  0.81474739513912164  0.82574464411860071  0.83651350595471774
  0.84734471921219046  0.85837620495628542  0.86936620219724181  0.88039917497446540
  0.89137255351381217  0.90199725645728002  0.91220104561360138  0.92252975050472708
  0.93286747953208715  0.94299228518621125  0.95273120311208881  0.96228362480744856
  0.97194658736641415  0.98122031019739986  0.99051863108699967  1.00000000000000000
 -0.00203669053373131  0.00934817965898731  0.01907635735596526  0.02939780988075075
  0.03972335077210192  0.04992681895591466  0.06011291501736490  0.07079036256871482
  0.08153313655176084  0.09164961933150520  0.10145103111215392  0.11144049781516155
  0.12167793585498300  0.13167709488690313  0.14184365385554959  0.15171951628758143
  0.16195663898844950  0.17233121237660096  0.18331436102427456  0.19451215402721170
  0.20580847452010803  0.21705543366059907  0.22811146910214711  0.23869570436244139
  0.24910630077175441  0.25979800322860080  0.27043341403493759  0.28084124232168894
  0.29123611139245631  0.30157225482275823  0.31202485351719444  0.32238368293114167
  0.33278697770845733  0.34332025636246066  0.35378658491482168  0.36434715702169501
  0.37529933269908022  0.38667964400636334  0.39797525117507310  0.40856756229543151
  0.41904687487731118  0.42944741850945928  0.44001854240038180  0.45034593661647287
  0.46031760943072891  0.47065836481850271  0.48117219496638158  0.49276130179003114
  0.50443824578748198  0.51574901383320759  0.52661423206309366  0.53685472901788200
  0.54662550710200208  0.55598617204707657  0.56571812527843091  0.57628921903384966
  0.58704178823048014  0.59802397363348969  0.60903414096471775  0.62009964875689427
  0.63066542404954451  0.64132257364011080  0.65207004494461152  0.66275611509309562
  0.67366842496761048  0.68446058518155084  0.69513209002879572  0.70568990523798936
  0.71616339924222594  0.72661626661785583  0.73671386549847451  0.74665112653449595
  0.75676280996116541  0.76711135875819969  0.77762113393771104  0.78816127464946439
  0.79852686800753414  0.80894251663330652  0.81949688052397540  0.83043419669440288
  0.84123387516168446  0.85185844388079002  0.86218855195754796  0.87237364927289629
  0.88298237873941054  0.89353232258196524  0.90450812878786480  0.91531106306068677
  0.92593086916941925  0.93630880636123714  0.94635662336587700  0.95654685294437525
  0.96696416039995015  0.97768008102284287  0.98885250187125617  1.00000000000000000
 -0.00224741336448339  0.00996713552449702  0.02019535713958789  0.03012153982877595
  0.04032183298559589  0.05059783506319943  0.06075529767295110  0.07097081520185375
  0.08108135689580317  0.09140626627425599  0.10140629354290004  0.11161752459016083
  0.12204580374109081  0.13243659498699561  0.14292951145494823  0.15365229958986792
  0.16428733848311633  0.17491625310291145  0.18506553330395883  0.19569342404704207
  0.20644473959219306  0.21739079525245983  0.22826575363254861  0.23891415207980596
  0.24960097237940401  0.26040516927531515  0.27130382429398409  0.28203270269940806
  0.29280580392657973  0.30342500613327078  0.31387127446981267  0.32414093998202953
  0.33473763656534339  0.34587732277511862  0.35695543228791454  0.36762919665375487
  0.37813986962881668  0.38829821613649412  0.39858057365618088  0.40842853591331679
  0.41803748424870751  0.42782340125214308  0.43774355293957973  0.44824362867091910
  0.45876747072931717  0.46912178508051050  0.47946694411536372  0.48959699317336447
  0.49996915541798675  0.51059991628853985  0.52167203543317564  0.53286720630300333
  0.54361604302185063  0.55417760725954657  0.56449549908189189  0.57443503577299604
  0.58455011759636211  0.59458954793750818  0.60476385586812587  0.61480572748328666
  0.62504154619413677  0.63567262160729410  0.64624778155300233  0.65678629373676300
  0.66715981557902471  0.67794454654016989  0.68858900383267851  0.69919129463958551
  0.70955606055459153  0.71997004922235808  0.73040042711832598  0.74079579148458274
  0.75120883543253669  0.76148048154563408  0.77183322692039991  0.78226134154018545
  0.79265641570017542  0.80294291175921795  0.81349138408096244  0.82436649983256682
  0.83523168709752282  0.84597557739207341  0.85689364529695511  0.86845326870773587
  0.87997981744597387  0.89140415137488838  0.90264139843401636  0.91359714348894983
  0.92434756734422219  0.93512217957230293  0.94570245610492176  0.95639137085680059
  0.96739509874805429  0.97856789062637251  0.98929569503205128  1.00000000000000000
  0.04395756884142997  0.15121374798559847  0.24092503045554239  0.31277082653833177
  0.37108084248194667  0.41419599819966291  0.44591060138055649  0.46830905349552732
  0.48694475739102028  0.50311233847451364  0.51537752703805406  0.52495276832582582
  0.53120790801103224  0.53623414400010094  0.54121549794811685  0.54616953387204925
  0.55061872068376472  0.55500437030561434  0.55912530410291994  0.56305268815731468
  0.56707574505883640  0.57108415443555438  0.57521070061522939  0.57940113232875268
  0.58343056776804114  0.58695798730987003  0.59011161514570865  0.59331670240032863
  0.59651824382276686  0.59974383904822870  0.60297352708348584  0.60607870265303943
  0.60905480849648452  0.61204781308060485  0.61508709610634338  0.61815333960856722
  0.62123461731257013  0.62433169469464633  0.62744638859160129  0.63054536668685335
  0.63366520236860924  0.63676878180489982  0.63986881768794635  0.64301627501386915
  0.64626913489428417  0.64965157826568098  0.65311450930877457  0.65656391933689584
  0.66002607047469286  0.66357834604117716  0.66718691796642959  0.67091767484845921
  0.67472443101912283  0.67856471835046739  0.68239364082704601  0.68626294408126742
  0.69028482097137644  0.69446317944085612  0.69867913247292845  0.70286728755511008
  0.70711149218497549  0.71154431805904728  0.71613325883365186  0.72073918589079755
  0.72540723750383906  0.73023010097051044  0.73534324487193381  0.74063415201176275
  0.74597503175542257  0.75144705140758150  0.75708586181924620  0.76275907937462306
  0.76855014445580527  0.77466911219348478  0.78109294400046370  0.78763056313047097
  0.79436107527268685  0.80142364050113857  0.80852296173334648  0.81590926747583759
  0.82377546952476255  0.83193138245473208  0.84020752889091821  0.84840799880553619
  0.85692879775529363  0.86590498795110571  0.87514938605099257  0.88534110372264263
  0.89565496444001391  0.90692905942245650  0.91872151575683469  0.93160983043065726
  0.94547047687036201  0.96082121029710876  0.97887100149143502  1.00000000000000000
 -0.01851287436689574  0.11735537269834434  0.16011464801042896  0.18767605422543351
  0.21013572653021664  0.22937519840196105  0.24660811384181067  0.26189849965841561
  0.27625926676603585  0.28944768916908264  0.30199552885747205  0.31389847324437958
  0.32526676553911693  0.33629772245452255  0.34710129355241781  0.35744945364870984
  0.36741045954289547  0.37710646320148933  0.38655388777140831  0.39583857236178083
  0.40487737832190468  0.41397231714901828  0.42273357545809442  0.43125305150454579
  0.43953845289607069  0.44760872690667342  0.45557483712716912  0.46354288390443110
  0.47141766108955102  0.47913389543087620  0.48663040910317795  0.49410801336688398
  0.50159384870143520  0.50902048615119622  0.51643234755591017  0.52360389161978260
  0.53061748799963615  0.53760117224254189  0.54448382255921879  0.55113355143147502
  0.55772743322078133  0.56427829633812465  0.57089140288585916  0.57745200669734065
  0.58382753347426186  0.59027804258467076  0.59668304113391502  0.60313662080393282
  0.60953575594252030  0.61589754858232038  0.62213996308223074  0.62833684892908925
  0.63449914186028933  0.64058718889240995  0.64651611674923504  0.65214643489140156
  0.65768879971087513  0.66337200110271310  0.66902185901648048  0.67467563224106841
  0.68024829524618047  0.68569184729450017  0.69094355062805368  0.69611562178964104
  0.70124996792724925  0.70630886123498471  0.71126700760481665  0.71618145725940641
  0.72119488272439092  0.72644210468104542  0.73185246541344318  0.73720205099528413
  0.74256579915634047  0.74762858240527386  0.75275453694420758  0.75803876821195504
  0.76316189743341578  0.76868396548389684  0.77447713353017833  0.78045031130222686
  0.78667227399792328  0.79307399478144236  0.79958025828275314  0.80595636094623602
  0.81251163504900958  0.81961417281107229  0.82727596715597718  0.83708344977278693
  0.84745690241893090  0.85823017512596400  0.86925400538587605  0.88199896867766592
  0.89855995534990973  0.91827356755548495  0.95100949862363859  1.00000000000000000
   2.6010077016903736E-005  -1.0000000000000000     
 T T F F F F T T F F F F F F F F F F F F F F F F T T F F F F T T T T F F F F T T F F F F F F F F F F F F F F F F T T F F F F T T
  <DiscreteSampler_grid>
  grouped_processes
  1 # 1 for a reference and 2 for a running grid.
  10 # Attribute 'min_bin_probing_points' of the grid.
  1 # Attribute 'grid_mode' of the grid. 1=='default',2=='initialization'
  0.0000000000000000 # Attribute 'small_contrib_threshold' of the grid.
  0.5000000000000000 # Attribute 'damping_power' of the grid.
 # binID   n_entries weight   weight_sqr   abs_weight
    13   10   8.926763042340893E+004   2.061480624959654E+010   8.926763042340893E+004
    14   10   8.926763042340896E+004   2.061480624959656E+010   8.926763042340896E+004
    16   10   2.779337390711615E+004   2.042259040755658E+009   2.779337390711615E+004
    17   10   2.779337390711615E+004   2.042259040755658E+009   2.779337390711615E+004
  </DiscreteSampler_grid>
