  0.00116341661266479  0.01637295607260232  0.03167819241914272  0.04373846759302397
  0.05335505177117743  0.06234786201161056  0.07116218062552765  0.07970239432373169
  0.08851281570149393  0.09706479150727457  0.10661928727029295  0.11783421600645626
  0.13047714645506173  0.14482043699972452  0.15550931754649489  0.16724490490248828
  0.17768252862074324  0.18617793498204588  0.19513302391153620  0.20412840552129016
  0.21497398534366993  0.22863781938572689  0.23939516411806389  0.24940739807327086
  0.25913980808566156  0.26878201535155061  0.27801100901328252  0.28642992300886139
  0.29632446431954479  0.30868938481429320  0.31977978437306548  0.33024576902335895
  0.34110837859251464  0.35270827278993749  0.36449988411774209  0.37519628992520432
  0.38564697661468467  0.39622701653673531  0.40685046155657179  0.41898052762612875
  0.43486032700011590  0.44824683644923774  0.46161049631506179  0.47425821866010975
  0.48405250969583791  0.49240568310458338  0.50135639958510880  0.51090452921784524
  0.52016205529579418  0.52897601829963403  0.53806435652016249  0.54876172405490731
  0.56010480778045491  0.57053626514936195  0.58056800893380922  0.59184825427790255
  0.60312131769000488  0.61433048336172003  0.62546514502979234  0.63530860754565677
  0.64521439756496735  0.65398127549361806  0.66149554576475733  0.66901185683311870
  0.67736242831946092  0.68679474545715880  0.69808215553029862  0.71056991221781918
  0.72256821267359295  0.73363546951191161  0.74436189489279381  0.75463458995582722
  0.76425436137383429  0.77453394220508398  0.78497627817215720  0.79592999489363858
  0.80779740694152591  0.81939086115846627  0.82728479017129597  0.83662469449686439
  0.84633348185542456  0.85483637411577928  0.86257084312133714  0.87024097437204717
  0.87925765444369008  0.89044007623609389  0.90236544052193612  0.91331393831689778
  0.92348202342029051  0.93356162802596609  0.94357717867350066  0.95386517289862971
  0.96429128949033971  0.97507678776839279  0.98670467823820696  1.00000000000000000
 -0.00004044202593479  0.00098079340593060  0.00388910141848127  0.00745448960529894
  0.01249634858129293  0.01778662135785119  0.02341610502985047  0.02975274101020470
  0.03639602861721924  0.04529951080088820  0.05353881741375335  0.06037584180768864
  0.06749063566377125  0.07572256915385976  0.08550172394497084  0.09510916921381710
  0.10313403985612236  0.11197476381452229  0.12075242719563666  0.12918793552057392
  0.13904523420615014  0.14837918840961656  0.15500609517091299  0.16232663864491317
  0.16933300991601438  0.17701639226730631  0.18582217030625675  0.19463097155811887
  0.20272761654138752  0.21018253778923685  0.21797243911434575  0.22785058043002371
  0.23726725130975768  0.24659193945381555  0.25845709047689347  0.27058428854794386
  0.28314039604684788  0.29621329820925157  0.30939355056290030  0.32216766503463312
  0.33512728539856629  0.34840065760925404  0.36129906110548465  0.37352736542480880
  0.38529521289072749  0.39675255830332551  0.40813645552911160  0.41972263456118220
  0.43150530862937275  0.44369554022290930  0.45542296759196915  0.46672029257898046
  0.47856391135089366  0.49066328014794269  0.50278745906121680  0.51499118251565268
  0.52752161225425842  0.54046834558411838  0.55338702076133284  0.56595703839064093
  0.57820941824254302  0.59003204996181224  0.60131339137496609  0.61270688610929136
  0.62444063050168541  0.63616652089736703  0.64802450396417233  0.66011004394896722
  0.67287788773329660  0.68661205583356977  0.69831791741318350  0.71009475256601240
  0.72243219688022131  0.73515657102006793  0.74789747106798565  0.76044443278543017
  0.77287912673405723  0.78521972848137733  0.79798763017959473  0.81094577373151178
  0.82416776056901464  0.83631580106307268  0.84769512412297743  0.85913456934626264
  0.87082352213048586  0.88269939699582378  0.89446060419144147  0.90549200146179654
  0.91625441713787870  0.92717128026516116  0.93848995991185558  0.95055528956039170
  0.96322708108289168  0.97564224645278619  0.98782450053860904  1.00000000000000000
 -0.00188183374259725  0.00717629713997613  0.01757698085484258  0.02679875216538733
  0.03982532678007586  0.05209873404664903  0.06469896074669870  0.07714121076988494
  0.08870655865763905  0.09938342038519922  0.10982182320359013  0.11981921542993600
  0.12871496732130933  0.13725126479410976  0.14590071757732029  0.15487155907277828
  0.16485576702191984  0.17575399936272412  0.18625281901543655  0.19821955789207379
  0.21051222116437443  0.22250009250320177  0.23488094051336744  0.24734476526025925
  0.25914272302395081  0.27040483361139533  0.28164854859988175  0.29309779271019981
  0.30457139192169796  0.31590266067508399  0.32670944295110360  0.33700049139475935
  0.34803822155117464  0.35975597319706898  0.37168410792352391  0.38437913842590465
  0.39808634785954811  0.41242471034528233  0.42565360354586096  0.43696631401547548
  0.44755813894898172  0.45888001676251378  0.47016132121378867  0.48156848581148298
  0.49348941205382418  0.50691798474456606  0.52119226315096012  0.53431233849866233
  0.54648337387047452  0.55880455868524159  0.57049749275680084  0.58271604924218701
  0.59455214661557243  0.60446156773550574  0.61285870545613763  0.62170111572177145
  0.63051469882259692  0.63849640411525965  0.64687661020472298  0.65652718640334240
  0.66373766146863011  0.67245621746856044  0.68572761171351559  0.69806631564752519
  0.70813558738630944  0.71587964111113811  0.72373069566601644  0.73275607859943059
  0.74135492424871008  0.74894693420822578  0.75701909469303708  0.76503949812766070
  0.77391145374860248  0.78320172905586027  0.79081034727855859  0.80047870519733633
  0.81087107678717707  0.82070094902986890  0.82964476208279991  0.83811951167942700
  0.84718665377030533  0.85669554054388775  0.86528936647136967  0.87487590199445142
  0.88703446951665132  0.89838943886781486  0.90772453823706700  0.91774975554075811
  0.92787494196181297  0.93784065479766721  0.94709395200993163  0.95631367098141173
  0.96661070941655280  0.97783245203655256  0.98925733552929607  1.00000000000000000
 -0.00155469615965362  0.00688235829842102  0.01410498477513490  0.02147460310597790
  0.02838816603263647  0.03494170915430882  0.04158705987473463  0.04824719384434976
  0.05510214032955793  0.06285268484733850  0.07235557747108949  0.08322802789757283
  0.09470819928457012  0.10553029869440431  0.11508660129585813  0.12404565515502633
  0.13322163436791126  0.14241895516220279  0.15134112005859657  0.15997925835895824
  0.16887790983033202  0.17813245794237201  0.18756846458823090  0.19734633384870418
  0.20731288320039976  0.21809437716523086  0.22964672594924787  0.24097020638683855
  0.25179092296399769  0.26275957051708615  0.27350299903290870  0.28243998201775677
  0.29286653767641307  0.30582318190678970  0.31853395404307688  0.33177884846435707
  0.34707922170678729  0.36422882671182594  0.38177135221854103  0.39891068295079135
  0.41529248450119904  0.43035201726009076  0.44403754659694566  0.45732682633387783
  0.47055940576504957  0.48459376588929176  0.49988783822976174  0.51545176119190850
  0.52992965497539890  0.54435347787098776  0.55980568099082895  0.57525808059163797
  0.59111569563427835  0.60786976938679471  0.62392166684987727  0.64019147987739522
  0.65588475549088743  0.67146549672004019  0.68665612260830011  0.70219646111379619
  0.71730127619247230  0.73036250345280329  0.74072325424420127  0.74981359964452876
  0.75887826292504046  0.76884778152583710  0.77755585855662512  0.78624109702264844
  0.79438127258123603  0.80571454457275604  0.81411205524711616  0.82080863239683044
  0.82852956405881317  0.83639383508719689  0.84334664493648848  0.85024951811273852
  0.85737051934243036  0.86459350275563462  0.87196231340496255  0.87827111868986940
  0.88472686284700019  0.89099648648519059  0.89792346089960096  0.90535790125450277
  0.91298391721446381  0.92069226235127433  0.92775759341230368  0.93457040379577982
  0.94158519207005198  0.94870671176937660  0.95610109206985106  0.96360720226914998
  0.97047188728843448  0.97755045989363154  0.98693109826978220  1.00000000000000000
 -0.00290822624304356  0.00979160687587217  0.02228501533398768  0.03483071883167941
  0.04722691110811256  0.05939724399228204  0.07150619106425689  0.08388610593175928
  0.09625241016131703  0.10873168511530977  0.12147373460415882  0.13427501458734931
  0.14726088996859699  0.16040244601476633  0.17331470170900187  0.18595790510671681
  0.19789184894622408  0.20933021514873174  0.22021575807766233  0.23027869136018930
  0.24038449030410297  0.25066783482141219  0.26118230716956747  0.27159186877462316
  0.28169870012862769  0.29289568964705331  0.30597853408581677  0.32070185309229443
  0.33668858569588050  0.35274600117842342  0.36590534151334675  0.37768553682973610
  0.38882037497502470  0.39956036140000101  0.41046744802259133  0.42003487968676406
  0.42915721791716743  0.43932480475735564  0.44660336326407973  0.45417281991652048
  0.46254697705096531  0.47246643556518048  0.48252833015075597  0.49223715320431527
  0.50221213254067865  0.51181011141100297  0.52072370718183780  0.52888563784784326
  0.53724894482933383  0.54676631162637668  0.55889246882586474  0.56838203270753818
  0.57709320564915145  0.58613939754368205  0.59539717985994467  0.60662944461986590
  0.61733941094310685  0.62818729191170852  0.63932144482749353  0.65114673951261282
  0.66250605901560677  0.67194736598571503  0.68144981907071900  0.69165766470605994
  0.70208693940605615  0.71303392962415924  0.72409643996383688  0.73327697067851272
  0.74110811694841316  0.74918222647814570  0.75901289270918593  0.76859781618536371
  0.77771181881971041  0.78698244680029450  0.79506229136744289  0.80659614973325922
  0.81696217566662066  0.82662089584411580  0.83652190944191118  0.84607878219926747
  0.85847092922437995  0.87222052856406596  0.88215453593503146  0.89131439344874308
  0.90015792258702432  0.90942248837130202  0.91893551728946443  0.92926508548801745
  0.94003536796693909  0.94988447136534282  0.95833964342804001  0.96626359232084602
  0.97471808432820772  0.98325544802963105  0.99161989758908864  1.00000000000000000
 -0.06057174177953171  0.83442682745639607  0.91417211510978891  0.94402703832878687
  0.95890132720630572  0.96374501039882599  0.96794278725119220  0.97160836381423332
  0.97479458982321898  0.97762289668506752  0.97996650415004660  0.98183259238473919
  0.98352083684433167  0.98498504623911609  0.98631150138457768  0.98746489589766628
  0.98853589050075785  0.98948497966496740  0.99030815891327639  0.99106275522090581
  0.99175225108578757  0.99238677552828103  0.99294372783446838  0.99344929323702302
  0.99390851082788845  0.99432109812531688  0.99469994220123070  0.99504503619439288
  0.99535819658150138  0.99564387184325631  0.99590930379361586  0.99615087873053143
  0.99637970641017848  0.99658872312877889  0.99677968989624366  0.99696138710641768
  0.99713488592713639  0.99729233247748361  0.99742967720520814  0.99755749779837144
  0.99767843066859152  0.99779276974652731  0.99789786088000787  0.99799310997699919
  0.99808170363921200  0.99816629462906503  0.99824808507061258  0.99832701931114842
  0.99840110125831605  0.99847289389785399  0.99854293208447564  0.99860802419567107
  0.99866491334802543  0.99871281146061264  0.99876195128258594  0.99881007963093960
  0.99885676223569309  0.99890227278135557  0.99894658116313795  0.99898936808447125
  0.99902983257834876  0.99906921275016169  0.99910763194625740  0.99914522474442935
  0.99918219346607162  0.99921759069522675  0.99925258799313044  0.99928682000734681
  0.99931760772560729  0.99934817687443100  0.99937735834564723  0.99940482987526935
  0.99943189193339188  0.99945847982055869  0.99948476102910144  0.99951089447290864
  0.99953557487404887  0.99955959966089314  0.99958306725316914  0.99960564797682427
  0.99962759443085536  0.99964881074528378  0.99966977147223124  0.99969010433871708
  0.99970963894426645  0.99972910359677181  0.99974874936491720  0.99976873892225560
  0.99978918440538733  0.99980976275895972  0.99983043318784159  0.99985469902638036
  0.99988111578882033  0.99991005772314290  0.99995034891525836  1.00000000000000000
 -0.02317453352491463  0.12746605455120399  0.19716498347864764  0.22602642737902537
  0.24561592168943114  0.26245598160698597  0.28216294273253273  0.30632220500322571
  0.32481292574366477  0.33900420735626591  0.35058481146820092  0.36311082854824628
  0.37640552854435272  0.38869458999290862  0.40026810190842194  0.41097241666525819
  0.42087765320982279  0.43005122303553184  0.43868703474990889  0.44721856492584777
  0.45591611904223084  0.46499691804879090  0.47455219101215401  0.48320733296245366
  0.49015214426355419  0.49690437548074595  0.50331825625399818  0.50957434660073453
  0.51537963878888160  0.52084095425319565  0.52604872092310340  0.53098068046209324
  0.53644370000418762  0.54240360862832271  0.54835627105358387  0.55416064658114683
  0.55964211414273601  0.56439357941282187  0.56852622699364674  0.57282337704412989
  0.57750650194950126  0.58242897361643831  0.58736896091287893  0.59272589904360429
  0.59783125578086482  0.60286732440203239  0.60775729134780376  0.61248866060935114
  0.61704848909869359  0.62150863394975442  0.62625466790537321  0.63159387884976914
  0.63732947601457279  0.64305914995930358  0.64867868106981641  0.65418415788718398
  0.65953842963357734  0.66472388511718505  0.66991551115103998  0.67526426507694648
  0.68063029730623525  0.68562401766230285  0.69012523387678970  0.69449815796251912
  0.69895817068886257  0.70387501723998802  0.70907562468783680  0.71368200630944856
  0.71817360854551826  0.72262090711744476  0.72715506917322303  0.73158624622150958
  0.73586493004190046  0.74008336313200218  0.74435316504251359  0.74881671963892382
  0.75348634001948411  0.75823375839898566  0.76306198692427196  0.76854550193693671
  0.77474886307779167  0.78103709615738204  0.78738871499624086  0.79394278220845571
  0.80076394035321130  0.80745735216503578  0.81450997086665766  0.82275489731003171
  0.83160426263194998  0.84110992829483011  0.85179797970405480  0.86423607682833892
  0.87771054118860004  0.89391310209145081  0.92033974434154509  1.00000000000000000
   8.5982137513008389E-009  -1.0000000000000000     
 T T F F F F T T F F F F F F F F F F F F F F F F T T F F F F T T T T F F F F T T F F F F F F F F F F F F F F F F T T F F F F T T
  <DiscreteSampler_grid>
  grouped_processes
  1 # 1 for a reference and 2 for a running grid.
  10 # Attribute 'min_bin_probing_points' of the grid.
  1 # Attribute 'grid_mode' of the grid. 1=='default',2=='initialization'
  0.0000000000000000 # Attribute 'small_contrib_threshold' of the grid.
  0.5000000000000000 # Attribute 'damping_power' of the grid.
 # binID   n_entries weight   weight_sqr   abs_weight
    13   10   8.188334795428525E-003   2.695648543693700E-004   8.188334795428525E-003
    14   10   8.188334795428531E-003   2.695648543693701E-004   8.188334795428531E-003
    16   10   2.363853092566211E-003   2.237481189656115E-005   2.363853092566211E-003
    17   10   2.363853092566213E-003   2.237481189656116E-005   2.363853092566213E-003
  </DiscreteSampler_grid>
