  0.00124316888866242  0.01606089291906870  0.02991282148504533  0.04359467595324493
  0.05642354224496409  0.06823082434982966  0.07975255152027091  0.09167887466007579
  0.10397084279067777  0.11649262151277234  0.12873329658732938  0.13968699125250256
  0.14928672978553986  0.15796356135049114  0.16669799820085229  0.17549678883436617
  0.18503980708614048  0.19635304257058486  0.20854832960417297  0.22136736831660808
  0.23138603138604877  0.23926114357924858  0.24731310532859740  0.25572944715305806
  0.26384165460407594  0.27077222184490551  0.27605766626250400  0.28153371784669373
  0.28878974633300136  0.29859262694088851  0.30930321687293755  0.31862739814172186
  0.32757811853822666  0.33648039613097014  0.34537583114066084  0.35450709728354002
  0.36464212285306502  0.37558167381522362  0.38745207901391704  0.40035694802353999
  0.41353656173323317  0.42622170283476257  0.43859700420535164  0.45138314001885149
  0.46345450982803116  0.47479221902296986  0.48545978739771622  0.49610386965105846
  0.50813988123576570  0.52064121738221403  0.53188133144339877  0.54267707491961326
  0.55470805794990496  0.56769179988088636  0.58025558055010618  0.59129296871129067
  0.60183287431523647  0.61235840138237096  0.62293050725158194  0.63391431324548564
  0.64545165040486752  0.65766339845024879  0.67003129740805378  0.68207213712549497
  0.69441257759976316  0.70699344822421883  0.71843589215353609  0.72913608160336540
  0.73901788152298042  0.74977917824338935  0.76022550571383340  0.76988067310519925
  0.77875238842157379  0.78748506674655427  0.79723193889188670  0.80806947220157310
  0.81887671259942318  0.82913092289227874  0.83979874461234538  0.85139216651772365
  0.86285184885423583  0.87328910284360683  0.88287681528036988  0.89250370306256288
  0.90316640340453880  0.91430362344305927  0.92446986226276973  0.93326051011806144
  0.94258502097240848  0.95228715494003979  0.96122730710264037  0.96999098702680930
  0.97904064944456215  0.98870286385205952  0.99173435480260730  1.00000000000000000
 -0.00003654581338989  0.00081609734537690  0.00307663774665977  0.00642325569786507
  0.00963829517758622  0.01460629397745194  0.02032605958546675  0.02567363098281438
  0.03098080779750720  0.03805435516942754  0.04624250963681076  0.05431139987968640
  0.06219345470915891  0.06986433921769013  0.07772488242088815  0.08572961469100482
  0.09488901352296580  0.10330091397419927  0.11291416623602513  0.12191129728719417
  0.13129139491227407  0.14073403325396386  0.14994476992563990  0.15798440635497835
  0.16631876705133361  0.17493431724950728  0.18370995926060388  0.19317692350835808
  0.20287457097850298  0.21294411533470969  0.22434750794741271  0.23693472654903180
  0.24980184626268787  0.26216429704674404  0.27419823692353068  0.28613325389554012
  0.29850643843847208  0.31087791704644219  0.32286338782354013  0.33438671153779331
  0.34666319668306705  0.35948423089725579  0.37029338069390311  0.38059691449457256
  0.39098242530954858  0.40116781279484115  0.41031351550679646  0.41775950312054827
  0.42726890985235766  0.43753268106419069  0.44680211890683047  0.45590348545382142
  0.46522596010576661  0.47466257341848844  0.48382393083052366  0.49229600563804310
  0.50054381346537014  0.50863894039345103  0.51684889071453177  0.52582167968708027
  0.53590736371736758  0.54620097886092267  0.55646421722660278  0.56721065765065637
  0.57837579588132315  0.58911309319018612  0.59940173942498132  0.61019191866598299
  0.62288167961574925  0.63591355740014377  0.64786301640013466  0.65882603907168291
  0.66964570034138460  0.68076865056956959  0.69226970925985787  0.70403941546904381
  0.71614019020045705  0.72908847148568867  0.74190229583660927  0.75534992312592875
  0.76925696742394500  0.78348870270754234  0.79844575533336026  0.81432160120683583
  0.83031294575225223  0.84614179455885752  0.86090404245868224  0.87521653297316515
  0.88949774119036429  0.90385560603616122  0.91864475294355930  0.93461556317597638
  0.95089025583469122  0.96723127079644522  0.98358020405553792  1.00000000000000000
 -0.00218980672890680  0.00874253698078268  0.01836464409588028  0.02862728648420303
  0.04058834010506418  0.05416111678756741  0.06515330366368378  0.07232116383461466
  0.07867974023030699  0.08476639222824593  0.09126930171583927  0.09876822276249049
  0.10650461078660536  0.11316961930971084  0.11951676546252292  0.12709238492582314
  0.13717159092419581  0.14788379099197244  0.15938357649815640  0.17195356765436551
  0.18499421784340345  0.19884341994042476  0.21312597663239505  0.22355991200893141
  0.23480269086670133  0.24532833432720977  0.25547858801894735  0.26542903434356274
  0.27545787570592078  0.28651426570342076  0.29763238959360167  0.30819673293487404
  0.31859462886237627  0.32957314772602009  0.34120500708901014  0.35273639640740484
  0.36357983693321827  0.37429564591081282  0.38593628254756168  0.39741194682051828
  0.40852188234225040  0.41915640027640022  0.42820794677185076  0.43721400062278137
  0.44708759211418364  0.45600473921332868  0.46400122162738722  0.47204829979956997
  0.48167514660668259  0.49266636800388813  0.50260741575983026  0.51175889309179623
  0.52091746478063616  0.53004153765923012  0.53916590325593883  0.54922680019944214
  0.55986321866737254  0.57167240536808417  0.58507662060324517  0.59873303056129989
  0.61195234308726387  0.62414374060231426  0.63501278504821934  0.64556093035791207
  0.65558102517339967  0.66394802482792592  0.67254439571550462  0.68210362892281218
  0.69160525315894261  0.70159690506720607  0.71245240346559957  0.72393077704869413
  0.73686504179509016  0.74911850795230350  0.75922939523010802  0.76956106673732805
  0.77865745616077020  0.78703153206425014  0.79546254092627044  0.80501025470543408
  0.81418574826900725  0.82312449476547533  0.83372335340637715  0.84486117779177905
  0.85682857835147963  0.87041930066742113  0.88242458947880931  0.89406292875148730
  0.90554023956369845  0.91685615954958144  0.92830434860227529  0.94026071611649276
  0.95315607382832490  0.96759842461821011  0.98346991829186214  1.00000000000000000
 -0.00204462377327771  0.00760590689794792  0.01742183107968762  0.02690701852009474
  0.03609687314668777  0.04473552971711825  0.05285698912916636  0.06102566316133610
  0.06809697453106055  0.07493719615388539  0.08190258925858529  0.08865465991796337
  0.09568146409396579  0.10299649323427774  0.11103929117556129  0.12104391147069393
  0.13111139823949305  0.14021677653944259  0.14944329944874105  0.15972047965976746
  0.17019999729924004  0.18076070584854112  0.19255676826767629  0.20545579690160604
  0.21805121079036521  0.22999426143482754  0.24238181563446201  0.25476474988359926
  0.26606377477995163  0.27670376550009340  0.28782032697826332  0.30001825777413499
  0.31305288225152639  0.32573314816136734  0.33825138726308013  0.35115390207017033
  0.36408725481525561  0.37646394055122262  0.38898213666026948  0.40113354304804866
  0.41252322535641239  0.42456741563139966  0.43657958978901545  0.44729655943895719
  0.45802734423895236  0.46988661913147328  0.48187072098703443  0.49336100849758296
  0.50592946303459096  0.52014854491736950  0.53514575613325799  0.55023304409823814
  0.56596002218900576  0.58245559827118187  0.59839769593241798  0.61138567129237731
  0.62254757469415378  0.63412910070718487  0.64562806674942053  0.65649205977043212
  0.66719810225882681  0.67919586562559053  0.69259307975461770  0.70626924319707818
  0.71889215716358623  0.72929447647388712  0.73717857353608340  0.74445094097827802
  0.75177717685525236  0.75856281379584722  0.76526455730452425  0.77183544064773979
  0.77803621692724001  0.78433412422031623  0.79056638286115843  0.79993911619873459
  0.81105294065096434  0.82198483821329682  0.83338078589743991  0.84596985214802922
  0.85826249577216429  0.86940151882739070  0.87951643194985429  0.88866306468767786
  0.89765170655100446  0.90665491679647003  0.91562963222802785  0.92486429627355971
  0.93412574144812177  0.94364892823719937  0.95365541866401404  0.96172916380367168
  0.97000564027255332  0.97936691095629680  0.98962956710455530  1.00000000000000000
 -0.00223787789892683  0.00925283135843800  0.01875244484000283  0.02820055948763404
  0.03686042684058687  0.04547247502120466  0.05398447087664932  0.06252175535583107
  0.07139817860947181  0.08100944063692746  0.09116815897153044  0.10130516201676822
  0.11119610468149323  0.12141886505516140  0.13288984929758357  0.14522514888398125
  0.15911236738977552  0.17459214534711939  0.18698491858887190  0.19594943365800754
  0.20470881125459886  0.21386660338570621  0.22285234132764509  0.23090323472459978
  0.23862608916724953  0.24575816657809735  0.25381091003087658  0.26387890556982885
  0.27330132490900716  0.28441340427019113  0.29813941266310723  0.31250580535278771
  0.32674119408933200  0.34006811841060908  0.35084606309397903  0.36164319927361199
  0.37191363639274339  0.38259655845514301  0.39286623033470414  0.40354730616992923
  0.41390880905962657  0.42178159356881123  0.42887906894292044  0.43515172945026848
  0.44048747606619393  0.44704746875638735  0.45510358567722736  0.46268330003834685
  0.46997435806175514  0.47775453084396513  0.48711626142851083  0.49794664909540842
  0.50883246168171370  0.52063915209887357  0.53365536543450831  0.54746227917881163
  0.56080309381227211  0.57196251908270268  0.58220494602132822  0.59107178104767288
  0.60013795806537740  0.60894364122810929  0.61819306126197926  0.62963141597095451
  0.64197411509288749  0.65362863856782771  0.66170081526556734  0.66986113639637279
  0.67815604328997692  0.68728834297059982  0.69641166545281863  0.70654634240199043
  0.71922884742931315  0.73353539440361126  0.74721265647157775  0.76073123586041802
  0.77449686031169496  0.78631593696641877  0.79792003413600632  0.80954007165641617
  0.82078673579974681  0.83181919077729716  0.84284857970787475  0.85432216027922903
  0.86547100299398416  0.87746924086231615  0.88799645663599047  0.90039186931408366
  0.91503661874514319  0.92903458419368357  0.94166060253953565  0.95357461737209936
  0.96487955515202584  0.97570113237066358  0.98611570443646346  1.00000000000000000
 -0.07216469233803664  0.83484096458638246  0.91028816348002273  0.94089049106147737
  0.95749838448535374  0.96277566850245722  0.96692856782497338  0.97062336452639431
  0.97369214719030150  0.97636183599159387  0.97878476724706087  0.98075495276267999
  0.98248254656830891  0.98402741907201907  0.98541039754399418  0.98664364403467963
  0.98771683176299097  0.98868752960972084  0.98957849967697442  0.99038172524178369
  0.99111435214221344  0.99180564050787900  0.99243551356245352  0.99300254658835307
  0.99350633169641100  0.99395707945179790  0.99436551521932481  0.99473835289799972
  0.99506818566478461  0.99536489457970134  0.99562922968373402  0.99587787178606646
  0.99611333290600057  0.99633307686643013  0.99654420347244943  0.99673562650881398
  0.99691062716122369  0.99707531498222790  0.99723380926835237  0.99738060012545160
  0.99751290581175600  0.99763986695043350  0.99776211422109196  0.99788328690744177
  0.99799472804133482  0.99808754433279645  0.99817110595269132  0.99825241183849145
  0.99832957621072138  0.99840216755410460  0.99847007250654829  0.99853623103335931
  0.99860122535547136  0.99866276450312419  0.99871754947767610  0.99876503345336187
  0.99881301924471610  0.99886084278002762  0.99890779311448852  0.99895320078005989
  0.99899620724444604  0.99903742594056177  0.99907699147916551  0.99911532505233291
  0.99915351160071531  0.99918983422278618  0.99922560429697205  0.99926087811152298
  0.99929326773780003  0.99932581881411287  0.99935729140792773  0.99938597725794776
  0.99941359963620957  0.99944073903883623  0.99946744008600585  0.99949337893146728
  0.99951874661684403  0.99954371007305787  0.99956828511657336  0.99959229995993881
  0.99961564355147658  0.99963769292734683  0.99965948318995468  0.99968087095516267
  0.99970133624632040  0.99972175228895122  0.99974215400607391  0.99976256930479701
  0.99978343557832350  0.99980457006490442  0.99982596324935291  0.99985064275673829
  0.99987788614282025  0.99990806543759436  0.99994869325300784  1.00000000000000000
 -0.02235549216339188  0.12945840656041166  0.18961402727467996  0.22414697762392208
  0.25167015267521242  0.27619216675053404  0.29901504842409327  0.31847954899463110
  0.33502291134595424  0.35047917579792981  0.36479707664087041  0.37673945806027082
  0.38614871890185026  0.39409086943180821  0.40145837935429368  0.40879168015322209
  0.41541187805528401  0.42399711209458096  0.43162939041531956  0.44013434102541110
  0.44918094609877607  0.45848617041698742  0.46784607080537061  0.47698594142043288
  0.48509767629973199  0.49267416648572904  0.49990359101240389  0.50691081741823285
  0.51374979255626141  0.52033780248652750  0.52646244694113609  0.53242404167970481
  0.53835016953550241  0.54440994871057991  0.55070282446102292  0.55688387856141019
  0.56281984403341334  0.56883231052648264  0.57479566032398810  0.58038904840325412
  0.58625844111114567  0.59182607440561608  0.59708243451622345  0.60220772560923086
  0.60718609332712714  0.61186143102645396  0.61638615159928667  0.62128749399257621
  0.62616361762484973  0.63151222306051003  0.63727800024269399  0.64339575519943670
  0.64930737324129351  0.65447914399680196  0.65920810502278226  0.66372789273057065
  0.66853493920245533  0.67369349244302013  0.67926727230365069  0.68495402154221230
  0.69045540229524771  0.69567073087055120  0.70081044953951632  0.70600999313427082
  0.71044439158688455  0.71423239091777402  0.71820221807071360  0.72216010033673250
  0.72617890540123176  0.73009734371398638  0.73396559568307373  0.73800292757538943
  0.74246063609962409  0.74700302208702274  0.75128395406028037  0.75570585015815461
  0.76032493444466276  0.76505636058940785  0.76996584233108023  0.77615436664459070
  0.78320806675441135  0.79047506972368287  0.79839380726159959  0.80698698028658500
  0.81537392462266955  0.82230035469629781  0.82963228539277767  0.83614343151773007
  0.84329844989893499  0.85201188940056627  0.86055537763291301  0.87006098967649681
  0.88115595305060834  0.89535284961306338  0.92450105157992046  1.00000000000000000
   4.4838630570081158E-010  -1.0000000000000000     
 T T F F F F T T F F F F F F F F F F F F F F F F T T F F F F T T T T F F F F T T F F F F F F F F F F F F F F F F T T F F F F T T
  <DiscreteSampler_grid>
  grouped_processes
  1 # 1 for a reference and 2 for a running grid.
  10 # Attribute 'min_bin_probing_points' of the grid.
  1 # Attribute 'grid_mode' of the grid. 1=='default',2=='initialization'
  0.0000000000000000 # Attribute 'small_contrib_threshold' of the grid.
  0.5000000000000000 # Attribute 'damping_power' of the grid.
 # binID   n_entries weight   weight_sqr   abs_weight
    13   10   5.696506728856515E+000   2.183501714404285E+002   5.696506728856515E+000
    14   10   5.696506728856528E+000   2.183501714404293E+002   5.696506728856528E+000
    16   10   7.147444265707138E+000   3.436864572710996E+002   7.147444265707138E+000
    17   10   7.147444265707152E+000   3.436864572711006E+002   7.147444265707152E+000
  </DiscreteSampler_grid>
