  0.00239811671755655  0.01247406594658657  0.02345698488839925  0.03420477805447580
  0.04566510963357231  0.05809696341418837  0.07122744669679648  0.08492325237090868
  0.09818420649756218  0.10869804637535234  0.11701189788237426  0.12665098291204605
  0.13605330556493539  0.14454471113037815  0.15188581827780909  0.15955405387682892
  0.16753755208618953  0.17618800478300550  0.18562752747664138  0.19572840854237572
  0.20607793391924020  0.21643763505545760  0.22679952261975000  0.23491785940695251
  0.24257455920668486  0.25025362545580548  0.25764863562479307  0.26469227147883223
  0.27233197508640250  0.28110252381973733  0.28940502343929247  0.29831221925127577
  0.30863114519691753  0.31839999578280859  0.32800533830849415  0.33709124770842436
  0.34681772786456266  0.35833478859210105  0.37171562414058257  0.38533426534269360
  0.39845238863533100  0.41103434963906443  0.42192287724575123  0.43316791549938705
  0.44460560045191500  0.45626006614874426  0.46849339623397818  0.48093184600262506
  0.49305353190294937  0.50504736764068991  0.51681944277227321  0.52796821769889712
  0.53992586375104434  0.55206447503465672  0.56287152866212053  0.57389402823898472
  0.58557099790353140  0.59787381901874437  0.61070817840076452  0.62527167491472779
  0.63947202829210270  0.65316536503755618  0.66594643799793218  0.67761545821749491
  0.68859761976567446  0.69935033273278824  0.71007347681159028  0.72117225125309259
  0.73241251487930570  0.74330089357494722  0.75392666870889680  0.76372524751710036
  0.77250464153283571  0.78063517252963077  0.78880525766967391  0.79695156574905712
  0.80487948912986795  0.81355324635671411  0.82321382838114421  0.83394726972142019
  0.84562874878080541  0.85846306765569780  0.87073603134994371  0.88063918551744702
  0.88934931799287964  0.89744921586939574  0.90604457333887078  0.91452208517960298
  0.92337515275689674  0.93188390316560621  0.94128101726957769  0.95232841738217833
  0.96376949623556529  0.97475242112488125  0.98620134226527467  1.00000000000000000
 -0.00003944739943106  0.00096615787229576  0.00352124449071766  0.00741239840008986
  0.01127114127737856  0.01592432735339344  0.02293409134017983  0.02996517267709309
  0.03691369858251425  0.04325063803873023  0.05053366852823186  0.05886747767052476
  0.06781250824304023  0.07616918165176584  0.08337849579274574  0.09053192493984988
  0.09874626927266413  0.10735357810256099  0.11658666841036087  0.12785510537911352
  0.14195410897099736  0.15402165262157419  0.16393719157112252  0.17304895709362217
  0.18130352048235904  0.18955314414211027  0.19664371242695092  0.20441878075359782
  0.21220704803134541  0.21977449173715316  0.22707505833193031  0.23460018903209018
  0.24271317902515385  0.25125133716036058  0.26030922245083471  0.26890758654757674
  0.27805093771442779  0.28786908204011430  0.29787601871746039  0.30832022137712856
  0.31954802320331688  0.33119545250328442  0.34303690509538531  0.35531266872722278
  0.36804599185365428  0.38165272713909426  0.39793342291214251  0.41137880638637953
  0.42182562927110612  0.43151134285229437  0.44133441415183705  0.45073318417490066
  0.46017913642257802  0.46994857034180698  0.47945336480741224  0.48870958963539218
  0.49804672904672598  0.50801863052659191  0.51858842949061146  0.52918795396156582
  0.53968915488570768  0.54979847466489851  0.56005012979503421  0.57016706086333879
  0.58027063875484952  0.59038585011384059  0.60076005433293744  0.61156408926976524
  0.62289467365403506  0.63478410300067234  0.64684165694306905  0.65875755064219899
  0.67060280554597618  0.68251174506752466  0.69460887513650760  0.70696895700792539
  0.71963459229043181  0.73262835603028953  0.74540917568477638  0.75790987415321531
  0.77005358974986615  0.78416722769419078  0.79978736329554889  0.81450448753001736
  0.82916167908331251  0.84376272290240784  0.85847296753905933  0.87323097783534653
  0.88785544294178720  0.90238493674943876  0.91787067534814359  0.93366251262046818
  0.95031647369645600  0.96710124067888759  0.98364321996126514  1.00000000000000000
 -0.00216127722396786  0.00867008643503529  0.01895976855274250  0.02856972881106507
  0.03777571490698184  0.04729108353846383  0.05780694992452586  0.07011259968607492
  0.08353787135916076  0.09625445371524352  0.10852238232687426  0.12209470706730322
  0.13520983699157832  0.14729676390769081  0.15940730575240236  0.17192230985276685
  0.18501742458815196  0.19851919036763283  0.21069517367568297  0.22072459379854953
  0.22868418195486859  0.23548790367111816  0.24252197337068299  0.25158880335335965
  0.26083366244250200  0.27004850838726252  0.27872622903833233  0.28762554123973044
  0.29824257368754764  0.31028722248559487  0.32219330730767037  0.33348578111378668
  0.34461594734798834  0.35520120006908767  0.36562363373528067  0.37626191510690227
  0.38683324660505436  0.39782888060588911  0.40953386164454109  0.42203802666635892
  0.43549060653005206  0.45034249770336243  0.46043115236554560  0.46639415461067657
  0.47252837776113060  0.47947403413780393  0.48811421450914855  0.49712834879325213
  0.50615415260996133  0.51522527764611825  0.52559216441723910  0.53763021738310202
  0.54999890809166674  0.56225436183841915  0.57538605801102483  0.58947532999302632
  0.60270622023325160  0.61332747689607514  0.62362500100868323  0.63424462622923783
  0.64507068611226670  0.65593805863496779  0.66659620479869075  0.67607369043681820
  0.68476173069543533  0.69339033561605612  0.70183815892444612  0.70994918715918032
  0.71782744593009218  0.72672723945520712  0.73552498686643053  0.74471612911381369
  0.75416139459111387  0.76355170902046776  0.77417803328120427  0.78715352621238799
  0.79848827099486397  0.81022932552166971  0.82395319174429404  0.83551212419534382
  0.84467127177281243  0.85317252851963021  0.86149741077234021  0.86964506165030575
  0.87779838054432202  0.88591886228949968  0.89449774404970106  0.90373797715000870
  0.91397521459715103  0.92619454113079402  0.93881498449542911  0.95127332538093867
  0.96368201105001949  0.97570473642384847  0.98801231522975430  1.00000000000000000
 -0.00040331544969504  0.00451614999265574  0.00990918189514727  0.01563999150137878
  0.02072947643029451  0.02575559260364283  0.03165729713968831  0.03759184565304865
  0.04520469844637461  0.05564683074349373  0.06664003878416759  0.07614018258271144
  0.08435783682943909  0.09247993904415597  0.10060967188677494  0.10878594281200110
  0.11793486679628870  0.12735597760325368  0.13709384423685123  0.14782253056535388
  0.15760401280190034  0.16653680196175843  0.17531341457060243  0.18464670069585182
  0.19536892317308424  0.20719540537582781  0.21942325306752103  0.23148141439310466
  0.24304451184647857  0.25363698916120897  0.26295298736715050  0.27294640775219137
  0.28327376981048991  0.29289085934695819  0.30179512547200155  0.31087092331638655
  0.32568579094185302  0.34090597328609534  0.35513814932312604  0.37115583848688144
  0.38721506873846867  0.40348062446319483  0.41960191507479933  0.43442010073325099
  0.44987157173616121  0.46649158634870536  0.48332536226132811  0.49977216177663658
  0.51514853140966133  0.52951496011456978  0.54270952034887998  0.55631900480969521
  0.56979001379410488  0.58219491737009887  0.59395161181417544  0.60562732997294100
  0.61807118885298029  0.63069256414589980  0.64294203887968482  0.65588431747542852
  0.66990137650649029  0.68439295336874995  0.69824526332532599  0.71246323757098939
  0.72600578992522302  0.73808203227078584  0.75016192318174990  0.75920967998033373
  0.76833609576871609  0.77667926355176153  0.78426318118499605  0.79166775864772232
  0.80036021460238682  0.80841239740162807  0.82039420204915248  0.83392789423059022
  0.84646321568056071  0.85735811399762041  0.86690594139533272  0.87674058283776590
  0.88717704918097640  0.89653958683066814  0.90347976093769067  0.91041305321559851
  0.91764321319277742  0.92487309929437433  0.93165521880054281  0.93823311092508610
  0.94479226919496218  0.95113396262778283  0.95711060591779618  0.96321734268053782
  0.96973759319423147  0.97697313254826090  0.98632793442770061  1.00000000000000000
 -0.00115426681323578  0.00586829401752262  0.01377504625932927  0.02108204267845940
  0.02901811487403336  0.03880639795299708  0.04982330469607252  0.06156448176713371
  0.07360766721040761  0.08567798045731045  0.09821047325498616  0.11220333099645546
  0.12735564838331712  0.14071864060520956  0.15388686548293221  0.16678738734352491
  0.17939864350082693  0.19040134756749028  0.19992154212451285  0.20912885390425576
  0.21763902298895338  0.22537726036581157  0.23314481810025217  0.24129453588429775
  0.24902147069213870  0.25833024872862775  0.26992529684111677  0.28297075361261625
  0.29616057447296285  0.30941413789945998  0.32272392565705993  0.33570842756425140
  0.34813408361058951  0.35974002458864052  0.37068119891571583  0.38124334620002104
  0.39074009807586108  0.39932707027811842  0.40790394572422362  0.41771279575430093
  0.42972258673037034  0.44277641886492214  0.45620162716086055  0.46948175263452158
  0.48084453292103813  0.48982115058685949  0.49861825868399240  0.50631609595791527
  0.51382547074788598  0.52140664611919629  0.52876886549934388  0.53669057255067765
  0.54636093648395423  0.55880248533251198  0.57068706687251458  0.58463663867200988
  0.59930484703263720  0.61363732256592707  0.62698381130498404  0.63921281197776092
  0.65059361956665807  0.66097521454712227  0.67103976858442127  0.68157284317215117
  0.69275683769173479  0.70529831378399621  0.71928555809968409  0.73124960075392520
  0.73879654815117057  0.74645272098798499  0.75347066466316615  0.76039616897666173
  0.76781034224739886  0.77606384138200613  0.78402519010265115  0.79157508447941327
  0.80578006191530582  0.81652216065983885  0.82662905968105571  0.83720997703077937
  0.84863545376431104  0.86069743763264206  0.87140092066061470  0.88013324081690181
  0.88853884161590047  0.89733714542387510  0.90804350856879057  0.91873760866203125
  0.92817617340441139  0.93814440788144704  0.94797071695806534  0.95769226667996332
  0.96704453485361208  0.97578754038598736  0.98536091476056697  1.00000000000000000
 -0.06677352447486057  0.83056553397960842  0.91529051314551335  0.94657315213086624
  0.95994508881458851  0.96439686187962437  0.96837185446442298  0.97184250506457481
  0.97481917302439780  0.97743828060043569  0.97970515345252540  0.98158183439506375
  0.98321762800791246  0.98465204485665958  0.98590892796456875  0.98710978462301902
  0.98819659951845984  0.98915050447706221  0.98999155348793810  0.99077393170491679
  0.99149686765337497  0.99214879361892150  0.99273301375689316  0.99325929131304147
  0.99373368162436393  0.99415398970649560  0.99452774634764418  0.99486948665938846
  0.99518622060385487  0.99548164176900134  0.99575657785538785  0.99601358576272059
  0.99625238666629967  0.99647047756436513  0.99668085786318150  0.99686652384870922
  0.99703344012781703  0.99718810040853101  0.99733578674441992  0.99747089196134298
  0.99758761055621181  0.99769772965431736  0.99780711449939397  0.99791268110991094
  0.99801099611045208  0.99810459554497732  0.99818488983121711  0.99826031686407135
  0.99833415962083327  0.99840518871407768  0.99847294143708443  0.99853821698534762
  0.99860125146976830  0.99866179350261242  0.99871906391559906  0.99877186350055358
  0.99881827870171913  0.99886483998144704  0.99891106486968384  0.99895527706422860
  0.99899730325660951  0.99903841253239667  0.99907720455878701  0.99911489090894279
  0.99915132195147283  0.99918648044459579  0.99922057521332064  0.99925350982034189
  0.99928574882416954  0.99931749795630531  0.99934712918383473  0.99937662819074036
  0.99940562201354843  0.99943225217713749  0.99945884516811356  0.99948496264580367
  0.99951006276144239  0.99953450027447632  0.99955857261212133  0.99958221168524408
  0.99960495258750748  0.99962752137075150  0.99965002026838345  0.99967146631621662
  0.99969265412706387  0.99971383252488921  0.99973517854571226  0.99975671971193292
  0.99977893455304945  0.99980110702163427  0.99982342844506711  0.99984979456234913
  0.99987767060219246  0.99990855460042527  0.99994963824934679  1.00000000000000000
 -0.02701840690502615  0.14225010534601967  0.19867664020157577  0.23321515042260144
  0.25835574869542877  0.28169891228424299  0.30433699974240047  0.32322412334375561
  0.33901413238246769  0.35368287525947084  0.36749698507657480  0.37839819672207747
  0.38634021080394659  0.39455657873276417  0.40376349045390691  0.41306699680790598
  0.42139320346395148  0.42884867319056513  0.43594345029593040  0.44344114656649514
  0.45157571077391773  0.46026685211091894  0.46770286771199993  0.47427256832958103
  0.48074817872009418  0.48713259269046932  0.49369086558527570  0.49986248416957135
  0.50535680011845674  0.51052185022680063  0.51575825469424452  0.52050756665377496
  0.52467978775805346  0.52881851077718800  0.53327079341386119  0.53832501474257377
  0.54333154089878211  0.54805003472552394  0.55273962918237962  0.55744087458308633
  0.56213909971466269  0.56702655165244975  0.57188668340424242  0.57651477938765106
  0.58101805796328376  0.58514434156896000  0.58909738886205287  0.59314175164356064
  0.59764020270741458  0.60257804919688929  0.60737688865863249  0.61219250742221576
  0.61679897509964288  0.62163491753742550  0.62652836287746072  0.63170129112950812
  0.63681188337907702  0.64182164844991052  0.64685350693236765  0.65192455004384409
  0.65701835108314366  0.66205981421972881  0.66693556028776280  0.67188002216832721
  0.67720457154866398  0.68267815187530445  0.68804652053931026  0.69318736481371912
  0.69816541777980679  0.70319063249646607  0.70849466471643907  0.71419918613756506
  0.72014047733940056  0.72600284554642192  0.73163299718368280  0.73712866565124058
  0.74260896823912470  0.74822129125726078  0.75427580339993494  0.76056630850716012
  0.76672251516824275  0.77276606430092631  0.77940900424831472  0.78629051467312705
  0.79368838138479214  0.80137702011122636  0.80954429850213694  0.81828115945627677
  0.82716648394685577  0.83773538102352152  0.84985408562213438  0.86171252884067706
  0.87457342159449170  0.89027375123617902  0.91647364903444906  1.00000000000000000
   3.2902010134767578E-009  -1.0000000000000000     
 T T F F F F T T F F F F F F F F F F F F F F F F T T F F F F T T T T F F F F T T F F F F F F F F F F F F F F F F T T F F F F T T
  <DiscreteSampler_grid>
  grouped_processes
  1 # 1 for a reference and 2 for a running grid.
  10 # Attribute 'min_bin_probing_points' of the grid.
  1 # Attribute 'grid_mode' of the grid. 1=='default',2=='initialization'
  0.0000000000000000 # Attribute 'small_contrib_threshold' of the grid.
  0.5000000000000000 # Attribute 'damping_power' of the grid.
 # binID   n_entries weight   weight_sqr   abs_weight
    13   10   5.645904131087296E-002   1.929522709685529E-002   5.645904131087296E-002
    14   10   5.645904131087291E-002   1.929522709685526E-002   5.645904131087291E-002
    16   10   4.597628853484560E-002   1.277801790057232E-002   4.597628853484560E-002
    17   10   4.597628853484557E-002   1.277801790057230E-002   4.597628853484557E-002
  </DiscreteSampler_grid>
