  0.00167190807082264  0.01560887620274332  0.02678918845887451  0.03596130151926284
  0.04478047505061059  0.05341673474266287  0.06166993849294481  0.07003073181057064
  0.07854201655625427  0.08936666920984376  0.10385526027759800  0.11585258617533252
  0.12580045027471828  0.13409270337302523  0.14174732077310515  0.14889816998474437
  0.15690415918184017  0.16632129943809609  0.17520588168311380  0.18268244039460721
  0.19069298533766038  0.20081717913187958  0.21142270964960569  0.22236297450971212
  0.23322787769572864  0.24357755400953809  0.25390084164141330  0.26557413325767221
  0.27840199390979020  0.29074815805388327  0.30307639078966719  0.31547023169898863
  0.32696588947705962  0.33613140282622106  0.34390881432584253  0.35202648247467133
  0.36102420905435861  0.37001813297242592  0.37983111543821801  0.38884771860168388
  0.39905007843307549  0.41066499358287278  0.42407699274499266  0.43832932440804379
  0.45186012419039123  0.46301052682569788  0.47197228849557327  0.48131884495800537
  0.49181260443145830  0.50240499861076504  0.51175438136348206  0.52156051628525535
  0.53385722978109118  0.54751935009871788  0.56053533701237734  0.57161475858638044
  0.58126869425023253  0.59100831495738815  0.60088348415232340  0.61157174269118253
  0.62247486762243120  0.63204111299332788  0.64057313542674577  0.64915526498722198
  0.65802655535424259  0.66648713288171590  0.67522876253279940  0.68455035611965165
  0.69464502753706736  0.70513580564162015  0.71607096850171648  0.72834949856525344
  0.73990521841715473  0.75077349806671811  0.76109255486351568  0.77206842525104291
  0.78305185217521678  0.79376721483532453  0.80376275882644388  0.81751466765604541
  0.83121309903860741  0.84414667571555868  0.85656101499681769  0.86894968322080002
  0.88160000043076403  0.89374959264206644  0.90381103184238765  0.91391605323033365
  0.92461914503692666  0.93539974948270510  0.94489012593451138  0.95477734478396503
  0.96589697924951312  0.97797656754881501  0.98890754528230795  1.00000000000000000
 -0.00003755785981479  0.00091973251635430  0.00370181487622930  0.00748161007562483
  0.01159283850467299  0.01629610990961127  0.02297524394383943  0.02828402632441050
  0.03360348234025238  0.03959548520726902  0.04557485623078129  0.05250722288566092
  0.05974762862699654  0.06647621297581227  0.07260874587107755  0.07913980993282038
  0.08610627915601636  0.09347870891455169  0.10049801151980162  0.10849617707102002
  0.11737588908366381  0.12723311169777055  0.13583154961325433  0.14329263365141109
  0.15091658575672412  0.15760021410175501  0.16408461847600972  0.17112868417049584
  0.17865916934764717  0.18610693066425452  0.19450666755357759  0.20419872132703967
  0.21331995423343703  0.22121558752300030  0.22938256064556842  0.23725746323370253
  0.24499401851946154  0.25341059794283599  0.26171294583762816  0.27005577351012622
  0.27837033119075855  0.28689322366121289  0.29607936107785909  0.30570500539765544
  0.31541978522316938  0.32657856490339260  0.33943247840407748  0.35193433869095819
  0.36434757343880519  0.37667407085836629  0.38889749828932596  0.40060329537095107
  0.41333735904641267  0.42637218533613397  0.43919509144474672  0.45200438449404801
  0.46548092957978654  0.47906189226080875  0.49298512087218543  0.50698675168086804
  0.52102619332718525  0.53512161655161405  0.54891400631992349  0.56247331408273094
  0.57582237376351142  0.58934778341921423  0.60321674511552736  0.61731959621085863
  0.63523458956513290  0.65130423984200159  0.66629700611155496  0.68059873827892348
  0.69417849802276987  0.70796211727344172  0.72186529895689244  0.73567796541952735
  0.74921231685720135  0.76230419821525419  0.77459827121623559  0.78590352951624021
  0.79763199594777912  0.80953514228217627  0.82184993325926836  0.83433309389416876
  0.84666387302266022  0.85860382037604444  0.87119763890472612  0.88536263400525828
  0.89885773413682812  0.91240092331333367  0.92605024965579297  0.94099064752485773
  0.95627795842789753  0.97121674159955862  0.98587048743509176  1.00000000000000000
 -0.00186658594069904  0.00824791543068860  0.01445482751544338  0.02035169294422746
  0.02739771905817646  0.03628803635403507  0.04546246582274528  0.05370157250911701
  0.06200576440202268  0.07345057736375614  0.08650215873675722  0.09891374395025697
  0.11041480290752588  0.12194122189462976  0.13371753439366918  0.14610099408536478
  0.15929415609733946  0.17250690749954137  0.18487561976384537  0.19424377623054495
  0.20226142852173304  0.20979823064283670  0.21754787605094059  0.22602611436334194
  0.23439229165036321  0.24210438864098008  0.24874104681141768  0.25748386745426405
  0.26886221051492626  0.28080224006922805  0.29161737756157385  0.30165513235071945
  0.31073834377906739  0.31976113694830660  0.32937340155807510  0.33916996021304091
  0.34915241571724143  0.36116847147432607  0.37478351982865021  0.38850998005228393
  0.40236179902852420  0.41596913071675212  0.42861554155603226  0.44300957113379458
  0.45615280621528059  0.46798466901953506  0.47882832528632180  0.48918610350148689
  0.49901000575615967  0.50838156491393927  0.51794132962682438  0.52830237064755337
  0.53975053824095931  0.55182003997652462  0.56322441208146179  0.57326331220215476
  0.58270912505410799  0.59027151710741166  0.59732850093564682  0.60457182307102730
  0.61204882765894197  0.62135868125412097  0.63144479282776655  0.64198960790371418
  0.65162351219179870  0.66043473124608598  0.67000012426137479  0.67982389218189987
  0.68975172610029378  0.69894411907461851  0.70738903666827757  0.71657545675872425
  0.72705476938282720  0.73796788902298016  0.74973072246678385  0.76173114772526629
  0.77488475682681068  0.78798357592858248  0.79959898428179177  0.81007575831778256
  0.82113345775716229  0.83213495703704499  0.84266037201344401  0.85207757900861092
  0.86150084668351856  0.87137682062760069  0.88202039917583275  0.89369223644680940
  0.90644453062958097  0.91983355810869660  0.93324384799672577  0.94649084388080751
  0.95974199582676467  0.97327691234757963  0.98722283382092735  1.00000000000000000
 -0.00128381631040522  0.00638161494307122  0.01356876564778381  0.02060759521162653
  0.02835807817204181  0.03614604025621808  0.04388972669682865  0.05362115377248852
  0.06382247703137110  0.07408714169094743  0.08450422187526199  0.09489474861224519
  0.10487071382968473  0.11368613121334617  0.12112591636827921  0.12960145907509804
  0.13844866636156719  0.14785690363125745  0.15859792096672581  0.16979882453131903
  0.18045331500268427  0.19126267248574172  0.20238436727846298  0.21364355842347257
  0.22499647826411781  0.23686499798483004  0.24991402302135896  0.26239109362690521
  0.27794556390534297  0.29269669484721716  0.30597009413550352  0.31977694046386657
  0.33546044344241432  0.35080357594390582  0.36500584386539620  0.37992604583245115
  0.39438996398881992  0.40656240579780867  0.41791793171881980  0.43004246872645807
  0.44251303415406795  0.45319527105150986  0.46340849593211808  0.47474843207196099
  0.48576123267424304  0.49623650960991317  0.50899873983936184  0.52472685279393116
  0.54155919320555190  0.55775132256220383  0.57316868892681549  0.58798428570283601
  0.60345249097246279  0.61815659837115366  0.63036656828784365  0.64100743276397998
  0.65173624465901048  0.66301299568282968  0.67402917758204062  0.68607844302375720
  0.70062571606755619  0.71242798908051874  0.72193541067847078  0.73083191144403992
  0.73864724845968666  0.74677274367302127  0.75582840718892308  0.76382435378271074
  0.77192430205320195  0.78323375819050622  0.79508115479739860  0.80703036658214267
  0.81877543411424680  0.82972914804796971  0.84080038378812516  0.85095286431817063
  0.85902466305195213  0.86687851251316383  0.87419759564473654  0.88150903235278077
  0.88868788910656127  0.89552234627441696  0.90199370395131928  0.90831387064934788
  0.91450358874956572  0.92305812746759452  0.93421582146566995  0.94438466911312291
  0.95085264352410204  0.95880182676556658  0.96645320083276587  0.97259935966612232
  0.97849278035621512  0.98439205176977529  0.99154602613071974  1.00000000000000000
 -0.00471997542476818  0.01541022989875891  0.02534315580386158  0.03300521235428552
  0.03959411096793045  0.04626416877731800  0.05385717795735143  0.06207861554641415
  0.06973369811932205  0.07693436332096235  0.08830888531714313  0.10148630045230909
  0.11364609507638759  0.12492397013151328  0.13616548584531746  0.14755879682110865
  0.15883112097996410  0.16976601392976073  0.18098923225404989  0.19319402618351367
  0.20524158889951274  0.21638323070709778  0.22587896422784212  0.23532873968383008
  0.24492065199292037  0.25565014942212178  0.26686508874625764  0.27847606024680321
  0.29081285000458929  0.30114998598793591  0.31005279160939669  0.31917419946402531
  0.32899921626320178  0.33944030140947740  0.34914749464034245  0.35898216182303094
  0.36973082715260419  0.38048423820934751  0.39062469958836948  0.39994427441030483
  0.40788385400555077  0.41664359065596829  0.42490044025489621  0.43294396617124231
  0.44094283270855772  0.44963384279216506  0.45728603899011011  0.46494980437444622
  0.47212644776665558  0.47936577075016057  0.48792477743819490  0.49930648853125348
  0.51131967303793480  0.52482673081832387  0.53783402060415786  0.54994146279359235
  0.56097303512978047  0.56983561574696306  0.57775278548144904  0.58611625478617113
  0.59441444057228687  0.60259225317650900  0.61143583322612927  0.62094711473821496
  0.63221212781283787  0.64478906923921131  0.65588097843491311  0.66613210453732952
  0.67623505503095682  0.68636006349432699  0.69630135530496673  0.70807408706780117
  0.72253355504348826  0.73794323377358795  0.75278524349894149  0.76738980901826592
  0.78207735278375556  0.79720950760301623  0.81034473734142987  0.82209161666316322
  0.83273690062764993  0.84251682905442604  0.85192622791590822  0.86146366295314125
  0.87179844119874783  0.88274491874096339  0.89333609783775392  0.90331063551336188
  0.91327334506467828  0.92376316114295953  0.93450573446975893  0.94571349579711872
  0.95832395678434201  0.97201107505118922  0.98581783447988236  1.00000000000000000
 -0.08365787481568729  0.83590836614616715  0.91483405014973362  0.94415325484505652
  0.95926078510679336  0.96400661010299560  0.96814069711450712  0.97167941330658458
  0.97479043170267177  0.97749976458390531  0.97981974981286313  0.98167486776245483
  0.98340656407023674  0.98489244991504921  0.98617962747624544  0.98736056581933374
  0.98842909399275281  0.98938041244349595  0.99024075533745548  0.99101724268915237
  0.99172033056934994  0.99235147968005710  0.99288742072242586  0.99337686901998956
  0.99382178461535553  0.99423197095438598  0.99461613245108216  0.99497992662207269
  0.99530570396448526  0.99560251145577183  0.99587659673360518  0.99611617813619646
  0.99634048118738328  0.99654317203689247  0.99672829859273437  0.99689827790239194
  0.99706421392457156  0.99721535852075005  0.99735176775327294  0.99747765463317140
  0.99759686744999410  0.99771121343487768  0.99781969967483797  0.99792039365489471
  0.99801264126229261  0.99809857665989543  0.99818151459846516  0.99826152501124266
  0.99833998050407136  0.99841611441892097  0.99848984663496820  0.99856114897572090
  0.99862614795984228  0.99867805316071911  0.99872842418770025  0.99877890806429659
  0.99882796863685308  0.99887416208903523  0.99891933238659825  0.99896250248681828
  0.99900433856729087  0.99904493787104598  0.99908386167025931  0.99912160990207810
  0.99915855048438795  0.99919476393230988  0.99923024325212506  0.99926487625742844
  0.99929850717311486  0.99933080935380347  0.99935970652084705  0.99938805753524462
  0.99941582053967393  0.99944268487316990  0.99946918152692354  0.99949480754422404
  0.99951890796048415  0.99954294360316920  0.99956676070443473  0.99959014219181097
  0.99961301029903038  0.99963561662055889  0.99965780985548758  0.99967942029083900
  0.99970074498873118  0.99972223323302734  0.99974368459813512  0.99976509965430249
  0.99978646940563642  0.99980814863362688  0.99983045926179515  0.99985583228079233
  0.99988301669106217  0.99991242010058623  0.99995225258596754  1.00000000000000000
 -0.02436162207837051  0.13336444398318564  0.19370812213713556  0.24468324556578150
  0.27969752749226995  0.30515460196666316  0.32609788804098616  0.34399362775556830
  0.35897853786026140  0.37099802406072940  0.38263118790957362  0.39362685344880410
  0.40444983310238802  0.41509334392905750  0.42513906650881306  0.43356087830064061
  0.44107969457619622  0.44843836047271790  0.45566650838811507  0.46272942014812213
  0.46944897661726981  0.47585177478835544  0.48227716945509058  0.49012899726514431
  0.49723300606021092  0.50395572947099732  0.51052124899886941  0.51680147072042815
  0.52290616206352258  0.52892599313085409  0.53426666283765767  0.54001774903435229
  0.54587733591354848  0.55169415684400491  0.55745303248161981  0.56286641991521946
  0.56775140222553511  0.57235418433379825  0.57702124945591848  0.58224438486079422
  0.58788411163592058  0.59325461485783115  0.59848317811947582  0.60360421495782313
  0.60867754011939057  0.61389765908672911  0.61904217432893527  0.62448979136345484
  0.63013706403743019  0.63578731900576302  0.64134440103208856  0.64672098151987134
  0.65112554545234336  0.65612264293921752  0.66152561280415234  0.66672998226990765
  0.67149376888122259  0.67617221675627559  0.68073485269647926  0.68506199537499968
  0.68921638897591075  0.69339476112892851  0.69787108115938568  0.70262234932410594
  0.70744283003745989  0.71225871185836898  0.71704656754828833  0.72180982415672834
  0.72689388230767638  0.73275693839477929  0.73942598694447259  0.74559381632464483
  0.75068274731985651  0.75526973260481178  0.75978082709984429  0.76413389498178808
  0.76848778538612106  0.77297923045478512  0.77744854555660181  0.78235953240660483
  0.78763647057240560  0.79325987007794430  0.79967282297872577  0.80652097349771390
  0.81350160906696456  0.82063814830800030  0.82754020428625508  0.83483887085770192
  0.84302926144605383  0.85303058290237155  0.86243258183438065  0.87310344515114102
  0.88538975294071576  0.89859548800020517  0.92129035525499092  1.00000000000000000
   1.3959947036883323E-009  -1.0000000000000000     
 T T F F F F T T F F F F F F F F F F F F F F F F T T F F F F T T T T F F F F T T F F F F F F F F F F F F F F F F T T F F F F T T
  <DiscreteSampler_grid>
  grouped_processes
  1 # 1 for a reference and 2 for a running grid.
  10 # Attribute 'min_bin_probing_points' of the grid.
  1 # Attribute 'grid_mode' of the grid. 1=='default',2=='initialization'
  0.0000000000000000 # Attribute 'small_contrib_threshold' of the grid.
  0.5000000000000000 # Attribute 'damping_power' of the grid.
 # binID   n_entries weight   weight_sqr   abs_weight
    13   10   2.469001389021553E-001   5.759131538481743E-001   2.469001389021553E-001
    14   10   2.469001389021546E-001   5.759131538481710E-001   2.469001389021546E-001
    16   10   7.310629300567187E-002   5.055877338649802E-002   7.310629300567187E-002
    17   10   7.310629300567163E-002   5.055877338649769E-002   7.310629300567163E-002
  </DiscreteSampler_grid>
