  0.00121568180167032  0.01689099546966533  0.02641613616259276  0.03492884428555228
  0.04284332811032567  0.05096673107298989  0.05946440333226095  0.06774959364841310
  0.07513953453373262  0.08448321519952798  0.09674310934862412  0.10938249670042899
  0.12118925016368977  0.13271214467860665  0.14417824316404890  0.15501276705419667
  0.16525722456926395  0.17554404565191903  0.18530794673167972  0.19351324977319723
  0.20228513911669421  0.21120733439838613  0.22085870747339043  0.23092366958401314
  0.24117626463266645  0.25185771586991473  0.26318742302489112  0.27530060108268217
  0.28720132528700976  0.29842344624058054  0.30869778125718983  0.31884734819149280
  0.33051213856544059  0.34267684793514802  0.35489942931648388  0.36742499432348219
  0.38027997840378797  0.39332830074246872  0.40638794042950449  0.41711507508806345
  0.42696366669521063  0.43723928168036014  0.44678628320702007  0.45696006935268735
  0.46746983463538960  0.47813668168169288  0.49075549426562393  0.50312776094101130
  0.51421281380972172  0.52492125686094537  0.53579537874907945  0.54440874371582415
  0.55180609475938625  0.56048979215562500  0.56876382578613993  0.57799089786715507
  0.58770161508287522  0.59710953906020670  0.60705211292764827  0.61981692264556265
  0.63106920490695240  0.64077924983273815  0.65242922819995541  0.66305819742266947
  0.67316509879631270  0.68050764670038466  0.68891332315121545  0.69909285129665899
  0.71049961377454240  0.72109592036970593  0.73202731049998515  0.74356323025698978
  0.75452283731116687  0.76483882217623933  0.77534349741540964  0.78680345692911913
  0.79770080058424642  0.80768224626149243  0.81797305906663831  0.82876372519073493
  0.83951368672923021  0.84998823799494527  0.86075011061710172  0.87174551396585920
  0.88303066421451648  0.89526798057928336  0.90948887103737730  0.92434325733594136
  0.93758115226501526  0.94806719916472193  0.95831921669508446  0.96867905754748140
  0.97807598394510886  0.98649891967953574  0.99205758459718052  1.00000000000000000
 -0.00004310493723626  0.00097862250586707  0.00318278990021014  0.00656172854193073
  0.01089972239001172  0.01569015722966497  0.02173215551499875  0.02963332529828248
  0.03710367939760883  0.04332917013859281  0.04966552696992597  0.05633445836397916
  0.06294469846011888  0.06984782986555109  0.07730056739107138  0.08484643941677153
  0.09178281573536914  0.09848877408512721  0.10505433743524627  0.11166648756237588
  0.11897248019345900  0.12648842926287340  0.13434084706345983  0.14223626410371407
  0.15032525919652279  0.15939797325756958  0.16850983525760463  0.17721260021189680
  0.18658225667753156  0.19544580688963462  0.20376518805230173  0.21204837500415885
  0.22053519248316117  0.22939425844142702  0.23802402822811847  0.24711873521872008
  0.25679061298385480  0.26613262669421406  0.27529864158772754  0.28572710901733633
  0.29675253454996819  0.30834181265765959  0.31934424598045275  0.32913508760069976
  0.33897973153547400  0.34972835759064214  0.36081348941613850  0.37193792074321069
  0.38329688134199863  0.39339667052890859  0.40360232991541867  0.41404959900681432
  0.42494775284120850  0.43582085180661079  0.44644374344549176  0.45661264668111501
  0.46837191688851854  0.48037493153014776  0.49175636827298180  0.50273453086474429
  0.51356334158865646  0.52476078039675522  0.53685267930768332  0.54894521309569921
  0.56110371095474110  0.57332155186596689  0.58562626683329233  0.59755204750112656
  0.60937505430348005  0.62135988506097017  0.63352812754914678  0.64590838924078964
  0.65838209077908094  0.67091888266075927  0.68354845768138628  0.69636659892912356
  0.70907438078116247  0.72291942960761524  0.73879606461196246  0.75400005624254485
  0.76856757541533582  0.78407075909175683  0.80017413356914391  0.81629495712343692
  0.83234967443372421  0.84786208369075100  0.86311428382080069  0.87829891436013385
  0.89360338441933007  0.90920217061157615  0.92464405132418293  0.93956602538288247
  0.95442752796502861  0.96948016274763227  0.98471221306546730  1.00000000000000000
 -0.00296688995227312  0.00965757090417403  0.02108728671866153  0.03124673678319221
  0.04035753182298582  0.04839185332950399  0.05606849955681961  0.06552828059613408
  0.07319217669137375  0.08100199128513082  0.08994913785798564  0.10032760761253152
  0.11059271745362638  0.12042569986463551  0.13027631930763056  0.14088718519164306
  0.15319004558151939  0.16711828864802650  0.18131243666580102  0.19404270902166718
  0.20499966415326656  0.21537830231098093  0.22555356638743240  0.23558862251189078
  0.24722140523548483  0.25944936699398552  0.27182852063281432  0.28444950355454124
  0.29724088782098596  0.30958455145136421  0.32094925768819377  0.33166424420184604
  0.34283743665081684  0.35426601118646700  0.36569522366113938  0.37676386824134156
  0.38801199550651044  0.39977834110865174  0.41157779124820637  0.42284303935673223
  0.43426910844579308  0.44692394319532736  0.46058511421804804  0.47462752361631472
  0.48636391552340752  0.49577906881685119  0.50539531650198610  0.51495809111383872
  0.52512909376462524  0.53483166407660088  0.54397238389808200  0.55334721766256434
  0.56319799229231116  0.57452228530050387  0.58760846274948053  0.60301491065529234
  0.61310217116666910  0.62238092864733752  0.63406687428886610  0.64464025251607926
  0.65260640310102147  0.66030743579793172  0.66818583292503564  0.67717987228558829
  0.68698841086164997  0.69634661908760243  0.70461955987748504  0.71364949796768129
  0.72423743374183014  0.73484039342287522  0.74486005878095862  0.75461605359173989
  0.76399925164708782  0.77228138743287855  0.78032835434817882  0.78908237276302795
  0.79932649913889042  0.80912252807843021  0.81952885877417148  0.83090146821148425
  0.84203878437934865  0.85395532454888212  0.86613546236008132  0.87837743333392493
  0.89165475534782945  0.90554715318377055  0.91774297532270166  0.92747988754505950
  0.93611677655079628  0.94456280286333150  0.95362440932844839  0.96272605699038671
  0.97178296230261696  0.98126811182144047  0.99066448691436926  1.00000000000000000
 -0.00192528910095201  0.00745772634081073  0.01633230005498519  0.02373156958057207
  0.03039450516309306  0.03795876835338031  0.04641928550455852  0.05485688141321682
  0.06311802693092591  0.07173688252033245  0.08077452956946420  0.08977939280707256
  0.09857284258347049  0.10728831085214599  0.11595092530622170  0.12494261932120015
  0.13509527345710487  0.14640638559108812  0.15841869646450418  0.16999189175053617
  0.17860657584936684  0.18771909326984720  0.19639742471267563  0.20622287173490322
  0.21782220855282289  0.22868617305273067  0.23853679460568716  0.24861684265750128
  0.25904204630445621  0.26855870227885870  0.27688145949167525  0.28441371442615226
  0.29448158603942443  0.30851548845213883  0.32227097302072438  0.33683733316360348
  0.35168335358058950  0.36330480280340216  0.37390959555112913  0.38625245619791931
  0.39986170345462924  0.40902478316318114  0.41899823076021481  0.43163163886076739
  0.44702369414044518  0.46354956391770413  0.48037042713546863  0.49663470298637119
  0.51227765272197490  0.52493651180983336  0.53490340530520053  0.54471725072082988
  0.55448200303724571  0.56573350318312343  0.57737656594388542  0.58945591931040064
  0.60106867618345416  0.61239122443607596  0.62489595957831368  0.63876495048637238
  0.65321845831339376  0.66784081277252827  0.68174666313024834  0.69298365414793128
  0.70238144375256251  0.71344901345512268  0.72399344780620944  0.73435902364092720
  0.74547222497546872  0.76108402098888994  0.77463790704279789  0.78726523755801248
  0.79936210189861501  0.81095712171256484  0.82236244538277059  0.83213931948249464
  0.83997145058625700  0.84808125144576718  0.85621267343463048  0.86347128004911333
  0.87038579756134893  0.87741765195853050  0.88453243923706437  0.89161478689397555
  0.89986080971484239  0.90883772198155288  0.91767464924661635  0.92639583203943576
  0.93514696443229117  0.94355430125051210  0.95085784887502145  0.95993646038487035
  0.96957083140234146  0.97949996392148586  0.98968268616613542  1.00000000000000000
 -0.00377530697961121  0.01217583975142222  0.02520445295941459  0.03609213851268452
  0.04582012608349080  0.05496063816606974  0.06391564925282220  0.07449802760249735
  0.08695696393233442  0.09828409045926162  0.11085799201986417  0.12307920032206558
  0.13462904379213672  0.14433520453445767  0.15284517736460868  0.16154516792039095
  0.17063569381039187  0.18100920843681964  0.19313228776736005  0.20626672359004608
  0.21899816699638419  0.23125055200813191  0.24276094752245542  0.25433736782680200
  0.26607609612883448  0.27544517902284071  0.28562769988587899  0.29579957744622637
  0.30691902180587760  0.32002368541083648  0.33205937646485917  0.34319584146241200
  0.35405409447922170  0.36516140127494190  0.37638656784160068  0.38813762397369117
  0.40035768142361727  0.41207113013035068  0.42498494693881106  0.43590959377294614
  0.44813999506941848  0.45949226525630948  0.46645260814436384  0.47562716496830859
  0.48378939923631770  0.49144790421055862  0.49977852617650487  0.50879800615234949
  0.51601333673465866  0.52473696617000143  0.53488374251293236  0.54533469669666668
  0.55552326928311324  0.56456802843724452  0.57336571034359252  0.58245818574574337
  0.59143326935052443  0.59882896531790086  0.60679656921644776  0.61536499700756697
  0.62418315715549300  0.63298618726441724  0.64274826229981674  0.65460886198043866
  0.66660392447324945  0.67695080741470592  0.68680052544905490  0.69695597712130442
  0.70764425564399669  0.71832813715458188  0.72806782353396671  0.73741678597379534
  0.74629679504526691  0.75457995082189389  0.76320538325217779  0.77325408093147141
  0.78374633148415429  0.79421695012955595  0.80506249109058836  0.81626463178495801
  0.82763395400134188  0.83955969635568251  0.85287891061559673  0.86658126079324493
  0.87920972955987520  0.89070967788930000  0.90217264141064402  0.91400950028657546
  0.92553829793183862  0.93619170464985491  0.94664065567675759  0.95759259373709749
  0.96774675177561786  0.97818776784181816  0.98871141681795027  1.00000000000000000
 -0.11104908528257604  0.84040949733456305  0.91160381691131687  0.94155087861070741
  0.95837406727172725  0.96304777660439778  0.96714762243188057  0.97080385445832074
  0.97388840874407800  0.97665084896893617  0.97907899349668592  0.98102122284538396
  0.98272744927141442  0.98424396690955029  0.98561183123080864  0.98684216758405774
  0.98791401769806120  0.98889287620918909  0.98978771738900173  0.99058187583469137
  0.99129350651518799  0.99195637281905613  0.99256235952803340  0.99310806913202387
  0.99359600667392955  0.99403941116304084  0.99444302427122988  0.99481109135497336
  0.99515290588439420  0.99546369002660018  0.99575041137605291  0.99601562518093989
  0.99625900055701733  0.99649079714829825  0.99670259455948196  0.99688772432740358
  0.99706401938821454  0.99722897383007025  0.99738134399699296  0.99750873814868768
  0.99763116569598453  0.99774897795641915  0.99786268788980581  0.99796679604662186
  0.99806033905158498  0.99814711750562402  0.99822957550004221  0.99830999290557942
  0.99838739601863402  0.99846102447261342  0.99853081027833179  0.99859714807719202
  0.99866121589082346  0.99871340928346053  0.99876181096041128  0.99880937699929551
  0.99885628454032038  0.99890078484179901  0.99894385984211265  0.99898568809823907
  0.99902629023686940  0.99906568689822295  0.99910300868979385  0.99913881225281753
  0.99917372028850837  0.99920792458930130  0.99924125014537357  0.99927402882374772
  0.99930548090454341  0.99933530923701819  0.99936338612078668  0.99939072684389918
  0.99941739270510543  0.99944338452466452  0.99946875665650647  0.99949369397829368
  0.99951824830485025  0.99954237188320805  0.99956517910937059  0.99958763752410917
  0.99960993289327615  0.99963158762294269  0.99965306263716092  0.99967439364277655
  0.99969570750425274  0.99971679372677769  0.99973772404146077  0.99975853737358178
  0.99978004914159835  0.99980201517981693  0.99982452081865103  0.99984938669416479
  0.99987671538713419  0.99990789651489886  0.99994858826317501  1.00000000000000000
 -0.02131691527841705  0.11402424600746844  0.15531996907382090  0.19948196162013168
  0.23970244526930584  0.27132686280355450  0.29761625459069302  0.31518543712622066
  0.32908453712961200  0.34166592927213707  0.35304147364587174  0.36429641541377317
  0.37440163487518924  0.38471364755208537  0.39603655913366204  0.40735476021575806
  0.41829428885812259  0.42838130067064517  0.43748928099868450  0.44548086897915379
  0.45286496387529185  0.46011314332849396  0.46706683706602931  0.47383712774599485
  0.48052953869502180  0.48701815778061924  0.49304831913723773  0.49887740978107170
  0.50578843753091796  0.51291344023493046  0.51981984900993239  0.52660315350410214
  0.53338719345046715  0.54003941495690011  0.54622060455216126  0.55167052886612522
  0.55701069341394749  0.56230262013340293  0.56730900164634290  0.57267625721643889
  0.57824069185213267  0.58310404657587234  0.58751629744689915  0.59180990342311579
  0.59624495328638683  0.60122532645086657  0.60643309148504954  0.61129706225771452
  0.61582967730411831  0.62018951474029960  0.62471418219258668  0.63029416755706680
  0.63636460112680970  0.64204397289200366  0.64686705319153504  0.65098497964105451
  0.65486377693437192  0.65878399394211440  0.66280564330851910  0.66709234205827195
  0.67103820200558295  0.67480604377270492  0.67868338764050928  0.68267466127661458
  0.68703876964265997  0.69191469282784723  0.69677050395518347  0.70135410404963039
  0.70585745391785171  0.71050067558136265  0.71561953421962754  0.72080825216123734
  0.72591495134376183  0.73130364802064218  0.73666745910141096  0.74191915053052115
  0.74719990069360698  0.75261616135450526  0.75841939700530303  0.76441901765613396
  0.77045013360570114  0.77688290902462753  0.78409486289361086  0.79143167244531898
  0.79881053289991288  0.80658095610610936  0.81479682271433684  0.82331685041051517
  0.83208103433417513  0.84149745444500612  0.85149573136859769  0.86200619445278659
  0.87397540504223881  0.89257758977943602  0.92196796275205872  1.00000000000000000
   7.7124855540748848E-010  -1.0000000000000000     
 T T F F F F T T F F F F F F F F F F F F F F F F T T F F F F T T T T F F F F T T F F F F F F F F F F F F F F F F T T F F F F T T
  <DiscreteSampler_grid>
  grouped_processes
  1 # 1 for a reference and 2 for a running grid.
  10 # Attribute 'min_bin_probing_points' of the grid.
  1 # Attribute 'grid_mode' of the grid. 1=='default',2=='initialization'
  0.0000000000000000 # Attribute 'small_contrib_threshold' of the grid.
  0.5000000000000000 # Attribute 'damping_power' of the grid.
 # binID   n_entries weight   weight_sqr   abs_weight
    13   10   1.097900343038674E+001   8.062010730618711E+002   1.097900343038674E+001
    14   10   1.097900343038671E+001   8.062010730618665E+002   1.097900343038671E+001
    16   10   1.666916564672320E+001   1.858580044821630E+003   1.666916564672320E+001
    17   10   1.666916564672315E+001   1.858580044821619E+003   1.666916564672315E+001
  </DiscreteSampler_grid>
