  0.00055522967067428  0.01715379855321050  0.03075544892660105  0.04226416985840602
  0.05322560928285839  0.06418648222355010  0.07539556136541394  0.08707781549490025
  0.09841732645272110  0.10800142563735830  0.11582543809338312  0.12422674406187711
  0.13375519388368987  0.14219330852774442  0.14999212456361535  0.15806891058988523
  0.16801691583108136  0.18155820126714572  0.19292443284427144  0.20300473056222837
  0.21228594925041605  0.22251886406108451  0.23325523274924620  0.24335159012261817
  0.25311907798651684  0.26318621617181259  0.27377022492536829  0.28516329754889208
  0.29666671793760535  0.30814223305530075  0.31970116279420807  0.33000052805052732
  0.34113183345269665  0.35100906862930853  0.36149929975033651  0.37183027928476070
  0.38151841470283371  0.39146995356869069  0.40190072983196012  0.41359950226775039
  0.42470069704716951  0.43467742090915490  0.44505341702644491  0.45569798463873123
  0.46676950827419506  0.47845535342778733  0.49040036756278238  0.50171722129696661
  0.51206636469885003  0.52145077294317377  0.53001704728273902  0.53914195138473042
  0.54904165176224973  0.55929984128412547  0.56879313320822034  0.57792483307675513
  0.58648575795012181  0.59609320792619991  0.60447853954130915  0.61327739577187845
  0.62273588796732759  0.63211148965657749  0.64185529446287148  0.65263928358403556
  0.66517133067812950  0.67957262466720114  0.69428712090851719  0.70781827063738512
  0.72019324644632710  0.73163927052298505  0.74220535154845635  0.75255958895431641
  0.76276329970927548  0.77310480343292232  0.78393204206641087  0.79515809760724054
  0.80676207899150532  0.81824194874040468  0.82955029883003240  0.84224200464974930
  0.85422396152058011  0.86348613017266285  0.87114654121294910  0.87826588976242403
  0.88616079086402477  0.89516392843493953  0.90369410811131090  0.91187806096010504
  0.92050303100933295  0.93147440728157427  0.94282728058928411  0.95427211933917744
  0.96512778729333082  0.97541427166180772  0.98641911212663991  1.00000000000000000
 -0.00003791822294721  0.00087791008294401  0.00293916114567291  0.00610307025651425
  0.00937669358362983  0.01377880787435946  0.01863637150692748  0.02361667209286651
  0.02948310063325908  0.03655179402796239  0.04262661817782917  0.04844685860121191
  0.05442593487912558  0.06108625741179778  0.06818823567149665  0.07606730690414230
  0.08405637780238201  0.09167686711688411  0.09937908739179241  0.10867938382936637
  0.11769908902435128  0.12613589559988991  0.13459041368972208  0.14290819598509444
  0.15113266492229321  0.15918989380131227  0.16697222197186043  0.17446911158527514
  0.18219224129727282  0.19033005600496400  0.19898891276279268  0.20808245931089714
  0.21691402475432892  0.22555533595386834  0.23400840131804074  0.24243015931490572
  0.25159231197485682  0.26255893801365821  0.27460142446283448  0.28589273294881629
  0.29707907003479356  0.30847301696296131  0.32049328134604688  0.33183648724565062
  0.34309788401307728  0.35468095994815380  0.36656722878004006  0.37840546640470807
  0.38990536520826874  0.40113147222280526  0.41257201308219366  0.42552755975393564
  0.43834432167715059  0.45067946453835755  0.46247408048397454  0.47555077185400829
  0.48972350645117535  0.50352461294768491  0.51677023460637961  0.52902592457169184
  0.54172514291212903  0.55454281659732652  0.56741260095339541  0.58049118994136462
  0.59366774382787635  0.60607074236014569  0.61802363946501804  0.62983459071959902
  0.64242113779297194  0.65543978738765163  0.66858326911185784  0.68181896707502443
  0.69529359700633953  0.70900581694214093  0.72390779569205932  0.73839083657082494
  0.75225977917335596  0.76573268807499195  0.77890966558368679  0.79130936986923051
  0.80350880884360576  0.81564345857767651  0.82722365562232203  0.83902613173742624
  0.85122828699510544  0.86380027212232791  0.87617606996365938  0.88843899129668236
  0.90229643025240447  0.91622069791561933  0.93038913078548047  0.94460209697083797
  0.95865620213092040  0.97249606152147650  0.98624378980653449  1.00000000000000000
 -0.00255319794900830  0.00881973766126016  0.02064354559600415  0.03318189218314128
  0.04743545726037194  0.06271838364394683  0.07715651622863186  0.08890123830846437
  0.09849511610687502  0.10869474939949722  0.12046346623449788  0.13170495106359512
  0.14109404626307295  0.14911101872119620  0.15727188507633719  0.16564332433284826
  0.17488955198519918  0.18428408460447027  0.19311242628144432  0.20163034212110476
  0.21037479793601538  0.22125649883190207  0.23501285331819163  0.24892111289231067
  0.26192618078608226  0.27412567656543535  0.28490373304458594  0.29415370491892584
  0.30255170325225578  0.31093700010701425  0.32103418254206217  0.33216522633671552
  0.34317133171590686  0.35609170831267017  0.37039348178611459  0.38492241370661862
  0.39924822209305016  0.41323971932522691  0.42591613986344162  0.43812192978166004
  0.44704234196016779  0.45635080862527727  0.46594138723629647  0.47621139282477748
  0.48740275177040870  0.49787307346868204  0.50879036745129691  0.52012208999303322
  0.53222392763855697  0.54448139043930466  0.55658721871469485  0.56915461930761702
  0.58221544402100089  0.59026322276724896  0.59833446538107948  0.60639465870955744
  0.61600349207668903  0.62527638360384741  0.63385732990311261  0.64190561009826719
  0.65082481039987816  0.66078637800546980  0.67071559578129869  0.67982505786129643
  0.68885713171576934  0.69772734492479060  0.70653997292364956  0.71544316613965853
  0.72315680936736559  0.73240560212667971  0.74365940066392644  0.75410538379785053
  0.76352170329083813  0.77239962300067810  0.78115526032869487  0.78973842973673503
  0.79878344840437565  0.80786199477004095  0.81799561147336086  0.82976501911402190
  0.84145232611762177  0.85341129491283929  0.86546582856288434  0.87718953724799720
  0.88636468580124561  0.89586016399920509  0.90590800580735309  0.91635411984747495
  0.92673079460287244  0.93764400573205786  0.94928066391158283  0.96011019708584033
  0.96968432384678183  0.97942745720755198  0.98905665974957524  1.00000000000000000
 -0.00133092377618780  0.00809090346795298  0.01535780474153922  0.02245453138718374
  0.03021701053463861  0.03863610393457594  0.04804850260464825  0.05877653424189769
  0.07074862739913887  0.08357027169074402  0.09674146442948547  0.10947900744634763
  0.12112564952981408  0.13224497174630634  0.14322792718820082  0.15423920531213692
  0.16540492668510290  0.17667171471676413  0.18796371004520990  0.19912301664537799
  0.21009255823478271  0.22101843164604612  0.23279181832609933  0.24546158405901575
  0.25810600432079295  0.27075327751419448  0.28408240276180491  0.29791314103711303
  0.31085154840457996  0.32156618945666010  0.33104225521783320  0.34017266197043661
  0.34921579820992416  0.35838621682524957  0.36763462882243086  0.37733198685219588
  0.38792925447195026  0.39862670017115454  0.40962374913294169  0.42087915316341434
  0.43210664281747924  0.44249030707992554  0.45246190617030840  0.46209579938633799
  0.47366579870797371  0.48670642052534113  0.49989076256338899  0.51311747460787360
  0.52652237203381647  0.53961492460798999  0.55245148343281336  0.56531207429472297
  0.57781761245957663  0.59024678081505744  0.60376791764816795  0.61840455465170419
  0.63162613481514829  0.64364911571867156  0.65581169730329636  0.66817100753301750
  0.68065044339156511  0.69362430367306716  0.70688586287841559  0.71995791667097342
  0.73229833089625151  0.74333962116086327  0.75386383795784018  0.76414647882280473
  0.77388218558439048  0.78263217831860643  0.79136623164711639  0.80121918813705950
  0.81084318648085540  0.81879094415590314  0.82603064440482143  0.83360539482260454
  0.84169182188373670  0.85050338623452593  0.85979307564257124  0.86853840724129427
  0.87654763566112714  0.88492586271369933  0.89382909429519275  0.90121979247249040
  0.91034056117494755  0.91844587148203638  0.92587703071347749  0.93355251647144422
  0.94094615935832715  0.94858837007631869  0.95690063251622970  0.96550726925562214
  0.97401227893421738  0.98208325000457597  0.99088385687318969  1.00000000000000000
 -0.00357455194177702  0.01093822691813067  0.02500150780137030  0.03895258972599266
  0.05286623311251890  0.06543638109410953  0.07557510905274414  0.08526546599404920
  0.09541301310957184  0.10580216297615803  0.11680320466533267  0.12869657534634238
  0.14138620202567606  0.15266849855691408  0.16376221861656590  0.17406262541969938
  0.18489193405254359  0.19623102575983659  0.20501711099506037  0.21396157157135612
  0.22253803487525195  0.23168891019928667  0.24160933299896362  0.25240643925919048
  0.26328901891666590  0.27354753004183313  0.28328250765462343  0.29329987770951116
  0.30342959903332156  0.31332919705213663  0.32283790684809871  0.33230845667878217
  0.34266592267028612  0.35327532573776343  0.36327089851728644  0.37371032783370944
  0.38539332993445580  0.39638998484068128  0.40629074749348559  0.41568177535071837
  0.42536652800789515  0.43518100498561146  0.44469319385650519  0.45481285356117856
  0.46850422647054640  0.48024989697456844  0.48929731744516780  0.49831518050622042
  0.50698133347431129  0.51539889602146804  0.52372533655408293  0.53187886087837855
  0.53974169120653093  0.54797966361164907  0.55661355277823721  0.56637657164958499
  0.57802450609372358  0.58973993711998074  0.59993066351711311  0.60927262043860109
  0.61886218438739016  0.62898904292263769  0.63858357671558974  0.64867614309072386
  0.65997715331139295  0.67148675546020686  0.68273735598350327  0.69339770823562430
  0.70330233565137290  0.71293188486843007  0.72307699280760640  0.73431053946146596
  0.74610400359723839  0.75735010929390545  0.76806261983419977  0.77886420152580160
  0.78975887645550602  0.80164687151459224  0.81661252349969338  0.83163029163605318
  0.84472521210490548  0.85689784143840608  0.86888060226593056  0.87909100992643252
  0.88823687896658454  0.89757531439482907  0.90692363820412469  0.91573583614677423
  0.92560000018959554  0.93679613359473213  0.94895853593218893  0.95971605899143431
  0.96952403006090726  0.97917918133154169  0.98918485378286969  1.00000000000000000
 -0.08879679677780314  0.83071260591753149  0.90832222123181761  0.93889516466568002
  0.95576996819596027  0.96232141392857906  0.96657604694177923  0.97021703422273953
  0.97336089832465389  0.97618683142026674  0.97876650085207573  0.98075726166890986
  0.98251124001042323  0.98404044729833295  0.98544111398177825  0.98668401706046693
  0.98781145877675691  0.98879414431813084  0.98966117810039389  0.99045993292061374
  0.99118796064112480  0.99183366704208376  0.99242287500431969  0.99294494385234300
  0.99343342584482697  0.99387751316462325  0.99428162613177784  0.99465041073189497
  0.99499688881858073  0.99531307115605805  0.99560514420504931  0.99588039358037439
  0.99611941832478035  0.99634338361015884  0.99654900762839271  0.99673882930530355
  0.99691296673794172  0.99708077035979381  0.99722930922084163  0.99736924788331671
  0.99750002298694374  0.99762549807806244  0.99774573144804724  0.99786009198183023
  0.99796662565452521  0.99806061561476134  0.99814969295214517  0.99823330160959611
  0.99831389920607005  0.99839268346254362  0.99847031137997289  0.99854673508587921
  0.99861526367743902  0.99866927046399345  0.99872079935282332  0.99877204410525111
  0.99882166294619934  0.99886825632131981  0.99891348536241364  0.99895763548507444
  0.99900036035524953  0.99904132755604691  0.99908074327220731  0.99911923737857622
  0.99915704531473526  0.99919433103546895  0.99922940487364065  0.99926378639792968
  0.99929723828945327  0.99932800491663454  0.99935712937344734  0.99938532734704710
  0.99941285157541804  0.99943916408536437  0.99946507596781353  0.99949066083479565
  0.99951465547460916  0.99953849258687033  0.99956215480351207  0.99958502710188180
  0.99960770916186170  0.99963022005729696  0.99965230159276253  0.99967400174584509
  0.99969529996722561  0.99971654142233513  0.99973778143860925  0.99975902388045557
  0.99978060166365512  0.99980236277627643  0.99982442271458605  0.99985010418822007
  0.99987781705229262  0.99990739581771382  0.99994958487998475  1.00000000000000000
 -0.02318126190965837  0.13350668264839924  0.19506960937855433  0.23435821986879019
  0.26561926745677439  0.29028653715568364  0.31052500132984651  0.32757550603515678
  0.34286742610692961  0.35679674419265489  0.36988706898626555  0.38327386944761754
  0.39707444438622896  0.41061491795338334  0.42277728985971125  0.43285788012822113
  0.44066327231286739  0.44630570368473660  0.45152413778500167  0.45688158049677674
  0.46217365036678504  0.46790095683245009  0.47436548938488626  0.48040275365917506
  0.48573424901564805  0.49101746096973947  0.49651925258436375  0.50211606034468348
  0.50766497731272742  0.51298325844078352  0.51807844714463647  0.52343482041570444
  0.52931257026710488  0.53537784391052601  0.54142143378386354  0.54755988754478835
  0.55353214594413580  0.55929142927721365  0.56505454998912585  0.57091498324003143
  0.57658634247706075  0.58209267838055434  0.58742045450097347  0.59268591424573025
  0.59824981842155256  0.60387590202271790  0.60917174083843473  0.61398111718153425
  0.61917068259073238  0.62417152317232150  0.62953228491803181  0.63482003896695471
  0.63986452527712101  0.64475870310828109  0.64949288685711104  0.65395849479213741
  0.65822431806827475  0.66232562395316463  0.66648169878684493  0.67111161263318364
  0.67596530988584158  0.68113290999415121  0.68660916298159236  0.69203439159136915
  0.69731176854151533  0.70251773056269429  0.70823334951544703  0.71384170718032069
  0.71920821657180689  0.72442617497058914  0.72949849128844879  0.73435376779122019
  0.73939578133459249  0.74489985259338576  0.75011571579208336  0.75546451266288139
  0.76101346102773793  0.76629360569261296  0.77129879353696140  0.77630107251684199
  0.78127408209546001  0.78621626631424035  0.79171726106165774  0.79938765710373305
  0.80842710747589663  0.81764812247740548  0.82698858919693607  0.83659965783226531
  0.84630041189041505  0.85577233716131906  0.86519165499988837  0.87521165169682669
  0.88714053899987777  0.90160503945187920  0.92319439557488758  1.00000000000000000
   3.3224997094156046E-009  -1.0000000000000000     
 T T F F F F T T F F F F F F F F F F F F F F F F T T F F F F T T T T F F F F T T F F F F F F F F F F F F F F F F T T F F F F T T
  <DiscreteSampler_grid>
  grouped_processes
  1 # 1 for a reference and 2 for a running grid.
  10 # Attribute 'min_bin_probing_points' of the grid.
  1 # Attribute 'grid_mode' of the grid. 1=='default',2=='initialization'
  0.0000000000000000 # Attribute 'small_contrib_threshold' of the grid.
  0.5000000000000000 # Attribute 'damping_power' of the grid.
 # binID   n_entries weight   weight_sqr   abs_weight
    13   10   1.702415061612712E+002   2.672908935320996E+005   1.702415061612712E+002
    14   10   1.702415061612722E+002   2.672908935321031E+005   1.702415061612722E+002
    16   10   1.368522235190804E+002   1.727195832770636E+005   1.368522235190804E+002
    17   10   1.368522235190814E+002   1.727195832770661E+005   1.368522235190814E+002
  </DiscreteSampler_grid>
