  0.00111203151845629  0.01607848064766580  0.02987154567114078  0.04349728107831191
  0.05629072722442433  0.06803988447372471  0.07955294030005135  0.09159172107520196
  0.10412624996904132  0.11670305852852303  0.12876702062763445  0.13944787887451995
  0.14894863824817087  0.15759612709558124  0.16626544981907657  0.17512688323674647
  0.18471730085493973  0.19597927864593306  0.20810715632101690  0.22079558606527414
  0.23099178737556192  0.23864866646036167  0.24647860459732382  0.25456427918255564
  0.26266433468105449  0.26972776866751330  0.27529234542025632  0.28056184940736234
  0.28738910110091742  0.29677285982937585  0.30747833811977510  0.31716353874196151
  0.32622104740338831  0.33479904508152636  0.34379390097586465  0.35233173779204724
  0.36245605764168726  0.37328472617387493  0.38495700758026574  0.39768518578906503
  0.41047477380915887  0.42275029681686621  0.43491766589213737  0.44727082920103312
  0.45928050144561433  0.47063382344921223  0.48129457896854350  0.49175245925928168
  0.50288494082296542  0.51505066557805290  0.52711846792657391  0.53771656957633829
  0.54823740565078549  0.56130389364305588  0.57443387373344079  0.58603416970672739
  0.59683700004966522  0.60735531659380193  0.61784343338939340  0.62847110893461355
  0.63955720825447904  0.65143459701163320  0.66384544074548024  0.67619000585478717
  0.68848043334509024  0.70087553751634168  0.71276085959808066  0.72379228812469187
  0.73414363253509751  0.74424149675477513  0.75451419886548687  0.76434419715783319
  0.77349403384324045  0.78223603400824793  0.79138682748512246  0.80185669146480532
  0.81242511856594579  0.82259214476815845  0.83245772906267390  0.84350107341454583
  0.85516497912836287  0.86626362612848318  0.87647478775264409  0.88599906319588384
  0.89590520336628765  0.90661116309738499  0.91724791925876337  0.92666398730866928
  0.93519645127152751  0.94455067365668899  0.95383032574022275  0.96244495795189233
  0.97095820431311153  0.97969086198754041  0.98907264632217895  1.00000000000000000
 -0.00003727435428709  0.00084925397203159  0.00310784219992200  0.00644978778578277
  0.00968658162646114  0.01513073126341796  0.02093511864975066  0.02631559421405791
  0.03165408504255541  0.03897433989071311  0.04715482780003111  0.05524782852468336
  0.06312871079369703  0.07081871496423253  0.07883493416497907  0.08705533532732453
  0.09620966153023841  0.10461589376861015  0.11407644636611741  0.12300960505044964
  0.13230147698647265  0.14170091414330593  0.15062246258143219  0.15860786747950442
  0.16679360723143483  0.17532044735861699  0.18411236604032533  0.19363152304349102
  0.20347718681223606  0.21371063861532064  0.22512605752974185  0.23774740409843054
  0.25075898497745336  0.26294838942028165  0.27493361755921730  0.28704693414489768
  0.29948329363870302  0.31183265721407855  0.32389236804520249  0.33566648152334322
  0.34814111953943189  0.36106524526373457  0.37184942400405746  0.38213971132566465
  0.39274587084309653  0.40295331291521919  0.41164079661223923  0.41926956793846532
  0.42938441734958988  0.43958019721364827  0.44885233267420876  0.45801111097697905
  0.46761344114389930  0.47724913765459676  0.48631378563642674  0.49473749152816204
  0.50292018868995347  0.51092362208362907  0.51921305094414516  0.52838663950870290
  0.53861775976557869  0.54889261664103228  0.55904557208009342  0.56984486405406609
  0.58090886402523900  0.59150787058986887  0.60195275470651755  0.61326603287634485
  0.62576764507648264  0.63842058748740305  0.65025692162427695  0.66121083011824611
  0.67193921119112532  0.68306091201089858  0.69461966802329334  0.70635594100026899
  0.71818728826835887  0.73086374911590624  0.74329164391892244  0.75632729167901058
  0.76992740197484733  0.78388870973737645  0.79859912514113240  0.81431567946688721
  0.83032990182246214  0.84625550652599668  0.86117723415040559  0.87565096769036754
  0.89003304986881249  0.90433849389669940  0.91885026145954285  0.93435393119683074
  0.95037236533129521  0.96672439697269985  0.98328804586967344  1.00000000000000000
 -0.00220553276833062  0.00865904973258290  0.01818048565410126  0.02837602512646622
  0.04030878162174405  0.05357556100320952  0.06423065120575733  0.07171779901142897
  0.07827377421962411  0.08458983183765144  0.09127525964730134  0.09903444810376533
  0.10693330969840699  0.11365946596892665  0.12010246609534996  0.12789034693405971
  0.13818890765400163  0.14891248439244684  0.16032722349720641  0.17289218450990404
  0.18580697249249009  0.19938854951178406  0.21371260588229699  0.22418629359986497
  0.23532165288703785  0.24563929381601399  0.25550041046698768  0.26531687268355636
  0.27490303407851324  0.28585889786085050  0.29687873963213374  0.30751196323284968
  0.31798928225626827  0.32892642439050629  0.34057065417225901  0.35247871140266634
  0.36355572450910090  0.37423217214226961  0.38578033317631832  0.39709836259407538
  0.40812219293960411  0.41877535376788344  0.42793667833629545  0.43685014435273462
  0.44681443731096848  0.45583573971432512  0.46409290060753589  0.47242433634863729
  0.48216941351602671  0.49313112213238475  0.50286704982534602  0.51179142206332418
  0.52082477406937644  0.52996473419615997  0.53925716119470857  0.54930520039605180
  0.55978355310129724  0.57160897855484316  0.58500222803653545  0.59867529832261268
  0.61182418349375911  0.62394332753558901  0.63496325239002527  0.64548675910865083
  0.65569659271195413  0.66406307667706088  0.67270832318979057  0.68209980101387657
  0.69148600547512129  0.70135589022420985  0.71201205066180884  0.72343484590046359
  0.73605990245170450  0.74848174612288842  0.75906561661155225  0.76909613202651328
  0.77824155122845173  0.78661311808424850  0.79525728071550494  0.80496069708044060
  0.81412020772845750  0.82286442411218053  0.83325288516592766  0.84417792368637090
  0.85599103402039489  0.86961959775113873  0.88154020755326723  0.89311296889686342
  0.90465028500088684  0.91605833091426536  0.92756409886248770  0.93963028048236985
  0.95272296454180971  0.96736540399203907  0.98340710076678206  1.00000000000000000
 -0.00203523232052126  0.00740747517128181  0.01709220484703848  0.02649801707802575
  0.03560540440725961  0.04423192572500070  0.05235698751416568  0.06051999464865809
  0.06771649418251735  0.07458716112025068  0.08165300844825181  0.08848668509539348
  0.09560362231105642  0.10307875517606248  0.11126592685189231  0.12167085047199368
  0.13190384827530643  0.14102110877215920  0.15016765715279892  0.16050531375584029
  0.17090675481978582  0.18149671011370488  0.19342814476948947  0.20631057064835912
  0.21885689257776642  0.23079862798917272  0.24292056872761270  0.25496990492015598
  0.26619756392054589  0.27704379590794220  0.28838350889571424  0.30068038169843919
  0.31372598478389990  0.32613061079514905  0.33850654406375058  0.35132206666692489
  0.36403127494277837  0.37636090452985499  0.38888120578138990  0.40121673673376679
  0.41292141701371993  0.42520285157123722  0.43736340425047182  0.44772616361394080
  0.45832059424140736  0.47023791381603797  0.48227150343576569  0.49421434063400199
  0.50717827850658670  0.52161554889822315  0.53659924286648519  0.55168561487315015
  0.56774206264483174  0.58445659178173448  0.59972148112214319  0.61227186723419613
  0.62349307540697529  0.63489851802062325  0.64649358371784538  0.65732102033295803
  0.66804924411782396  0.68015775763860953  0.69336064586521284  0.70687647128197739
  0.71963597381376909  0.73022123007290141  0.73808711549799855  0.74536795111308785
  0.75271545371291171  0.75945523811834192  0.76612972134771318  0.77258272873672273
  0.77877459123304082  0.78515398696098382  0.79157828034864708  0.80140320613907723
  0.81232686090954676  0.82296364154894919  0.83386617576489930  0.84564628514989559
  0.85763551287735362  0.86848232910922729  0.87860564068566771  0.88779017132490134
  0.89687301934737063  0.90598531017890360  0.91510279002143702  0.92435273617012126
  0.93359941385679446  0.94288982619425166  0.95291537029099971  0.96095273415850657
  0.96926745525915725  0.97868791777764608  0.98921144122864957  1.00000000000000000
 -0.00226332013785938  0.00931904173070964  0.01874174502569450  0.02800474117202055
  0.03646793438601170  0.04509563444654482  0.05364546838041154  0.06215404284120194
  0.07098111007474078  0.08070467447744588  0.09105476904218117  0.10142373860547652
  0.11154893185224965  0.12205211788533882  0.13387648495655968  0.14637239118172746
  0.16065671220957714  0.17594540535694816  0.18806928046843593  0.19691616948554735
  0.20574383754923806  0.21501383991262604  0.22387566082058150  0.23192532217364581
  0.23982125257064127  0.24695165499938410  0.25503827928103784  0.26491033966334282
  0.27443334160547350  0.28587568737207564  0.29995941158885847  0.31449857332574127
  0.32848131467660330  0.34114328338401956  0.35203964007404753  0.36293818121305138
  0.37355403683029381  0.38423022210687119  0.39456687128925499  0.40542498172218222
  0.41530914939001806  0.42282775389906641  0.43006621726959471  0.43588628918425359
  0.44122754904135769  0.44810373139020421  0.45595113361290701  0.46305690434912439
  0.46977174459258969  0.47753244624786928  0.48684633626754437  0.49768527746021735
  0.50839166690934345  0.51993843500768300  0.53270968891163695  0.54655129111195000
  0.56000896969601655  0.57117277678806644  0.58155995314019404  0.59068267679311004
  0.59984330745730985  0.60859048042012254  0.61773545465962831  0.62887540145433274
  0.64107364175260995  0.65294389667008390  0.66120969082245329  0.66945459708511867
  0.67773110656814428  0.68678791138583406  0.69594277938000426  0.70627472897582855
  0.71924351669008901  0.73377388626423623  0.74739435071787630  0.76077563504403112
  0.77439930180991223  0.78623935928544730  0.79792608242026142  0.80955397365842408
  0.82080799537720706  0.83188560756165852  0.84297301022488180  0.85449231055349906
  0.86575732698169505  0.87806025389806830  0.88848027451582401  0.90101061173502228
  0.91528725371770092  0.92895070460110341  0.94149071272940243  0.95340846930817735
  0.96487893733270913  0.97574761476100080  0.98618524586358125  1.00000000000000000
 -0.06928112165087243  0.83176340342749255  0.90939519993734952  0.94041040454662139
  0.95745611866127012  0.96274746023629409  0.96691320290510874  0.97062013805201763
  0.97367623433733352  0.97634152064308533  0.97877509748921443  0.98075697769306014
  0.98249497253460838  0.98403381925956201  0.98540270251119066  0.98663280312277901
  0.98771529898786592  0.98869301115868047  0.98959004200735656  0.99039435090960204
  0.99113067749514572  0.99182460924062243  0.99244991421811468  0.99300957287097247
  0.99350854364731445  0.99395227159457433  0.99435558572525107  0.99472673586814409
  0.99505823433474949  0.99535675668624002  0.99562125286735781  0.99587212176462747
  0.99610967230907232  0.99633086305975838  0.99654220135901250  0.99673126862912242
  0.99690556557779364  0.99707096383258231  0.99723105646152876  0.99737783291827065
  0.99751057751843097  0.99763891897198542  0.99776264037988260  0.99788595407950731
  0.99799451964423169  0.99808680864807386  0.99817059323662816  0.99825059480492762
  0.99832735592282040  0.99840064406935414  0.99846875054796858  0.99853511170270748
  0.99860094173661884  0.99866213470471077  0.99871545142781049  0.99876324338551403
  0.99881176399187532  0.99885959988342776  0.99890626984533826  0.99895124080024966
  0.99899385147122732  0.99903498394340773  0.99907451933791391  0.99911296964503393
  0.99915109040615480  0.99918692406843945  0.99922203950889832  0.99925633346101428
  0.99928839689022464  0.99932065209546428  0.99935184923327525  0.99938058547699504
  0.99940832163533821  0.99943551838496381  0.99946222272199325  0.99948819233840203
  0.99951354111058099  0.99953847760093961  0.99956309635923801  0.99958722315345538
  0.99961067783326385  0.99963278321169324  0.99965470062450967  0.99967623537511485
  0.99969690489944385  0.99971754999904872  0.99973819590208490  0.99975887198712343
  0.99978023169788199  0.99980191396643270  0.99982370991492797  0.99984877811257733
  0.99987625244786060  0.99990663133750979  0.99994798380677352  1.00000000000000000
 -0.02106230919177631  0.12749634699750306  0.18690410369665131  0.22179243091634751
  0.24964608189575704  0.27455830560114280  0.29768317577834108  0.31750650278109588
  0.33404284533372602  0.34917650459177280  0.36328576417202935  0.37520086642670164
  0.38466198238642973  0.39266111953841637  0.39999520717130804  0.40727347545334086
  0.41395271341623091  0.42222775613727237  0.42986396350044459  0.43804538894542266
  0.44688300370460377  0.45599491305942408  0.46507108254615170  0.47381672004091091
  0.48190581358988432  0.48940088419660904  0.49663027838752244  0.50372964995172631
  0.51068866468263430  0.51744974347130801  0.52361289334508654  0.52973528015598981
  0.53564931117597026  0.54177678261507034  0.54811234120202090  0.55441324381096324
  0.56049081188139560  0.56649347632767544  0.57241971910186829  0.57820496774191910
  0.58422798634887041  0.59005351832926811  0.59560457345844375  0.60092252209187191
  0.60597087391509086  0.61074375053707997  0.61531925241996765  0.62014682509232644
  0.62503221393192476  0.63004841887817375  0.63608328676017645  0.64235001523922741
  0.64825908414732436  0.65352149476783139  0.65813500866605390  0.66261662928184939
  0.66731823432748694  0.67237966803984506  0.67779091003342329  0.68351102881921133
  0.68916078036557304  0.69440374525726112  0.69945050084586546  0.70477298597108062
  0.70936857074906678  0.71320283700557197  0.71706452158105993  0.72092354002009140
  0.72494807925440563  0.72891809612388059  0.73282916293346123  0.73683439680790985
  0.74120568050000868  0.74583822031092484  0.75020143458698507  0.75466411952107249
  0.75934617654126724  0.76418708402616820  0.76887911633714801  0.77482653555331804
  0.78173067771644666  0.78905800464425391  0.79699856933087043  0.80564457080711127
  0.81409972360472238  0.82122320205995214  0.82852356419235085  0.83513579602889265
  0.84210280328103482  0.85101937210800316  0.85995070757538661  0.86964839046364384
  0.88089589163752280  0.89530758377697528  0.92464531371822700  1.00000000000000000
   7.8524773103203716E-009  -1.0000000000000000     
 T T F F F F T T F F F F F F F F F F F F F F F F T T F F F F T T T T F F F F T T F F F F F F F F F F F F F F F F T T F F F F T T
  <DiscreteSampler_grid>
  grouped_processes
  1 # 1 for a reference and 2 for a running grid.
  10 # Attribute 'min_bin_probing_points' of the grid.
  1 # Attribute 'grid_mode' of the grid. 1=='default',2=='initialization'
  0.0000000000000000 # Attribute 'small_contrib_threshold' of the grid.
  0.5000000000000000 # Attribute 'damping_power' of the grid.
 # binID   n_entries weight   weight_sqr   abs_weight
    13   10   9.643605541164993E+001   6.253317109703630E+004   9.643605541164993E+001
    14   10   9.643605541165016E+001   6.253317109703652E+004   9.643605541165016E+001
    16   10   1.251034808281618E+002   1.052788313316086E+005   1.251034808281618E+002
    17   10   1.251034808281621E+002   1.052788313316090E+005   1.251034808281621E+002
  </DiscreteSampler_grid>
