  0.00352019466691008  0.01078839733961421  0.01788400727538206  0.02537826762717804
  0.03323181758460367  0.04175400077049875  0.05021237042100744  0.05791824002051335
  0.06654410857237664  0.07850253909575967  0.09046078838006970  0.10086288278749433
  0.11102319537561173  0.12138738563216994  0.13243380018710599  0.14486254678470878
  0.15839644795711966  0.17164693087952126  0.18431933848657808  0.19657035713025739
  0.20695741493010930  0.21529577616442344  0.22361364755655486  0.23184566086248773
  0.23851633524854471  0.24529356617715065  0.25309360144538040  0.26061426033316820
  0.26765264396723892  0.27645333626129853  0.28853759316667726  0.29951217866070495
  0.30980791282370584  0.32032526196144079  0.33098829855783940  0.34148270131135788
  0.35139803298296790  0.36332033773762451  0.37514897528825347  0.38454705213148227
  0.39485415233485738  0.40460629126720871  0.41350415325563733  0.42194997499825315
  0.43061433457608567  0.44069177068409715  0.45153075871452880  0.46266412140819635
  0.47414728684226676  0.48532344027861224  0.49630322517591974  0.50833894545423441
  0.52128781594909512  0.53541398416231500  0.54986714529986080  0.56251329314162934
  0.57529311585585707  0.58796021085684469  0.59969304787014299  0.61080460783792845
  0.62241505697060873  0.63345668712971359  0.64439597011882443  0.65725165577089373
  0.67095946332786405  0.68362347833473480  0.69338333708952626  0.70122516334679608
  0.70893553855077995  0.71621007393260983  0.72342195658250008  0.73087944028134255
  0.73809060873701149  0.74531243393619728  0.75357201696056964  0.76455403103403907
  0.77637210017365599  0.78829134942457535  0.80010216762833297  0.81119924176215852
  0.82271982184187464  0.83388666591479066  0.84528841082372164  0.85674913728463720
  0.86813785471549021  0.88095195062312159  0.89372120388734366  0.90626105456838901
  0.91886991809003804  0.93113323361209210  0.94278874525230005  0.95467140892323943
  0.96649077293442220  0.97795370670365078  0.98905621873608918  1.00000000000000000
 -0.00003734817613140  0.00099685198166947  0.00335215842883789  0.00747253858020958
  0.01265781007043434  0.01891857864480793  0.02432883476646406  0.02991659684661519
  0.03758931703663901  0.04735682770109676  0.05565223691608822  0.06373895584275344
  0.07274321100279993  0.08358361372672261  0.09581112837770867  0.10574281666410040
  0.11612775818694096  0.12598633929477668  0.13533779262525794  0.14518687444128042
  0.15511954762811037  0.16871177918077596  0.18084841240760649  0.19238214880719381
  0.20416794912831132  0.21598049308873704  0.22741463122234393  0.23835155593792373
  0.24941660168926807  0.26155681613807302  0.27400396721108961  0.28256342396041007
  0.29115698605674917  0.29949988558870166  0.30875023089471493  0.31788749784488779
  0.32720728988258468  0.33675358633085961  0.34626400785360195  0.35530081423554638
  0.36443458887115343  0.37315214816822856  0.38213539224666249  0.39152707796766717
  0.40136815288866928  0.41254202187172462  0.42464565321604808  0.43656063136520606
  0.44764422660288383  0.45909125374690379  0.46880147651459159  0.47900975063125489
  0.48914232607392477  0.49924178524340895  0.50971612463541460  0.52173159277886172
  0.53218979050596926  0.54162779339409961  0.55124522191743308  0.56005703897408365
  0.56766550543791994  0.57522835681041751  0.58274392046698043  0.59034445135601132
  0.59858939054848148  0.60797295496224568  0.61811707088139622  0.62939478603997034
  0.64016423223487839  0.65046703945414142  0.66009087004111022  0.66968332440658696
  0.67977776136280721  0.69060238212186875  0.70238112846124456  0.71449849151132860
  0.72588149522896595  0.73704475376959866  0.74776897729542513  0.75798794045473961
  0.76816205264401360  0.77901129216954823  0.79289692300915804  0.80981326706076129
  0.82595724515787750  0.84190047195301243  0.85768655508857150  0.87376842054719783
  0.89016501600367126  0.90612372189753321  0.92204618727477283  0.93825180792550644
  0.95411474315279399  0.96953551784830039  0.98481287211261603  1.00000000000000000
 -0.00393891735928044  0.01047906198516516  0.02469156559551382  0.03816191631913045
  0.05150500555825634  0.06517660333311223  0.07815835848780499  0.09085261543473103
  0.10327464856197897  0.11635512727438491  0.13013599255746572  0.14392469962089713
  0.15740865932095377  0.17076106642699385  0.18443557597479890  0.19892073058061915
  0.21224732841691749  0.22426511806676877  0.23559161144634944  0.24666685529850249
  0.25752038022493901  0.26876793394577331  0.28102347441931885  0.29399038440886904
  0.30755118598516207  0.32135498132429186  0.33379717288426963  0.34427097955067226
  0.35353616976344243  0.36170628594690973  0.36930184499564078  0.37694630481746816
  0.38404346694321484  0.39090414084406927  0.39734573094764170  0.40312283797108645
  0.40933883767611728  0.41593014118059840  0.42311165555841046  0.42929154995599994
  0.43548585798799433  0.44203355949873269  0.44909751774883194  0.45533932712764313
  0.46212207113478920  0.47112222971119527  0.48190845018752387  0.49482813648357160
  0.50776418517789934  0.52076630221773179  0.53298561593386018  0.54416304307742025
  0.55492406170808717  0.56572785745190501  0.57732936191778461  0.58868296805310938
  0.59959252190782775  0.61013258825873862  0.62092309445200733  0.63179664145365899
  0.64275114056011751  0.65376349220816998  0.66502443308423254  0.67658193021165303
  0.68783192219451628  0.69847162942686603  0.70875141773457417  0.71819308039229401
  0.72680890166279666  0.73604686189614799  0.74656304954176378  0.75886819881250167
  0.77214680709267502  0.78562447764147336  0.79925952691715052  0.81347046667360878
  0.82714201091680961  0.83873171993832563  0.84898065607371498  0.85873385092102072
  0.86816705243163950  0.87806271502939637  0.88813396346617890  0.89900435970814774
  0.91055079896626656  0.92242282352012828  0.93307961375817905  0.94160850456195833
  0.94896237572056219  0.95727548648913896  0.96587134494507132  0.97508408445606298
  0.98153986055296083  0.98672549146415001  0.99243818105946757  1.00000000000000000
 -0.00166023096794103  0.00761890481688178  0.01560362589383698  0.02289866426412409
  0.03021489926894763  0.03766840199299281  0.04559076052995430  0.05419620381138102
  0.06301072908334686  0.07163522891846744  0.07991723541062577  0.08860681628699021
  0.09778463241550862  0.10687566122269895  0.11642098447684193  0.12658342262188266
  0.13719191213192852  0.14858005720793371  0.16111654534024519  0.17466297116380330
  0.18704035005909353  0.19541371532327237  0.20412604472093041  0.21349509937056926
  0.22307331370095621  0.23237329771254400  0.24118231320717887  0.25007703578936807
  0.26247405935870349  0.27600873151123267  0.28939016318955596  0.30351433767891550
  0.31769961363744514  0.33193944248010077  0.34650169873965930  0.36155911160377313
  0.37705440820022296  0.39178771953534053  0.40529297254251262  0.41705875622837940
  0.42873974498136991  0.44045343088536293  0.45299894888056830  0.46756077659551382
  0.48256212496646911  0.49753241446679186  0.51313448175124510  0.52864754711152417
  0.54243359659568857  0.55576100301113296  0.56962870770343255  0.58439149869853935
  0.59831588280579395  0.61176147483569876  0.62585803985691746  0.64038864865268974
  0.65464823533979966  0.66748646153689584  0.67905777353898789  0.68838739470848898
  0.69629290185288339  0.70453907759265921  0.71328609005752242  0.72250559275633797
  0.73083141178682620  0.73845440900385739  0.74699370162186063  0.75874774891191255
  0.77230913311465976  0.78521022771021209  0.79815592788907463  0.80954238399577250
  0.81698504849219511  0.82384105168754784  0.83102557911900476  0.83762465116686247
  0.84444562008357438  0.85131564737119236  0.85713978344171537  0.86316734197341771
  0.86952253187052397  0.87604703016739593  0.88486994703096711  0.89405491143189486
  0.90278211181902601  0.91097534442777894  0.91939754833760623  0.92699517024112355
  0.93481793378967026  0.94334615788956222  0.95228210376717604  0.96125416573746825
  0.96972540104197258  0.97863718173551451  0.98870959736624631  1.00000000000000000
 -0.00358727598524825  0.01202816583455575  0.02490741849110338  0.03743511608288595
  0.04981573521591072  0.06261407335323080  0.07605986075616801  0.08950763210032432
  0.10235524118458574  0.11402178258220562  0.12656747951250649  0.13847894613931741
  0.15103246100111084  0.16391861660954032  0.17695771800202428  0.18999793968716533
  0.20266061065645713  0.21499186428727243  0.22743461996339737  0.23845347453296542
  0.24946970576909422  0.26084528169335769  0.27212151009697266  0.28321777235157458
  0.29420881490782258  0.30616248060064977  0.31768246131198191  0.32822147897497700
  0.33907916612534256  0.34980201981848691  0.36114617941281735  0.37255559791891096
  0.38349761329776277  0.39452266824900561  0.40535892333053780  0.41625952582980214
  0.42808885598758417  0.44047285725790380  0.45262134266412213  0.46517433374383382
  0.47842849813759375  0.48998237383682547  0.50264746842034802  0.51506872587914865
  0.52748675975512760  0.53992523700489337  0.55140757918773431  0.56135656927765099
  0.57065627965183252  0.57980320290754217  0.58957180491101069  0.59957900641600248
  0.60946773710798396  0.61898665795847940  0.62934928476723617  0.63989043787214450
  0.65012670771543946  0.66098859467748006  0.66795483140194889  0.67400986240684513
  0.68025913828440698  0.68587888551650589  0.69105605517273894  0.69574962443521560
  0.70064729753378729  0.70675109777231082  0.71307608664102551  0.71908121541229586
  0.72495970085860606  0.73151384070584058  0.74125185371478330  0.75237837402665975
  0.76434611248413953  0.77677687117828886  0.78857019662563899  0.79986379427104259
  0.81114872182968600  0.82212312370222451  0.83268042995490199  0.84360552997772542
  0.85481407921871211  0.86577371326943198  0.87650292615105974  0.88714863588974535
  0.89795675647423789  0.90914056976756696  0.92006636713522616  0.93034245242978808
  0.94150082718977957  0.95303414557892863  0.96307361959704985  0.97097769080448604
  0.97892614461189498  0.98555960251096786  0.99252278837536623  1.00000000000000000
 -0.06615446439012163  0.84092469664721237  0.91808626756186740  0.94754372073351389
  0.96014830185321953  0.96457413562575367  0.96854258568493634  0.97189728213645721
  0.97495567530817362  0.97765242145286957  0.97989549355805017  0.98168321078867105
  0.98329373521997310  0.98471992570105638  0.98600610208474104  0.98716696346415245
  0.98821733941174439  0.98915976156346286  0.99001393707983931  0.99077814512779339
  0.99146476647482651  0.99209097291502502  0.99267336266912587  0.99321270226910530
  0.99368785223634437  0.99411180765649210  0.99449994065434488  0.99485644819030106
  0.99518211661236611  0.99548474855143054  0.99576863674399307  0.99603279407825429
  0.99624996853589554  0.99645346951596725  0.99664341010304958  0.99681608909935315
  0.99697755326105097  0.99713320631195845  0.99728042710716736  0.99741416772380509
  0.99753336647211310  0.99764512003574235  0.99775335078729999  0.99785783755088597
  0.99795629347009251  0.99804524617628254  0.99812882453049345  0.99820728567501948
  0.99828458775255280  0.99835998006494753  0.99843296094529355  0.99850373974859474
  0.99857211825101577  0.99863621087800003  0.99869210406146713  0.99874370486573116
  0.99879257027324286  0.99883965493028770  0.99888519447060387  0.99893018067167816
  0.99897410419005472  0.99901701286752764  0.99905872393121464  0.99909909873335323
  0.99913779481249554  0.99917431629335607  0.99920969598549159  0.99924483703916078
  0.99927683580383175  0.99930862209611959  0.99933988889102598  0.99936831124370407
  0.99939590604156758  0.99942290199055228  0.99944920559338402  0.99947479751449375
  0.99950011729004429  0.99952518953775826  0.99954974862285639  0.99957400502099747
  0.99959788113435799  0.99962127324770933  0.99964412083650511  0.99966590198096950
  0.99968762093782704  0.99970935899148761  0.99973154805716924  0.99975396508181458
  0.99977662645611443  0.99979930662666550  0.99982308124175012  0.99984980130904610
  0.99987808374678722  0.99990924272047443  0.99994952639327372  1.00000000000000000
 -0.01939252377634667  0.12844093980455767  0.19921481006206407  0.23769593972958958
  0.26739282109176982  0.29057410419989499  0.30978424983488229  0.32648179372265301
  0.33999624253616845  0.35168976195393364  0.36253312457234915  0.37302003276617873
  0.38370491299703263  0.39500692651634967  0.40725002870036969  0.41975695668677432
  0.43086789552988597  0.44088637034916728  0.45012556310641094  0.45924165766528946
  0.46852613142845578  0.47673373990007273  0.48426644801010166  0.49130264430952519
  0.49788078209418113  0.50330747023681766  0.50775196861066763  0.51290788022355982
  0.51810603225110963  0.52355699153589796  0.52902417973920557  0.53424772434824042
  0.53936975761600148  0.54436284560898507  0.54910180314971457  0.55368600231569054
  0.55774210634814381  0.56253273821206384  0.56859377895009022  0.57528993739030165
  0.58189511923609327  0.58823716876696908  0.59420747401501695  0.59995917845330271
  0.60561043505714818  0.61127353410444107  0.61703523642490965  0.62289145434299831
  0.62899757107741405  0.63506136474087271  0.64123297149726666  0.64735295170068952
  0.65284891483923102  0.65806828765497849  0.66298422365816201  0.66830155936917091
  0.67378156535159028  0.67941175675588972  0.68480738265105134  0.68914789129882636
  0.69261381563964874  0.69630866446549355  0.70002431461229353  0.70351767549123334
  0.70673223807960239  0.70990613958230753  0.71329310825583248  0.71699807605693333
  0.72082262123213603  0.72471986668860156  0.72841321187239927  0.73191242423667324
  0.73548623205913832  0.73934422226054752  0.74341747911200629  0.74746227105087182
  0.75220123927974780  0.75925758511306629  0.76676744926374951  0.77375084190357568
  0.78046428254407874  0.78720844259146761  0.79401313435835841  0.80087020028048073
  0.80772574553345899  0.81454367392007732  0.82147466880922948  0.82917858863330052
  0.83843106515260835  0.84896387818265606  0.85967004735902064  0.87012857132168397
  0.88173692976280371  0.89732929918795590  0.92256247987831774  1.00000000000000000
   1.3788766452452819E-009  -1.0000000000000000     
 T T F F F F T T F F F F F F F F F F F F F F F F T T F F F F T T T T F F F F T T F F F F F F F F F F F F F F F F T T F F F F T T
  <DiscreteSampler_grid>
  grouped_processes
  1 # 1 for a reference and 2 for a running grid.
  10 # Attribute 'min_bin_probing_points' of the grid.
  1 # Attribute 'grid_mode' of the grid. 1=='default',2=='initialization'
  0.0000000000000000 # Attribute 'small_contrib_threshold' of the grid.
  0.5000000000000000 # Attribute 'damping_power' of the grid.
 # binID   n_entries weight   weight_sqr   abs_weight
    13   10   5.955762901315091E-002   2.021183450888445E-002   5.955762901315091E-002
    14   10   5.955762901315102E-002   2.021183450888445E-002   5.955762901315102E-002
    16   10   1.765057862836193E-002   1.787348118438364E-003   1.765057862836193E-002
    17   10   1.765057862836197E-002   1.787348118438365E-003   1.765057862836197E-002
  </DiscreteSampler_grid>
