  0.00131301445518071  0.01475051421359491  0.02904083211553286  0.04337424274129213
  0.05765109027030776  0.07180540066955649  0.08549966957485458  0.09854011357260074
  0.11058940271926246  0.12030711090114833  0.13216404559768111  0.14400814928795896
  0.15564718293573299  0.16596881403079647  0.17465735075248329  0.18408562755486241
  0.19398514214125148  0.20257057725513844  0.21094874547863884  0.21993958819910317
  0.23077760223756713  0.24259952861724651  0.25392784121860673  0.26475214917466194
  0.27511864575551831  0.28562872326997479  0.29979329196096166  0.31098360498732591
  0.31885400765667854  0.32603500289462539  0.33343712890334126  0.34285212362187412
  0.35341712110506107  0.36372481531083511  0.37388216450401512  0.38553891369570259
  0.39857365868117356  0.41097408666554369  0.42303303849234442  0.43476576056002852
  0.44663225616828495  0.45869397474572171  0.47168150039657142  0.48713594118163089
  0.50029879950220424  0.51122442153334990  0.52098555973851612  0.52886472416125296
  0.53554223850583138  0.54221624017818193  0.55071018391666082  0.55945310440918894
  0.56780910264538398  0.57677448484797000  0.58604966016235138  0.59586868666477155
  0.60568268844258155  0.61520627812300921  0.62460706027537960  0.63546968950567950
  0.64832104264303925  0.66243389547533449  0.67636189138440306  0.68836639904129615
  0.69997875367426898  0.71137025449274083  0.72275191823766571  0.73337288043722326
  0.74210972768103245  0.75092691667897637  0.75940373661155081  0.76765196164878513
  0.77634775445030901  0.78715093850043238  0.79915440711790031  0.81200761826391565
  0.82557561312322780  0.83995126986905633  0.85256781290153305  0.86115725703989399
  0.86813746866157981  0.87582060257391758  0.88251971261115525  0.88985215211587987
  0.89759117075630412  0.90483925688677214  0.91220239955423310  0.92129492357475851
  0.93426451360911766  0.94489990848011218  0.95471521551146787  0.96567800495027933
  0.97657995696430300  0.98524388575520838  0.99252644243292854  1.00000000000000000
 -0.00004165630628734  0.00097566233167316  0.00353073951868235  0.00682518084818596
  0.01180156186244468  0.01686290826780545  0.02216845408036799  0.02864995542161401
  0.03581512728193240  0.04323590685291644  0.05095404991238558  0.05970988111299970
  0.06951162544144485  0.07958305576373184  0.08980653103937206  0.09954877061750113
  0.10777225636650077  0.11428879619329552  0.12019616088887193  0.12630784296430903
  0.13374997543753253  0.14241060522303167  0.15287346299963978  0.16472619427513260
  0.17559086743059754  0.18564468501963916  0.19530940023221155  0.20482677908129371
  0.21457043732598285  0.22490446399614977  0.23610196577349585  0.24783437997047489
  0.26004653855434362  0.27312100831709851  0.28676513504472878  0.29970301346757094
  0.31242311674032952  0.32526644419069212  0.33841366241387455  0.35224738100398623
  0.36708882286746264  0.38208985221838021  0.39533743457962472  0.40725995065551468
  0.41811732429931892  0.42754099723667965  0.43650172181376473  0.44497427733173817
  0.45352956457454202  0.46267969909367807  0.47148790794186407  0.47973066749293658
  0.48857063388522542  0.49772352459307861  0.50685522143125372  0.51588325702797166
  0.52496987754441360  0.53467201007712162  0.54475327377959704  0.55481466848064154
  0.56462850398554176  0.57431094604524757  0.58390597490947760  0.59369929271726962
  0.60391966893280502  0.61456289471586600  0.62540038206186810  0.63599426300664463
  0.64612546302867535  0.65593394664623206  0.66519834990550053  0.67482716263879128
  0.68609439958550822  0.70081229416315360  0.71418320319344786  0.72831549357374381
  0.74316985947441105  0.75841739898638627  0.77373966324946475  0.78582951769273113
  0.79751688783538743  0.80936423186267625  0.82181474324786197  0.83414821877910761
  0.84662137156025008  0.86005547208080646  0.87358878789360439  0.88632551155775374
  0.89891633210602617  0.91179380958703748  0.92568343506085138  0.94000137290451780
  0.95453822525605736  0.96933466278582636  0.98448776234388613  1.00000000000000000
 -0.00360438567907072  0.01112060124615382  0.02382351162150888  0.03530554218270942
  0.04564770130062103  0.05462279843514881  0.06270719488862901  0.07035510344237902
  0.07693136576415267  0.08391696033596045  0.09075813665764362  0.09872814484203536
  0.10913371080933264  0.12090852243519211  0.13333333666958036  0.14583942411892109
  0.15870438715341076  0.17127921204966912  0.18340420919761086  0.19634829167218507
  0.20815222219623780  0.21565931874340144  0.22313317737258781  0.22950934510341262
  0.23579149833397794  0.24286682612218316  0.24971450072448947  0.25689171633720365
  0.26432451108848298  0.27252382884700915  0.28159306602984197  0.29187458484226264
  0.30434667582794905  0.31813601833512101  0.33239041909619815  0.34643724217399841
  0.35997150108457443  0.37335777952893362  0.38552713420105333  0.39730071693458702
  0.40928503657723103  0.42141427746655219  0.43338463007023842  0.44527900546404703
  0.45748390562802355  0.47036404401143311  0.48264415559948060  0.49217023990415987
  0.50031822553955818  0.50748622086662631  0.51519808617466534  0.52384737877017540
  0.53147149432863594  0.53830958366993298  0.54556312277516938  0.55302742709749575
  0.56070733938465289  0.57047567075151628  0.58164884791713223  0.59188197578628543
  0.60125121899647849  0.61025654612934788  0.61917412058566090  0.62833259689001297
  0.63836804120872803  0.65028065958196046  0.66261313743221095  0.67422411965166884
  0.68538068395859053  0.69702069265384403  0.70919664866516696  0.72060201095557308
  0.73133756316005272  0.74286388816125282  0.75417004654776076  0.76541717583448587
  0.77818653313292629  0.79184779241336067  0.80587835894901172  0.81849939800319094
  0.83051779128041947  0.84251431709385727  0.85341743334853915  0.86356519043652424
  0.87396158368038346  0.88418859034637565  0.89391334175076809  0.90360440607919934
  0.91386025995872933  0.92463057899827517  0.93550677099765467  0.94664976402687917
  0.95823391910277445  0.97008296530972726  0.98293530461129519  1.00000000000000000
 -0.00261889486597862  0.00933293819188792  0.02087318071083246  0.03175062331891994
  0.04165301687062835  0.04998491133885878  0.05696873336433662  0.06408849454824810
  0.07141723523361498  0.07908225029027635  0.08688445540039473  0.09474946145855738
  0.10304782977844007  0.11223383105768828  0.12208465603150494  0.13228927414965999
  0.14289611521571027  0.15552885773833519  0.16802410647795921  0.18061803599793202
  0.19367795888246753  0.20525653819432532  0.21389956478605698  0.22148996496950327
  0.22830294240293292  0.23548971617801470  0.24344256731625674  0.25133865367465141
  0.26008884477838334  0.26800460268373627  0.27608686376959191  0.28623092880270501
  0.29769651300199262  0.30898172430997889  0.32077676904530222  0.33379454260826658
  0.34749583230241626  0.36074285157685021  0.37307014731694749  0.38587528259501741
  0.39746008858141851  0.40791447456922364  0.41913171020761925  0.43151152727580455
  0.44462231748155584  0.45661452500341809  0.46956425255911632  0.48287916119389213
  0.49631221656539143  0.51084695884921050  0.52623282286020912  0.54011315846971808
  0.55021280087015900  0.56141231393836666  0.57451027156588952  0.58681425883545346
  0.59866998984101572  0.61190813131031319  0.62529667421061164  0.63647772499869182
  0.64702887519602936  0.65707149718344360  0.66753785351577133  0.67764378090563404
  0.68638213264323367  0.69663231671961556  0.70842353662739876  0.72080371270865784
  0.73468671425762133  0.74769969277378545  0.75864374420800884  0.76875614542525039
  0.77865772670892563  0.78817952794637647  0.79870149077801234  0.81057435301410730
  0.82298999168126652  0.83479395891548214  0.84800744373622294  0.85909643684606041
  0.86891942815765111  0.87884383427335500  0.88859677608187004  0.89746826498922805
  0.90544702404281485  0.91360686242634037  0.92333221644920038  0.93371715113937959
  0.94198310653710204  0.94968401394252222  0.95713533750492241  0.96435476340725346
  0.97124942504493816  0.97932434202815832  0.98957433738219347  1.00000000000000000
 -0.00442006988397578  0.01251478654367313  0.02715722092948449  0.03994701087715077
  0.05120141898892361  0.06148945237952066  0.07127431296807665  0.08114894524176815
  0.09019426007700168  0.09873185164933809  0.10849697982080019  0.11900024730526756
  0.12975137293000874  0.14091447351203606  0.15211573780424295  0.16304955082034589
  0.17407632775987639  0.18516626811129758  0.19618378097429590  0.20663798365017161
  0.21521222380493538  0.22282688888295987  0.23097841998746760  0.23855416033485927
  0.24600747947778434  0.25332822680237072  0.26236837374009586  0.27279989122742598
  0.28687485791994632  0.29951330448886521  0.31124560186893224  0.32260631287352265
  0.33352252080419920  0.34342264557007529  0.35299285474710501  0.36219259149671890
  0.37216023528971198  0.38246824793666817  0.39399703013308657  0.40537859264229759
  0.41640274058825749  0.42581005690934626  0.43432283600443489  0.44302468648650356
  0.45194484867177970  0.46139734395292026  0.47094288290290404  0.48032623327025226
  0.49135894447990047  0.50360892174524874  0.51596268985725158  0.52503451883575136
  0.53204506453130151  0.53912663425653162  0.54754140511832783  0.55739135932010686
  0.56718679459110544  0.57693467665857756  0.58540430272184896  0.59789187631847018
  0.60983167830648422  0.62139461024615072  0.63335479113478776  0.64528745598073967
  0.65668872488306207  0.66792330103909103  0.67997310489968832  0.69239050302880545
  0.70416218387105312  0.71570232742182405  0.72712635734346065  0.73786710822212398
  0.74822715417626884  0.75848550040545148  0.76950676475264890  0.78140362403866570
  0.79431754212499395  0.80763033655310834  0.82029947988587060  0.83168095209862469
  0.83943195456335551  0.84740649154046799  0.85576147066739239  0.86365455850266148
  0.87187048000982592  0.88067575932500686  0.88861817848488878  0.89757118153223603
  0.91067894267938787  0.92593252329093934  0.94020621306225050  0.95299192242731734
  0.96503920399369392  0.97608163096557754  0.98657258652847490  1.00000000000000000
 -0.04106912405025839  0.82860320172177293  0.91367728656768377  0.94437705191638321
  0.95875422746013050  0.96373915831498624  0.96807303996039318  0.97174601811841632
  0.97483003286381809  0.97759684490977405  0.97990906501501651  0.98175844140927071
  0.98343803475697700  0.98493333825061502  0.98625875296444088  0.98744873904289898
  0.98851906918551136  0.98945996754952370  0.99031670980991937  0.99108497835472797
  0.99177777909058917  0.99239636830218014  0.99295627626871574  0.99346149668397477
  0.99391350405152190  0.99433643307708985  0.99470956505869568  0.99506015267309544
  0.99537141513210736  0.99566030312468379  0.99592682852513870  0.99616568818218065
  0.99639927011109020  0.99659981300761735  0.99679203958562979  0.99697491444570430
  0.99715246011562697  0.99730095372694572  0.99743420417111961  0.99756212001733335
  0.99768341195224697  0.99779775071993193  0.99790397205702086  0.99800421452499755
  0.99809714663246552  0.99818621811918795  0.99827243300945978  0.99835566524684050
  0.99843562024143762  0.99851245390501941  0.99857879108872560  0.99863961840612125
  0.99869423099987897  0.99874458300294000  0.99879384996417642  0.99884180404406031
  0.99888738184749071  0.99893117056186265  0.99897347602084319  0.99901417706282480
  0.99905287734561954  0.99909100235311188  0.99912833929044598  0.99916538519803322
  0.99920235114501388  0.99923740639828529  0.99927190497433771  0.99930385157415569
  0.99933209601614836  0.99936023762385939  0.99938701990591461  0.99941295676885744
  0.99943903734214690  0.99946446005823797  0.99948973140179964  0.99951510237625985
  0.99953896937251607  0.99956221840419923  0.99958493381044422  0.99960674717266962
  0.99962805745451222  0.99964886959896004  0.99966975171374861  0.99969036691413660
  0.99971069246088273  0.99973084768996223  0.99975109666590589  0.99977145140283086
  0.99979249223191125  0.99981335047178110  0.99983395473838221  0.99985813355306830
  0.99988389432188574  0.99991151118416011  0.99995102685989756  1.00000000000000000
 -0.02042426364901618  0.12965707452559364  0.18391906078389553  0.21620435325538193
  0.24639357709418455  0.27370545216621306  0.29500950357557953  0.31321023094618439
  0.33048576234324484  0.34754565823174094  0.36420530608593005  0.37957880049439335
  0.39379642499936679  0.40690236793385309  0.41831622666515783  0.42852883973539141
  0.43862453371278570  0.44865189808582934  0.45860848257327524  0.46865753091780993
  0.47838438108654169  0.48753923710655928  0.49543093054652426  0.50206971624221952
  0.50768327470372554  0.51301877536603546  0.51883093036067518  0.52476030162198628
  0.53043513411643317  0.53582508341015855  0.54113177490417064  0.54626398372699425
  0.55087013205852364  0.55524095171794419  0.55920420876278543  0.56374022054783968
  0.56870142184039574  0.57370965701725141  0.57912476087343645  0.58471873950847431
  0.59016727611592779  0.59534509304882133  0.60035732714015522  0.60541527820809082
  0.61068215525543534  0.61616489369807481  0.62166812931550675  0.62711975531416098
  0.63245611941992508  0.63801754506957331  0.64380151767481064  0.64966424822248126
  0.65551255901846239  0.66127535067151622  0.66729748487455343  0.67353454896078035
  0.67996342864950821  0.68653934377878600  0.69317102431763056  0.69844821030176740
  0.70390325929367170  0.70886376115226357  0.71325318003399307  0.71746588096005981
  0.72135343940237340  0.72498201589098032  0.72855881253402843  0.73209922108951897
  0.73564669290712070  0.73937276841172839  0.74363008294483535  0.74780174541026023
  0.75148755687739033  0.75523483216471832  0.75936821910700203  0.76353167510649023
  0.76736070806423040  0.77157753489007375  0.77677313593321606  0.78231991096251841
  0.78803431612042818  0.79373411368483004  0.79939635151189947  0.80512327421166863
  0.81093496681570310  0.81846169167123850  0.82717269613725752  0.83548228521863044
  0.84152539557561123  0.84965233540879415  0.85929421928881744  0.86889290008118358
  0.87895100313176910  0.89275114697570912  0.92278824878132149  1.00000000000000000
   9.1691447380052623E-009  -1.0000000000000000     
 T T F F F F T T F F F F F F F F F F F F F F F F T T F F F F T T T T F F F F T T F F F F F F F F F F F F F F F F T T F F F F T T
  <DiscreteSampler_grid>
  grouped_processes
  1 # 1 for a reference and 2 for a running grid.
  10 # Attribute 'min_bin_probing_points' of the grid.
  1 # Attribute 'grid_mode' of the grid. 1=='default',2=='initialization'
  0.0000000000000000 # Attribute 'small_contrib_threshold' of the grid.
  0.5000000000000000 # Attribute 'damping_power' of the grid.
 # binID   n_entries weight   weight_sqr   abs_weight
    13   10   2.381655988635074E+000   3.969944139802300E+001   2.381655988635074E+000
    14   10   2.381655988635077E+000   3.969944139802313E+001   2.381655988635077E+000
    16   10   3.681434295615703E-001   9.484213624967095E-001   3.681434295615703E-001
    17   10   3.681434295615708E-001   9.484213624967126E-001   3.681434295615708E-001
  </DiscreteSampler_grid>
