  0.00131345337381905  0.01595361515895830  0.02960072076162008  0.04312297705010604
  0.05590152813869782  0.06765260109680135  0.07897113976283358  0.09062470258075253
  0.10271094128691975  0.11496375374791498  0.12711295749167426  0.13834367628017330
  0.14814089642410927  0.15701334802546602  0.16583989313363257  0.17477185777412860
  0.18441221352641371  0.19564870474545171  0.20802717270484208  0.22104529075049348
  0.23153479788032569  0.23901611914438470  0.24669072166084258  0.25484576518102364
  0.26298720244560075  0.27022239089552552  0.27568986091762721  0.28102998081703567
  0.28773138508371726  0.29694471872877992  0.30758139459655987  0.31805699558095440
  0.32803324014567115  0.33767791739486780  0.34676808644820845  0.35635130899807443
  0.36677129460848451  0.37772780655816174  0.38993507321383775  0.40314213579653413
  0.41629890490116583  0.42894694198521921  0.44158051768733264  0.45456184603874139
  0.46653576934240504  0.47784369507934366  0.48861460163323511  0.49976345447451104
  0.51232177270638513  0.52456450631571705  0.53543127902704180  0.54633534742947998
  0.55870728542801373  0.57156096169750936  0.58347299431273125  0.59451628954298874
  0.60518829084716919  0.61591434075066942  0.62676588392463051  0.63763770194382263
  0.64905193481434009  0.66107949369639052  0.67341489674802457  0.68558220126880220
  0.69676747357394087  0.70731116755803392  0.71749595134171740  0.72727989304453278
  0.73715729307335687  0.74761956569697852  0.75822095255481137  0.76789661231146056
  0.77706958160263995  0.78673369713889307  0.79786514628677341  0.80917065773800745
  0.81987323808104628  0.83008008320117777  0.84084910721237105  0.85258219483908104
  0.86401270939714958  0.87434654034522385  0.88395404566995583  0.89360349804851635
  0.90431472605679708  0.91549496377022477  0.92556819838848081  0.93437407436421238
  0.94392315039151709  0.95357769253046054  0.96231732764781563  0.97080716757453334
  0.97950880820051178  0.98870766485550654  0.99173467265173776  1.00000000000000000
 -0.00003629685254288  0.00082652907629268  0.00307979331621438  0.00648194533649382
  0.00972194568464508  0.01480041920150995  0.02054520277279593  0.02576641679670247
  0.03104604343027096  0.03803817523409525  0.04629593385671715  0.05441966435508577
  0.06234396005162778  0.07017622174799601  0.07823267291610971  0.08631222313603407
  0.09559147280674687  0.10412581514473880  0.11381840843880943  0.12297731165954733
  0.13360559344602138  0.14443011034561348  0.15373899509120456  0.16201078090221260
  0.17046053489764856  0.17934471362373722  0.18871759379341183  0.19846780819308943
  0.20832541146301725  0.21911059678766051  0.23099908851367723  0.24339928200927952
  0.25596313950464439  0.26792149530435433  0.27971726361716642  0.29207079011178450
  0.30454480290378716  0.31651822508572930  0.32781630325094119  0.33877005003741667
  0.35002173534413539  0.36144643919858116  0.37119625050333693  0.38095175109764290
  0.39132776238812778  0.40148648327158998  0.41023451444365483  0.41801892212664371
  0.42762659992249408  0.43788906793418858  0.44750445465319705  0.45673783088803466
  0.46624570422617834  0.47592073350543351  0.48519620243969358  0.49387501720987226
  0.50221598170435733  0.51036498595734137  0.51896810360881529  0.52844689424008007
  0.53855781819672233  0.54876866320069606  0.55897206142688760  0.56969157225164746
  0.58138024684226952  0.59178834594412399  0.60204847319001109  0.61366864031666513
  0.62615712315757899  0.63885160678739483  0.65106488743215418  0.66244556917519748
  0.67345165271635565  0.68473887588076532  0.69642259962858688  0.70858409492086494
  0.72111970320454244  0.73415399862175856  0.74696712097875273  0.76043350253903719
  0.77428861078671640  0.78845607438271481  0.80320012004406738  0.81903140185705070
  0.83468626184282624  0.84993265435938492  0.86458406124266063  0.87886857191328072
  0.89314478425116217  0.90755324865457054  0.92239960287795841  0.93760474700084628
  0.95312212344825298  0.96875474668995409  0.98437362374796344  1.00000000000000000
 -0.00224348249590012  0.00887656829146810  0.01849371333771785  0.02903025603217288
  0.04096044058022293  0.05503502441868340  0.06545771576259156  0.07303690477606475
  0.07933685218690384  0.08552856513060111  0.09209412788276126  0.09948410135623757
  0.10709449565229423  0.11377181869804150  0.12022073269947947  0.12800112160032789
  0.13813657730350251  0.14890503528522606  0.16034226842668009  0.17293598189900641
  0.18661701087230406  0.20093741538997553  0.21484774266844156  0.22559931649643861
  0.23645520936601708  0.24677565863591261  0.25697751475375025  0.26715920929289882
  0.27736262088713320  0.28849703390144033  0.29935419691349385  0.30937856410093217
  0.31965493778177456  0.33073630633904871  0.34238251485462068  0.35389895762871237
  0.36475207087749123  0.37555506802691524  0.38697631144339723  0.39828366073164828
  0.40911677138971919  0.41990104614718377  0.42988928355439421  0.43974012771769316
  0.44935361951154007  0.45783992474338220  0.46571236078910033  0.47363445514626806
  0.48356797981730382  0.49482145671433581  0.50426894640860886  0.51309303382952487
  0.52168408855210835  0.53012766984568627  0.53869478607611598  0.54783098119257456
  0.55748757169041152  0.56868677233576470  0.58156266958808134  0.59522210023992417
  0.60852460946280695  0.62162587682101877  0.63303132260648964  0.64345378792859564
  0.65380473563563357  0.66235890576528278  0.67058350756138485  0.67956021048515813
  0.68977903301312971  0.70070254585905767  0.71248613071624611  0.72496340829894457
  0.73858530281233437  0.75062195949153854  0.75998042746351957  0.77020602738941546
  0.77944660369906671  0.78791870225156579  0.79638879280223429  0.80594637593019491
  0.81515114160110969  0.82446097155589715  0.83526525084208092  0.84657203111214951
  0.85877908160387706  0.87187733652726251  0.88380444732339336  0.89499300066894516
  0.90644861348098560  0.91771850688537027  0.92919841222343580  0.94132368652754617
  0.95432321328039726  0.96870866128647548  0.98430541034169272  1.00000000000000000
 -0.00258777451909072  0.00821937386982275  0.01870526807490587  0.02865126330443066
  0.03801863824365596  0.04696805445934833  0.05520415122140292  0.06324686650910703
  0.06997424504463380  0.07684514684034011  0.08368061875840153  0.09047257362579227
  0.09769435278166762  0.10552381421661368  0.11456489344848940  0.12492050628350471
  0.13488880838254358  0.14426066110417562  0.15397565168554539  0.16430917481783064
  0.17491293223756471  0.18601663697004642  0.19859561629986111  0.21183099477522502
  0.22391183366648948  0.23595168684478543  0.24846895019473630  0.26022470382689017
  0.27128121412063899  0.28244529494751863  0.29316889594443646  0.30369530169628745
  0.31462589110840367  0.32595308392509548  0.33830697983888480  0.35111499451598199
  0.36392485348795833  0.37586168399705222  0.38796479294741765  0.40021505531091994
  0.41175465317229537  0.42345722715893408  0.43519515102758882  0.44579439305636126
  0.45616289765503903  0.46801920507138500  0.47987773273601170  0.49138863861042315
  0.50378173499556178  0.51799995264065979  0.53319293567567094  0.54830945452225222
  0.56381909055616108  0.58015532481637122  0.59598810556550830  0.60955920838138433
  0.62099082848477682  0.63263172842621418  0.64439779576206324  0.65545124898098106
  0.66616840341086569  0.67813056841001340  0.69101904866028063  0.70412446933308681
  0.71660110154711820  0.72743815018451219  0.73550124468786904  0.74310052722464204
  0.75071676468359838  0.75756643709114757  0.76411802138802343  0.77074512828138186
  0.77702261832436592  0.78327626656784255  0.78968263298020791  0.79898561297322512
  0.81069786371672037  0.82220457508697342  0.83369865784271524  0.84624614314893376
  0.85929068757745120  0.87125969131734893  0.88114989409019395  0.89018632985538770
  0.89929890296243287  0.90844717052164425  0.91760760840837874  0.92684815118070307
  0.93593342168569993  0.94544674367648995  0.95460272897843346  0.96225648307422362
  0.97032727059177626  0.97948386203730842  0.98945237657127927  1.00000000000000000
 -0.00218921168686243  0.00907859218288592  0.01837802790791797  0.02751477579683546
  0.03609070674089655  0.04495024736596510  0.05348117912529288  0.06174788022596765
  0.07020214458736669  0.07935113030667239  0.08911146748898570  0.09917444053537491
  0.10921528616542213  0.11975381159482519  0.13123973122548624  0.14351642545849069
  0.15714214834473578  0.17254778111743244  0.18712153927018851  0.19607419980023869
  0.20523124244158594  0.21456633677541201  0.22352146130695102  0.23141920879219671
  0.23923850494764118  0.24654469690469608  0.25464089326259154  0.26424692642447689
  0.27402659072109187  0.28535241626400876  0.29888803574596284  0.31361488886103189
  0.32806440718428642  0.34107978306164294  0.35211613654798424  0.36321833219596933
  0.37385481604619270  0.38421868948563670  0.39412733959797841  0.40443633329041612
  0.41481477565308278  0.42248805853050247  0.42969241712735229  0.43571392529807357
  0.44107936596777075  0.44786515562024248  0.45587076726153208  0.46365844081144236
  0.47121087527932809  0.47931081551437393  0.48921468804140394  0.50029444303119341
  0.51119145969971636  0.52319981232041712  0.53684560905078271  0.55089490211110526
  0.56367941082885165  0.57457387715655739  0.58460032100667048  0.59355924246420233
  0.60301425055095270  0.61182717727696634  0.62136821047171265  0.63280570024514082
  0.64532926970725246  0.65550427248584531  0.66337540018917363  0.67162990194806405
  0.68009344348777656  0.68937939914696789  0.69879917157018845  0.70956713105962266
  0.72275441939499518  0.73682508416168735  0.75107147448378231  0.76551664566022248
  0.77915929492704639  0.79140557066625772  0.80312629689055681  0.81469228057275334
  0.82607512031456620  0.83715928369289450  0.84817309680338715  0.85934048778798655
  0.87087909405300579  0.88196622350302623  0.89223192258302153  0.90373540645839734
  0.91729029568491693  0.93055622505920665  0.94209040593393267  0.95361338420040775
  0.96495531902322840  0.97570182804910155  0.98611412378250307  1.00000000000000000
 -0.07305926731368785  0.83504620796009499  0.90998218400640807  0.94052359355761528
  0.95720682260180590  0.96268090340417489  0.96683645119367789  0.97052654774981140
  0.97362902992255218  0.97631128362882214  0.97873367180620019  0.98068978346225522
  0.98241704131033170  0.98396837426694139  0.98536858495427770  0.98661853735537164
  0.98768544699894090  0.98864667542026230  0.98953197029474815  0.99033515027040131
  0.99108155351909522  0.99178225091933436  0.99241509082408841  0.99297590626600951
  0.99347271387227709  0.99392373563717584  0.99433556153029845  0.99471343899509468
  0.99504993614677029  0.99535563370856894  0.99562631373355726  0.99587749546048665
  0.99611263744425826  0.99633276450933861  0.99654533100792797  0.99673985181008851
  0.99691658380721249  0.99708220877793974  0.99724099002806987  0.99738951623534344
  0.99752156343407328  0.99765015146325942  0.99777322043746974  0.99789576205819297
  0.99800482844241623  0.99809542300737297  0.99817543415270049  0.99825518837238203
  0.99833107835865387  0.99840268124672926  0.99847047567780445  0.99853646155077258
  0.99860134490924490  0.99866349520809661  0.99871744875725943  0.99876534317335486
  0.99881319611848229  0.99886062732971514  0.99890726586476353  0.99895285524800859
  0.99899560722529368  0.99903735453504738  0.99907740852888927  0.99911528486699630
  0.99915346507209779  0.99919011850893225  0.99922596611971803  0.99926175444963716
  0.99929384718703129  0.99932590768907748  0.99935768091507049  0.99938544259843254
  0.99941281761446632  0.99943968931162330  0.99946589468453728  0.99949134784899651
  0.99951638107068996  0.99954101269722495  0.99956535803400681  0.99958940331927681
  0.99961302797159424  0.99963542895769864  0.99965751614389520  0.99967926398623652
  0.99970007384866522  0.99972084400293793  0.99974159230773119  0.99976235411105241
  0.99978343356869759  0.99980478590398891  0.99982650480229129  0.99985112981641544
  0.99987858927361561  0.99990902899787026  0.99994915970899845  1.00000000000000000
 -0.02230234370996764  0.12972433498023545  0.18877947719410204  0.22298456395720576
  0.25126694377875120  0.27638198009532700  0.29947853933758123  0.31924286714957528
  0.33695867000070101  0.35351147415555118  0.36789021140674288  0.37924445286359770
  0.38821107842644637  0.39570675510675807  0.40278845672651931  0.40973713767388836
  0.41721491548431944  0.42524474355566189  0.43320605153864045  0.44178527749344032
  0.45093524027665471  0.46032457690109579  0.46968800402441457  0.47881929536123846
  0.48677190482302707  0.49418427486393751  0.50120366516910220  0.50791018951221034
  0.51436471373079584  0.52035418847800996  0.52651073778630053  0.53237047256152847
  0.53829298749198939  0.54446662536217982  0.55060631682662498  0.55646711207914912
  0.56212597617976512  0.56781641880964362  0.57352499328132733  0.57937812211478634
  0.58511166745292909  0.59069057248119583  0.59613496938415456  0.60141770750433143
  0.60647276216046786  0.61113973023557167  0.61594305447119357  0.62075764809291245
  0.62561525862410794  0.63069894257777781  0.63671124017267189  0.64309944557577570
  0.64871979400533497  0.65381355180202194  0.65863676954906614  0.66341446812308402
  0.66835571250522208  0.67357273695766828  0.67910034071374481  0.68472595755954280
  0.69010236118901580  0.69498316053182052  0.69945945663749698  0.70419860092986175
  0.70858326801650262  0.71253170540142552  0.71649590029492272  0.72045883041601999
  0.72446601290647705  0.72844520994976036  0.73241833304132575  0.73654043357403032
  0.74118313326800722  0.74584436754845596  0.75024068233861174  0.75464785945772139
  0.75932928617934847  0.76414992793772107  0.76913174183930300  0.77508427401492097
  0.78212867594112967  0.78956665470745102  0.79744533289172437  0.80600577339006574
  0.81414667843314859  0.82111859914418250  0.82861338185080358  0.83539305954197607
  0.84273647873611457  0.85152993454062242  0.86039811408168998  0.87018218452094831
  0.88146210384310841  0.89504407281433429  0.92422256573083650  1.00000000000000000
   7.7414558055042523E-010  -1.0000000000000000     
 T T F F F F T T F F F F F F F F F F F F F F F F T T F F F F T T T T F F F F T T F F F F F F F F F F F F F F F F T T F F F F T T
  <DiscreteSampler_grid>
  grouped_processes
  1 # 1 for a reference and 2 for a running grid.
  10 # Attribute 'min_bin_probing_points' of the grid.
  1 # Attribute 'grid_mode' of the grid. 1=='default',2=='initialization'
  0.0000000000000000 # Attribute 'small_contrib_threshold' of the grid.
  0.5000000000000000 # Attribute 'damping_power' of the grid.
 # binID   n_entries weight   weight_sqr   abs_weight
    13   10   9.058659094584403E+000   5.522532090812620E+002   9.058659094584403E+000
    14   10   9.058659094584424E+000   5.522532090812643E+002   9.058659094584424E+000
    16   10   1.375690979151200E+001   1.273559607294237E+003   1.375690979151200E+001
    17   10   1.375690979151203E+001   1.273559607294241E+003   1.375690979151203E+001
  </DiscreteSampler_grid>
