  0.00100768126235404  0.02216263849744519  0.03828490188060676  0.05115805337181856
  0.06336553519674083  0.07538093124597325  0.08724287817073548  0.09903086489969448
  0.11079762285194743  0.12262324142237448  0.13443898632100873  0.14609894427427011
  0.15750722872835599  0.16883934883562254  0.18015459673794862  0.19137392069133852
  0.20245415971033059  0.21337655911838760  0.22417561843226338  0.23498844876925698
  0.24592118979342298  0.25692316317583941  0.26792896579083703  0.27908114860704591
  0.29030300635610845  0.30132460634247771  0.31221778395197503  0.32318540897359121
  0.33426978128702151  0.34540209585014098  0.35645669142708913  0.36745595389265928
  0.37835235318099741  0.38907686784274942  0.39966585592072312  0.41020197448642443
  0.42086150546565038  0.43164804849373034  0.44236440949106648  0.45303309706412231
  0.46379891695316922  0.47465699654076704  0.48549329663155144  0.49633812544486067
  0.50723578776633793  0.51808208526334043  0.52871202386846983  0.53905049768824809
  0.54918369676128409  0.55923245729304727  0.56952037439622338  0.58005995705643776
  0.59071035750680012  0.60128183721048745  0.61177484352263167  0.62229152816962841
  0.63274410073548015  0.64304306466691441  0.65307648499811011  0.66311287829984200
  0.67346837535313864  0.68390365047748380  0.69406676976213366  0.70404627085581539
  0.71413039344412454  0.72442910289739826  0.73466761078450349  0.74491556183072705
  0.75518470608022648  0.76553192465596998  0.77605464103673316  0.78671140840259235
  0.79739209965553559  0.80799653045511133  0.81838079535768538  0.82848055999173920
  0.83840996545159030  0.84811465549856679  0.85786198525441559  0.86772934441522753
  0.87764724369313996  0.88767611724766282  0.89707970906357704  0.90588425563166142
  0.91452690470744558  0.92325825002852435  0.93228225356581196  0.94131706755719891
  0.95006605178980541  0.95840356887128197  0.96629651681573991  0.97370851624980703
  0.98050354190050915  0.98671848116425975  0.99248472706312929  1.00000000000000000
  0.00000058394986563  0.00000072821647164  0.00000082837568105  0.00000089599432361
  0.00000095833845688  0.00000102783815026  0.00000110048137713  0.00000117525058836
  0.00000125451841021  0.00000133643721176  0.00000142224538453  0.00000151201647262
  0.00000160426388959  0.00000170314913750  0.00000180561647001  0.00000191068849532
  0.00000202092720646  0.00000213443971091  0.00000225120933708  0.00000237691348146
  0.00000250287791572  0.00000263391505911  0.00000276985734928  0.00000291435164929
  0.00000306087440056  0.00000321893013401  0.00000338343373772  0.00000355223112923
  0.00000372776990278  0.00000391231384227  0.00000410371060110  0.00000429771936782
  0.00000450420343627  0.00000472065299279  0.00000494395203577  0.00000517714563547
  0.00000542831325650  0.00000569359951790  0.00000596332020494  0.00000625497846873
  0.00000656669268691  0.00000689120990847  0.00000723258775806  0.00000759661955338
  0.00000797808703670  0.00000837598100698  0.00000880994526704  0.00000929386805676
  0.00000978844688572  0.00001033598385348  0.00001092930905664  0.00001156454333319
  0.00001225780466075  0.00001302177583637  0.00001384743113196  0.00001475789435850
  0.00001574638779151  0.00001682237971429  0.00001800112524873  0.00001926339209612
  0.00002066495259732  0.00002224143237974  0.00002395581437200  0.00002595551603149
  0.00002814851493983  0.00003070396008338  0.00003353219442997  0.00003664638848853
  0.00004018983802900  0.00004421210071222  0.00004900368673331  0.00005442524228793
  0.00006056344327914  0.00006773554708895  0.00007576164795880  0.00008488281062523
  0.00009548378562519  0.00010761051700972  0.00012195398893567  0.00013947276285524
  0.00015975726035153  0.00018211488382218  0.00020780569136209  0.00024013752988719
  0.00028424010036725  0.00033407363192822  0.00039822313125942  0.00048699363279514
  0.00064106297533501  0.00083939755890575  0.00108365620052111  0.00140527732212915
  0.00188406103159043  0.00219634388611804  0.02807931534267469  1.00000000000000000
 -0.00150833278042726  0.00568463719419211  0.01252838590167833  0.01942598143513819
  0.02646599479674654  0.03357434716150362  0.04066088256346069  0.04763954418728344
  0.05455135119073259  0.06148022193448400  0.06866173287879927  0.07601213197711887
  0.08346820010679433  0.09109416219519016  0.09888584750152919  0.10684907745967860
  0.11492425055866559  0.12293906143878600  0.13078407023518826  0.13862589078719367
  0.14682831897832249  0.15555118139678481  0.16457130091816130  0.17357530292710296
  0.18251150657805718  0.19161630809079275  0.20100933883710226  0.21055843277349270
  0.22007904175845441  0.22957058889514992  0.23932264263562605  0.24937155416764789
  0.25953929517452989  0.26960318200168737  0.27931228475920838  0.28890619821832414
  0.29877308940773545  0.30943061931541577  0.32090412077096764  0.33262397615940581
  0.34439197887436052  0.35619918146842555  0.36808470144117500  0.38003713937331812
  0.39200471874614107  0.40393588775544603  0.41615230915100349  0.42884205764479216
  0.44179185669349519  0.45468150479278030  0.46746190001400029  0.48041910102496471
  0.49384613128838639  0.50699469254133245  0.51981322966295795  0.53262534958951913
  0.54567423690229577  0.55896307228753883  0.57240412497999238  0.58595082642646168
  0.59961163172961662  0.61316073570612484  0.62635727236254601  0.63954186050473527
  0.65282796556853429  0.66630778880815034  0.67969479597336979  0.69274559097431432
  0.70546290802006306  0.71816750404595264  0.73095527341240363  0.74390501690355915
  0.75637438484176900  0.76845426430373753  0.78040254274496423  0.79246257228767147
  0.80401241598176354  0.81565370802717851  0.82748070256011919  0.83882464901609388
  0.84980701836506789  0.86054064415186227  0.87131589432660506  0.88206025321225290
  0.89274869884447539  0.90334103609329208  0.91374234995077641  0.92394862500818820
  0.93384020267123036  0.94385421199176445  0.95378287457594813  0.96336636543481624
  0.97258191130018912  0.98171473069023396  0.99094768870757255  1.00000000000000000
 -0.00242523839738682  0.00932790669010490  0.01973092333392110  0.03044402269889903
  0.04111122680341898  0.05169830918012901  0.06240071290798113  0.07300487902881017
  0.08362869493979830  0.09423595374738081  0.10487192164141962  0.11540266965268769
  0.12596323722630773  0.13638035177292707  0.14666526536988886  0.15700726962546829
  0.16735752891120839  0.17764028539846621  0.18829714113056004  0.19911496838411644
  0.21005113182647100  0.22031695963628944  0.23060680162063410  0.24095425158846240
  0.25145519059213189  0.26221257250442503  0.27288831359500865  0.28395405778668448
  0.29460286408397601  0.30524575105681767  0.31461349885946244  0.32387855821650863
  0.33337373351521699  0.34327157707470446  0.35316968620107142  0.36314173301664682
  0.37327836310036683  0.38381286390291330  0.39442701722254747  0.40524839666300760
  0.41612488426618943  0.42675116505807736  0.43730616698559716  0.44780377889862016
  0.45842465331043569  0.46913006722753320  0.47991303204452884  0.49097970797935270
  0.50212385375890822  0.51334191197917622  0.52450068514911230  0.53538212033595545
  0.54593420250066849  0.55636791630997029  0.56685576199841325  0.57751445255774847
  0.58814695921441418  0.59868835650151941  0.60924230574654292  0.61986823632966881
  0.63067714078520276  0.64140013263379170  0.65190468204006125  0.66231761593965144
  0.67286951146777263  0.68361807271907027  0.69421278385784024  0.70464894071099649
  0.71511731689429636  0.72560856947759345  0.73614923344958871  0.74674767691988375
  0.75731220714428693  0.76781973377755974  0.77832069242456714  0.78907712077728298
  0.79973001921616360  0.81022716551242269  0.82029424630191983  0.83030708301926937
  0.84050276687037906  0.85088556407785709  0.86135058612984583  0.87168799457291712
  0.88200433830772129  0.89248089904117367  0.90329205936698298  0.91419140862416637
  0.92500388707282233  0.93566969948283274  0.94627454396107558  0.95710918411551882
  0.96815622080852615  0.97904809591719710  0.98962582687729195  1.00000000000000000
 -0.00229201375988472  0.00917945084408402  0.01906919772898991  0.02866168242525550
  0.03831878975168151  0.04848615923790805  0.05925318170023101  0.07001756879922502
  0.08046096330211119  0.09101283246417474  0.10164439165365909  0.11223128667587719
  0.12274954698433405  0.13363891640438452  0.14470408062327836  0.15559648942527018
  0.16638612447721510  0.17746002127153229  0.18867106038427842  0.19962640394536479
  0.21036700350980492  0.22106094321535449  0.23176706157970903  0.24243621144948896
  0.25322728731522287  0.26410484268459788  0.27480910660528240  0.28539867488127535
  0.29587336976135448  0.30642480608286721  0.31699554780152672  0.32753952502450018
  0.33794772762886960  0.34814430963211390  0.35837687439520094  0.36860617666980383
  0.37903277584102441  0.38949721346998656  0.40016499146838036  0.41102416404438874
  0.42199380411997922  0.43276255659176027  0.44317981212701490  0.45346019390443326
  0.46374281348379498  0.47408872363928511  0.48443156363130591  0.49484503614910291
  0.50519914291986390  0.51551605111468402  0.52588673742963254  0.53625285373152076
  0.54649876120345486  0.55643517775768847  0.56652658272247070  0.57663707271209030
  0.58677003561896257  0.59693756982121826  0.60738271920574083  0.61800430829031505
  0.62865772418600108  0.63935075860056678  0.64997940291390088  0.66070178672029578
  0.67121464285317822  0.68191382898531283  0.69267277802462202  0.70320833527162185
  0.71371310224603612  0.72409919649981003  0.73438925946766465  0.74455582535136422
  0.75484809309698797  0.76533083032937110  0.77556919558534798  0.78566370201361724
  0.79607744209084152  0.80699980525469650  0.81783373956194727  0.82822747894761761
  0.83846810427581242  0.84877742445068061  0.85902714900882504  0.86959249783182446
  0.88039008541675901  0.89118422060168145  0.90215916524681405  0.91312388332131256
  0.92449896835533885  0.93539428585234019  0.94605880201999049  0.95662271634863316
  0.96714970774195919  0.97813704962285142  0.98919167155047993  1.00000000000000000
  0.04102235994506682  0.24162415779942717  0.35333276903504929  0.41525234226208030
  0.45486523996835804  0.47686911584899966  0.49200475549811401  0.50225240029945384
  0.51186020510873620  0.52029416738269585  0.52758894471514994  0.53376307192630468
  0.53888572167964532  0.54377706241299184  0.54767596057116941  0.55280334377016060
  0.55755731850600199  0.56200356092753645  0.56661744613173848  0.57160184819769144
  0.57627721746710725  0.58035213477185854  0.58375009749327733  0.58701017190808680
  0.59013380401131732  0.59327963446707244  0.59648924137354875  0.59966019401212711
  0.60274470635001443  0.60576099170915976  0.60870977784969860  0.61164407012459088
  0.61463646158425045  0.61768225443012670  0.62077459360351461  0.62386669816159590
  0.62692500442346932  0.62997185414808787  0.63303607942086204  0.63612094771257810
  0.63919848077272368  0.64230384594279510  0.64547572376309148  0.64871677033137243
  0.65201631938472571  0.65536813912460279  0.65871169395176177  0.66213622632376423
  0.66558551800856858  0.66914544412069732  0.67276266885283542  0.67641809224192817
  0.68011861805087914  0.68388317533781184  0.68775529009730096  0.69174425473353796
  0.69579293435045708  0.69986519853046769  0.70399523856312518  0.70820467622080607
  0.71261316821725529  0.71712389558955414  0.72165651679036513  0.72626134585949675
  0.73097064068243145  0.73578228393284340  0.74067365598589330  0.74564097279471597
  0.75077310833019251  0.75611120161432999  0.76157255515203670  0.76712238995479864
  0.77280747119999205  0.77866581468856710  0.78468200662105847  0.79083633049058644
  0.79717738177828668  0.80366131212273639  0.81028706991475596  0.81725993633303073
  0.82454626692970767  0.83209576586540657  0.84009580573738973  0.84838788252100150
  0.85707798281366698  0.86613874881315811  0.87557064096553983  0.88538383677263821
  0.89566898037603826  0.90651153041958310  0.91808623176741311  0.93063211676301194
  0.94442690489974557  0.96008598518305233  0.97833598336164396  1.00000000000000000
  0.09208908327696651  0.18728770848886458  0.22155542475422779  0.24507143819085295
  0.26443784800666492  0.28018864966951701  0.29398012070920931  0.30686213615883245
  0.31899571913436692  0.33057875362946493  0.34200125835443318  0.35300953443773442
  0.36334627677012843  0.37329769445924454  0.38305449969896416  0.39271388082188607
  0.40219815725588282  0.41151263327854665  0.42056971898566758  0.42942906560786281
  0.43827400362241642  0.44717203636119079  0.45592470582774913  0.46453689914058727
  0.47301336669035121  0.48156085095569928  0.48995584298590317  0.49807130750987438
  0.50591493252530118  0.51356108757527930  0.52110081880268155  0.52821922728733561
  0.53499425818911817  0.54173317859816816  0.54872740198647507  0.55598608350876999
  0.56315627062532714  0.57031623162133871  0.57743727416040203  0.58443928812003310
  0.59129474614045119  0.59813019826958214  0.60490332929678470  0.61149750176526418
  0.61800621464564254  0.62448778652035586  0.63092119889391129  0.63731397040094240
  0.64363388842387692  0.64987461098595289  0.65602989115354293  0.66210240651292684
  0.66816321952663971  0.67416257187314854  0.68005927106019382  0.68587796542354607
  0.69166064052921361  0.69754580506174579  0.70343124457639017  0.70918002698859972
  0.71461291803400273  0.71993277593703198  0.72530068551330718  0.73052455585234966
  0.73566153285757196  0.74076391272528097  0.74588084633468632  0.75099123287162695
  0.75607076062694434  0.76113017398897898  0.76619350154704258  0.77125466705779477
  0.77628987256498538  0.78131396968815214  0.78630411520060228  0.79132448061166138
  0.79646104003543194  0.80176151510689575  0.80707501463528364  0.81245855947720391
  0.81800298243099279  0.82353499359689730  0.82908846428228211  0.83479598503573105
  0.84085984003758996  0.84717265133940023  0.85378095091858053  0.86071909380395017
  0.86801518436374592  0.87580468053577720  0.88433067950418698  0.89377243372220394
  0.90500237132517802  0.91926305621748849  0.94175476846737061  1.00000000000000000
   1.9095188188719181E-005  -1.0000000000000000     
 T T F F F F T T F F F F F F F F F F F F F F F F T T F F F F T T T T F F F F T T F F F F F F F F F F F F F F F F T T F F F F T T
  <DiscreteSampler_grid>
  grouped_processes
  1 # 1 for a reference and 2 for a running grid.
  10 # Attribute 'min_bin_probing_points' of the grid.
  1 # Attribute 'grid_mode' of the grid. 1=='default',2=='initialization'
  0.0000000000000000 # Attribute 'small_contrib_threshold' of the grid.
  0.5000000000000000 # Attribute 'damping_power' of the grid.
 # binID   n_entries weight   weight_sqr   abs_weight
    13   10   4.492093016134032E+004   1.669604551167351E+010   4.492093016134032E+004
    14   10   4.492093016134035E+004   1.669604551167353E+010   4.492093016134035E+004
    16   10   1.467187668261836E+004   1.786502996838523E+009   1.467187668261836E+004
    17   10   1.467187668261837E+004   1.786502996838524E+009   1.467187668261837E+004
  </DiscreteSampler_grid>
