  0.00124256941259399  0.01639542008569804  0.02923373224391876  0.04244356245358079
  0.05560887289440391  0.06719409130567112  0.07726859823368312  0.08730801073025569
  0.09758592088824433  0.10805495167341442  0.11907288419979752  0.13028742711187474
  0.14110852098330759  0.15187345807608751  0.16326913779139929  0.17524768410113556
  0.18623167694876064  0.19703452513223721  0.20784979420669752  0.21869247073053302
  0.23001602113818431  0.24089650840431123  0.25189027136088143  0.26279874416048882
  0.27305596221472833  0.28368593129158476  0.29496465435414404  0.30706970323993665
  0.31970305398165560  0.33103139245034785  0.34007608723611282  0.34858032413905771
  0.35726200526682722  0.36593241713552105  0.37410620259240096  0.38210088910515028
  0.39008061345452044  0.39892508461811632  0.41008656298947616  0.42099676409839309
  0.42783482611095058  0.43643950188432323  0.44451748734179020  0.45164840043992083
  0.45863425983912182  0.46575243813686373  0.47283827197324585  0.48303710264913041
  0.49771415852892409  0.51232062486589480  0.52351333230823138  0.53469932222953775
  0.54493388415411603  0.55494716957532175  0.56529853166715693  0.57643415778311113
  0.58770188569894843  0.59921297712027755  0.61091111100136797  0.62273950197576844
  0.63384177863521818  0.64587401559031388  0.66013349352325401  0.67066521542880997
  0.67942894484733796  0.68831197831184032  0.69709383670232494  0.70672549110979277
  0.71651484629610895  0.72591408501425780  0.73513260586106610  0.74421254585194474
  0.75300444192897809  0.76133800611444502  0.76958725526669713  0.77797473528459937
  0.78642446377489883  0.79659130881584583  0.80880944803271815  0.82227954396711334
  0.83550069691869400  0.84698683012944698  0.85776555314891034  0.86820723574064140
  0.87943708528879982  0.89284605047514909  0.90436130580100882  0.91403418099671596
  0.92378517348386313  0.93260889102884736  0.94110068036561279  0.94954790246985754
  0.95936528691695544  0.97165676962972269  0.98529837238073570  1.00000000000000000
 -0.00004717901099627  0.00099407530484670  0.00371773658678263  0.00770852532649598
  0.01291815464827612  0.01923042113258890  0.02575002879313470  0.03182810170388048
  0.03901643235623428  0.04791083771093937  0.05684609773656554  0.06622872608119110
  0.07623169567925064  0.08504315382174504  0.09368963141581714  0.10333251689322016
  0.11273893381116687  0.12288052405349051  0.13341611178829996  0.14421671811577785
  0.15531066189330642  0.16583919285637611  0.17479943190096633  0.18366327488073059
  0.19257504894860866  0.20144183546718211  0.21014692459669249  0.21856554148243124
  0.22671125061155609  0.23426896538006053  0.24112905866103743  0.24976610949125075
  0.25953035709231037  0.26923100113384868  0.28138564583668663  0.29501289892003429
  0.30844933580784362  0.32098478226080152  0.33245669115890264  0.34303085509583148
  0.35376391157905807  0.36380402680446478  0.37391005034363345  0.38397575283303559
  0.39313945738953249  0.40232175655200014  0.41175016617192728  0.42187129114160460
  0.43270325273900700  0.44335313556421413  0.45390443747583498  0.46441049579479549
  0.47504664249047007  0.48575470449014840  0.49646233116560778  0.50690345928309122
  0.51670799738956896  0.52643065796341171  0.53687304305938122  0.54853290739758520
  0.56084878850359488  0.57302224749068320  0.58522330857095572  0.59763070148645470
  0.60937278433637543  0.62016916151365409  0.63071478401903902  0.64144120094412438
  0.65236361550932254  0.66275632030612774  0.67576528975785222  0.68846171067775286
  0.70034419540144244  0.71206249326715099  0.72350247470763895  0.73480970697572312
  0.74620296383318907  0.75752882009035982  0.77028379538646363  0.78316317316029838
  0.79597697284836755  0.80843294482001105  0.82036734896886243  0.83210762185390952
  0.84401225662671586  0.85599136775630869  0.86790383222499090  0.88037082581103421
  0.89420788437504839  0.90908947909539706  0.92385446389584491  0.93872954629535932
  0.95378313562319639  0.96907972713515400  0.98457904382139649  1.00000000000000000
 -0.00428901631309616  0.01172084267877806  0.02749327219696767  0.04296206133435709
  0.05821684951696353  0.07352549236643817  0.08897039268577882  0.10307219311923287
  0.11667018847258094  0.12969796201745282  0.14172709387329238  0.15241073971618802
  0.16240747353473720  0.17296445918762654  0.18352138232952694  0.19368609096927136
  0.20348647445329154  0.21323292247725106  0.22404393863172709  0.23314745588604144
  0.23994708513592033  0.24704150659808904  0.25433130177760199  0.26168008188112118
  0.26941749413812466  0.27731788098294602  0.28524524856421224  0.29358923633971518
  0.30367842099976411  0.31449165376424665  0.32608719838259603  0.33619040466524558
  0.34440427852674926  0.35289700051317202  0.36206857728744207  0.37129382205520267
  0.37916633918058684  0.38589127428939574  0.39299817383314994  0.40053975372494405
  0.40783256759958381  0.41485675729885108  0.42166525174723080  0.42886609738957787
  0.43610956355480396  0.44585638377474335  0.45728371005480023  0.46890148735866632
  0.48010373747711910  0.49130072069381281  0.50212571724445243  0.51263633907800188
  0.52290325051567699  0.53271908938623880  0.54176802480151653  0.55023491886836717
  0.55904394506399901  0.56809150069485836  0.57774618051161086  0.58904090445031199
  0.60081716131490004  0.61118838291557487  0.62096960762156961  0.63026156324524130
  0.64012103841842016  0.65031602868778915  0.66001618879446544  0.67052646315929343
  0.68342767621190781  0.69653129966108673  0.70964012478572225  0.72150226677315332
  0.73241447936934567  0.74333407100224724  0.75347027138863110  0.76306935365537942
  0.77299977527757235  0.78343754958701672  0.79473112974895588  0.80643313276427231
  0.81916226406256343  0.83254384094007994  0.84638759492309490  0.86108911938282262
  0.87522607631196947  0.88817282749423410  0.90051292588824472  0.91243879533499628
  0.92372796062866713  0.93495952662112258  0.94720010338446348  0.95791618158054026
  0.96873511477624097  0.97881710207206263  0.98861920131044045  1.00000000000000000
 -0.00197885100058155  0.00814299614052134  0.01715599368701649  0.02627763327368609
  0.03566526425237252  0.04492624599512166  0.05368959486880476  0.06218514155345785
  0.07106318283818143  0.08065975876540668  0.09122873566248681  0.10324872210874006
  0.11535457424922810  0.12694152893184563  0.13808306107989787  0.14945936575038976
  0.16130606484913124  0.17261724890512814  0.18281206625509880  0.19304063122603790
  0.20324586688350768  0.21329806359374232  0.22258097451781414  0.23281976287551151
  0.24363753032078744  0.25385135660028918  0.26362476704074173  0.27469986556693221
  0.28785126634314551  0.30172415025363247  0.31553247094978160  0.32939479849539843
  0.34356944944310863  0.35813719943316563  0.37236059615112249  0.38475631526202098
  0.39692754552088200  0.41101883533353173  0.42517864451478826  0.43895955384438373
  0.45436123154724134  0.47141984290243805  0.48831290815256884  0.50479795830793428
  0.52001647306405696  0.53627220211125781  0.55173764936815628  0.56572472944090213
  0.57954908378186432  0.59367312243634784  0.60920798701995849  0.62373720861097137
  0.64178562663172922  0.65685719657458963  0.67149180451254897  0.68575968861402636
  0.69907343019131762  0.71110638508622726  0.72246067350297094  0.73383852831141472
  0.74525697022408532  0.75614078532658635  0.76647264554594541  0.77697497055327025
  0.78781423224613156  0.79896711063076753  0.81007036916619446  0.81950547529590900
  0.82874405807816010  0.83847896169552316  0.84780620408793028  0.85539977686553237
  0.86081888324886391  0.86643752347455094  0.87248455661742319  0.87832633019616968
  0.88412781163202669  0.88975351462666585  0.89602803768074568  0.90248849362349048
  0.90823011456837366  0.91386911979339225  0.91974627667301601  0.92598787923373627
  0.93179226291015849  0.93705042027498930  0.94230042968086813  0.94765886068351879
  0.95340966433990848  0.95921316918913391  0.96508243667924698  0.97046206859445794
  0.97554179025552756  0.98185313412619668  0.99030908048431077  1.00000000000000000
 -0.00216299242657165  0.00914505511060465  0.01890788311785024  0.02935285069106890
  0.04174010727062576  0.05137696878794594  0.06117046164330826  0.06868563632986445
  0.07663785497852507  0.08520718631863834  0.09461225418437337  0.10375378709564659
  0.11229116901066694  0.12058859189697514  0.13256197512512441  0.14872774101002328
  0.16454638020793266  0.17588877198002403  0.18611983385728623  0.19632212059209164
  0.20681734986323441  0.21793369145883373  0.22962909545841828  0.24327720400226474
  0.25709425978112888  0.26920233450140024  0.27701285696888184  0.28460025557399116
  0.29157749766004354  0.29740502695887067  0.30374377211705939  0.31142980212411153
  0.31917403922031118  0.32660137172912623  0.33445718006197683  0.34298881507797174
  0.35144393995382173  0.36169836591362725  0.37368346249695295  0.38595257964525398
  0.39847144954332864  0.41078388396924914  0.42290375050120377  0.43459742738679952
  0.44364207158162483  0.45183159518102572  0.46039089534578048  0.46777288946830958
  0.47525731967546314  0.48331713791101538  0.49197047694421381  0.50045268033987123
  0.50885885970895151  0.51766229961394650  0.52632858555910955  0.53456227081226737
  0.54265945310271468  0.55099179698336787  0.55774549959317277  0.56636108188877976
  0.57791532320627270  0.59071024457401577  0.60338149467490143  0.61577436967020649
  0.62770924795040828  0.63911954908317503  0.65077552826126328  0.66331639544801979
  0.67688294233983115  0.69114309290943732  0.70560856245748760  0.71963406649500405
  0.73238423724448076  0.74441770337003665  0.75715690871162100  0.76969960040085383
  0.78170980795863898  0.79387593030473580  0.80589718845461333  0.81736118528582025
  0.82774587556620838  0.83730329193660913  0.84687483449621881  0.85623689072641107
  0.86663705452820350  0.87755848705958917  0.88848647658767677  0.90051113307655084
  0.91411171685667592  0.92838681698171166  0.94211732202877019  0.95474385643564608
  0.96650393116501243  0.97808956506239997  0.98938055835721062  1.00000000000000000
 -0.06267052956876396  0.82755686432139908  0.91454742849276949  0.94583145016622705
  0.96006991910727379  0.96459827825664712  0.96861122767252683  0.97208321502499073
  0.97507497101626084  0.97776891230984830  0.97999796152101415  0.98179509342081184
  0.98338349884422227  0.98475930918270638  0.98601396622423787  0.98714216896189311
  0.98814009845103556  0.98904519412699343  0.98987209956551014  0.99061863270094874
  0.99128246889321014  0.99188363595382734  0.99244322538661911  0.99296418068519288
  0.99343416131772044  0.99385892790853314  0.99425880533532374  0.99463591087208203
  0.99498990322346981  0.99531871409368411  0.99560831399559302  0.99588373778873285
  0.99612890439458013  0.99635510729114640  0.99656576155180110  0.99676032781666102
  0.99692255729692592  0.99708266679831492  0.99723321264273834  0.99737404358618464
  0.99749767260842215  0.99761497501985763  0.99772841733833506  0.99783782424314649
  0.99794010377060793  0.99803382377415029  0.99812145790627926  0.99820048214483570
  0.99827781038927721  0.99835330751684581  0.99842545005617622  0.99849488299241707
  0.99856280142654341  0.99862955451487379  0.99868312521274749  0.99873457379546671
  0.99878295910488268  0.99882954939528390  0.99887573704395760  0.99892034464195023
  0.99896433490934267  0.99900741916333946  0.99904962401834518  0.99909097229725541
  0.99913121981024700  0.99917011006980072  0.99920774860703265  0.99924417809100108
  0.99927845765765710  0.99931167626356721  0.99934403677692041  0.99937424196037494
  0.99940334548305665  0.99943146845467878  0.99945892939690384  0.99948541417552594
  0.99951122514265611  0.99953678558716164  0.99956106441031645  0.99958451882845611
  0.99960783132778042  0.99963079663941778  0.99965346814737932  0.99967531857366909
  0.99969696165801913  0.99971839164735588  0.99973988070831632  0.99976136974678154
  0.99978284648467930  0.99980474383498230  0.99982717826594281  0.99985348528570039
  0.99988111258040835  0.99991114184975294  0.99995154486950710  1.00000000000000000
 -0.02641234725644042  0.13920524018054417  0.19414866247608825  0.24001834806883504
  0.27572027925224096  0.29841843564992937  0.31491693420466083  0.33019531219021481
  0.34417807137960615  0.35795526228347807  0.37100641995599160  0.38356944738228210
  0.39488426129811394  0.40501667079486436  0.41562570482288413  0.42535996579391361
  0.43441824962248393  0.44281499451004436  0.45084645057932227  0.45854704985800598
  0.46603373334235276  0.47348232050384231  0.48119436705185725  0.48896999809881597
  0.49607969218991815  0.50265621431166152  0.50899775161543637  0.51521022311423637
  0.52166633787115024  0.52850050873697474  0.53555330290399950  0.54281885153287135
  0.55010780994594444  0.55723351415473799  0.56410309916760382  0.57084263382486933
  0.57736560042578378  0.58351554387223714  0.58962455762711574  0.59569003196155357
  0.60169626904429374  0.60788180302350403  0.61416299255970985  0.62060740803270487
  0.62641992750206843  0.63164041374109769  0.63672480101561046  0.64175665449562569
  0.64640283444467894  0.65036287542626459  0.65412213267904251  0.65840491606028806
  0.66274357483258950  0.66687338140198660  0.67073255178357460  0.67454343852762677
  0.67838882097728692  0.68228063773777425  0.68625779796572106  0.69017601038776510
  0.69399718849142411  0.69780006299089781  0.70175866296734057  0.70605220286495562
  0.71087264462370003  0.71649164050266367  0.72241471749741459  0.72827193467705897
  0.73467479950530334  0.74102645960710944  0.74640607949693660  0.75090904157068261
  0.75476538381244351  0.75816831948662444  0.76221602712657577  0.76701083025519012
  0.77187450738951124  0.77670699558510803  0.78163036835187105  0.78648003063202376
  0.79133908441460044  0.79615315673128451  0.80117919425187378  0.80622975053449109
  0.81128888892118822  0.81845673911394223  0.82689562097955382  0.83571792702865744
  0.84444432361361665  0.85389101137195078  0.86365876733143088  0.87416323277781960
  0.88558714284185447  0.90130268649414558  0.92926653443659535  1.00000000000000000
   9.1196502488093315E-009  -1.0000000000000000     
 T T F F F F T T F F F F F F F F F F F F F F F F T T F F F F T T T T F F F F T T F F F F F F F F F F F F F F F F T T F F F F T T
  <DiscreteSampler_grid>
  grouped_processes
  1 # 1 for a reference and 2 for a running grid.
  10 # Attribute 'min_bin_probing_points' of the grid.
  1 # Attribute 'grid_mode' of the grid. 1=='default',2=='initialization'
  0.0000000000000000 # Attribute 'small_contrib_threshold' of the grid.
  0.5000000000000000 # Attribute 'damping_power' of the grid.
 # binID   n_entries weight   weight_sqr   abs_weight
    13   10   6.028580971866952E-002   7.970897781704905E-003   6.028580971866952E-002
    14   10   6.028580971866941E-002   7.970897781704869E-003   6.028580971866941E-002
    16   10   9.312717818655562E-003   1.895807103146400E-004   9.312717818655562E-003
    17   10   9.312717818655548E-003   1.895807103146391E-004   9.312717818655548E-003
  </DiscreteSampler_grid>
