  0.00190958410152614  0.01506096075000328  0.02646766451703944  0.03735284173710451
  0.04621296147331846  0.05428314577863355  0.06325367466435328  0.07177389534763057
  0.08053582338753278  0.08943680707551076  0.09807616417649669  0.10746513275823164
  0.11905253959314867  0.13184611258551329  0.14492577598768833  0.15717815731659229
  0.16804148082911444  0.17849568822202383  0.18907699648076021  0.19964874958467543
  0.21175138798427659  0.22542455703749831  0.23661735366435316  0.24678547858567768
  0.25654746107382459  0.26610390298529990  0.27538076465646960  0.28414419901165705
  0.29426942147831298  0.30739666873694504  0.32042378129298071  0.33055178805528540
  0.34132073423576187  0.35236652954348180  0.36401305322998961  0.37392184252738209
  0.38426132188881595  0.39485943518673294  0.40523336183143466  0.41613821339819507
  0.43074274421478498  0.44364336597826254  0.45667332674016814  0.46964236187933966
  0.48069414966472246  0.48991368553583309  0.49905920572074813  0.50848872024325964
  0.51775445290517907  0.52643031837787435  0.53499180723276607  0.54435927154551644
  0.55487452892105227  0.56696647802275280  0.57690682989910425  0.59042150163081797
  0.60372325348958800  0.61661185279042396  0.62803857756871473  0.63787623154793671
  0.64750981204239932  0.65602061179525728  0.66380082214977265  0.67164977141856153
  0.68049364350423869  0.68931693407446648  0.70202468370452120  0.71448933779620860
  0.72638381302482180  0.73764779115670365  0.74863099015465751  0.75815485988969633
  0.76785628499386116  0.77781154941552744  0.78833729060474034  0.79827538146343713
  0.81171171218003746  0.82058964696005265  0.82890823405705438  0.83828788903580931
  0.84790065791126334  0.85614986230323531  0.86389218214142571  0.87144276067499538
  0.88077014697429756  0.89403234981033297  0.90582815095025437  0.91699216179537235
  0.92750201854874859  0.93724205919040537  0.94701562938233830  0.95691244296550371
  0.96696490593576301  0.97760975599485966  0.98855074907527440  1.00000000000000000
 -0.00004067538486900  0.00099454632072145  0.00386233433893622  0.00735288372098312
  0.01248043100970995  0.01789676305548924  0.02362852820125116  0.02970029279752705
  0.03628668692438115  0.04526704275046978  0.05357531722324834  0.06048465926459535
  0.06765861712472941  0.07617257250280068  0.08595849165767562  0.09548263035001020
  0.10349351324575640  0.11175378727014382  0.11986025551741317  0.12800494934144999
  0.13763490283269708  0.14736676044452177  0.15456087998672069  0.16171006204607163
  0.16875753615893097  0.17615388380473040  0.18435600402143248  0.19198833746835886
  0.19971005894384711  0.20728113109021670  0.21455735996926620  0.22347291118436202
  0.23324077287190120  0.24244291952208596  0.25239522156155586  0.26439347299323074
  0.27609980543254325  0.28791712552264070  0.30013244965721503  0.31280051179197121
  0.32591024673339003  0.33963497990274905  0.35410364769053876  0.36703511804706607
  0.37959527678723515  0.39184723071872968  0.40406111370752384  0.41630701558310018
  0.42845843788532445  0.44033754710733763  0.45188684601504059  0.46321231955042597
  0.47397383013578331  0.48496810786853867  0.49593717616234351  0.50730175879938144
  0.51888428116356844  0.53048327155230290  0.54227476651192130  0.55417622701846903
  0.56603106699749250  0.57786634806518955  0.58968889653962631  0.60141371612756400
  0.61383739364006207  0.62734687822772495  0.64057328642741906  0.65354566165361827
  0.66630005427618266  0.67885123929214197  0.69103634641711631  0.70219955705827730
  0.71414947817704677  0.72657073061118538  0.73931784760569064  0.75195227970631484
  0.76461537171742811  0.77748831766734994  0.79050508159854849  0.80340334689445114
  0.81607243084222336  0.82908817705534943  0.84057651537002454  0.85189015119067124
  0.86376364258128446  0.87634015713832814  0.88897811996223186  0.90090347297578499
  0.91240653881621936  0.92430900650393955  0.93682249229689252  0.94967831922434043
  0.96257820971649566  0.97518253815098654  0.98755800036793240  1.00000000000000000
 -0.00377433075334735  0.01222306845502772  0.02423353238130209  0.03544477450095818
  0.04677194386946897  0.05876006931673768  0.07133847882145053  0.08346199026315600
  0.09436399107232658  0.10447071270316921  0.11430985146111748  0.12384066566434498
  0.13254898950446861  0.14131154281511510  0.15039050954867367  0.16011154152977977
  0.17074291788123008  0.18096544387474647  0.19206739790278674  0.20414364204263777
  0.21604417986628727  0.22778402955630112  0.23988373359068652  0.25219593227284898
  0.26401569589578550  0.27525199438744047  0.28677581480139652  0.29887896632461491
  0.31098009910147706  0.32236347308446522  0.33348521781454477  0.34489205247404808
  0.35697628204085619  0.36958225901102831  0.38323128814966650  0.39795448266035882
  0.41300214648293637  0.42715003987010819  0.43916792389440029  0.44971461243215777
  0.46119907508070052  0.47263755019975545  0.48418273881276397  0.49692126355405458
  0.51079170706662913  0.52396108206703129  0.53622479577555215  0.54850660908940863
  0.56099559041781788  0.57330364002187850  0.58565550674755473  0.59938946976534413
  0.60834135194768091  0.61618859195159437  0.62395304369120819  0.63197432778563489
  0.64008775752027613  0.64869788780750604  0.65727366958307842  0.66377054265285662
  0.67391600859890710  0.68562545588781243  0.69768083206309417  0.70704551829453410
  0.71454326099214549  0.72236769012362978  0.73101500110176387  0.73987803903644789
  0.74847547226729194  0.75630861822391982  0.76339474569953547  0.77016774103012930
  0.78007565461851747  0.78822772256476670  0.79694962936529479  0.80714888522520578
  0.81702077318476973  0.82594633797441630  0.83426183286176858  0.84280025918241963
  0.85225087868614624  0.86164272519191198  0.87025109392325595  0.88049976599529312
  0.89212203469420892  0.90214241630204128  0.91051126573947538  0.91895501610336583
  0.92773646040469215  0.93723413929510857  0.94642446211517373  0.95532015210658816
  0.96544491897043727  0.97680573339176024  0.98877428619199392  1.00000000000000000
 -0.00133323406347905  0.00635586279260614  0.01261359749835712  0.01852114889389008
  0.02463304210250274  0.03125038337929105  0.03879183232402907  0.04677998596239137
  0.05457732957250550  0.06244743362680016  0.07129351035209119  0.08209880260799764
  0.09441787883253189  0.10504437557685033  0.11405978638944481  0.12257227781921642
  0.13121543962763305  0.14033337610782673  0.14944264342484470  0.15809979780968375
  0.16714808811419615  0.17691891021497475  0.18652026121838466  0.19608586308354939
  0.20583470969574388  0.21616261695351105  0.22746664582879580  0.23878965067982294
  0.24971907875467261  0.26093455284054828  0.27198202415875000  0.28163254658123565
  0.29137791878228120  0.30436210363112781  0.31742401752026650  0.33054054813687828
  0.34581144336828573  0.36289789947260476  0.38010543395004115  0.39708824376727586
  0.41377177992314679  0.42908574426050733  0.44291246192909223  0.45613773688973774
  0.46911855267228902  0.48270819625630290  0.49715025745615993  0.51210867439372243
  0.52649442772508426  0.54083619612531775  0.55600711028631578  0.57161934748145227
  0.58826154434824418  0.60541321504057088  0.62094139716493979  0.63668030464068848
  0.65213970583058301  0.66742904578120299  0.68252713122566222  0.69735841404061250
  0.71191678074542952  0.72599015770234998  0.73614551200454970  0.74477739969882106
  0.75326875916107394  0.76249334313651496  0.77184577492121176  0.78031163698119721
  0.78843529494974274  0.79778281954369523  0.80857723599019538  0.81665296754810079
  0.82373496063803775  0.83154872186798967  0.83893447022980416  0.84579905003812339
  0.85261634976345357  0.85963881711094692  0.86698280849872300  0.87522564825368798
  0.88302926619249023  0.89036164052606404  0.89808770194112209  0.90652161975896495
  0.91510416575630182  0.92286064837333004  0.92981900212406721  0.93640150200260086
  0.94296220723488944  0.94976112400476420  0.95684215520597071  0.96402454430810924
  0.97072521122559030  0.97765139817163249  0.98680925042032119  1.00000000000000000
 -0.00302870637912151  0.00992538983235403  0.02280559464391902  0.03550061095026565
  0.04795536255146623  0.06036167572253597  0.07299972171057141  0.08617721134163447
  0.09930055184567455  0.11195479401564955  0.12502770559297763  0.13848379948334258
  0.15211515113987897  0.16570508026501177  0.17866695515415282  0.19061392087010312
  0.20195681786232453  0.21361476289799877  0.22456726985814515  0.23482933329471864
  0.24523929496304864  0.25605822719727067  0.26699219349837305  0.27718265803763420
  0.28743239305291646  0.29925892975974422  0.31272369448550613  0.32700113629564975
  0.34187653919014122  0.35569856792295512  0.36805885257951665  0.37963105370069428
  0.39072592595310451  0.40170209549199948  0.41238897401094976  0.42216159410793130
  0.43138615692779225  0.44115261825528351  0.45061399980962824  0.46017148245175016
  0.47038570387196410  0.48066972781662354  0.49028814255819597  0.50012396726341779
  0.51005376108365552  0.51914678112483348  0.52769871883166097  0.53544178966167078
  0.54352421367335402  0.55340306142884566  0.56399475797477006  0.57309024771236550
  0.58180286200655396  0.59121604165333763  0.60192464767748111  0.61352378552145914
  0.62496510318110510  0.63589155104866901  0.64654923281171550  0.65818623990580460
  0.66841761393362076  0.67723418998299112  0.68689437285063248  0.69717701676161092
  0.70780042992924486  0.71893675267455437  0.72970512850059155  0.73850849740747082
  0.74616746061879935  0.75496889236977716  0.76415308232723589  0.77335311747920565
  0.78255854056859309  0.79159403831993425  0.80180108056259891  0.81264906882765420
  0.82273815785184534  0.83294868697630919  0.84300170966491861  0.85360921420172631
  0.86537464020486088  0.87617883664292529  0.88526900531481711  0.89418718229957972
  0.90303956052666279  0.91213308425284811  0.92142156712210255  0.93185210901403193
  0.94237463936294175  0.95160403272673377  0.95964820041799348  0.96734328225848498
  0.97581338357441494  0.98431307332646512  0.99222088465210789  1.00000000000000000
 -0.05133821445081446  0.82966454939321321  0.91390738342019295  0.94392953749797004
  0.95858594639896666  0.96383791485808656  0.96804988714136120  0.97169069967261545
  0.97491694731741485  0.97767729472679665  0.98001220132098033  0.98185513291644599
  0.98351915878578333  0.98500582102627099  0.98634131638496791  0.98750474104038322
  0.98857754666395847  0.98951821805231532  0.99035361554919188  0.99111614389207936
  0.99180925233609463  0.99244538294511275  0.99300176700953746  0.99350814296874412
  0.99395857096915330  0.99436577680180782  0.99474140334811989  0.99508637538564726
  0.99539991270433958  0.99569131895153562  0.99595894725557421  0.99620414416189085
  0.99643937754291267  0.99663776377380731  0.99682255781334894  0.99700078633385913
  0.99717190307721726  0.99732390980076147  0.99745899029898299  0.99758770056933144
  0.99771010367887714  0.99782766288478919  0.99792783381345407  0.99802312845204577
  0.99811196291407445  0.99819600993584001  0.99827621653977572  0.99835277791678090
  0.99842582567797500  0.99849775764536064  0.99857030051420637  0.99862783125932986
  0.99867737464124418  0.99872788866184592  0.99877759467896920  0.99882555576532639
  0.99887240138183297  0.99891743172474101  0.99896122203799465  0.99900377410177665
  0.99904457294061666  0.99908388226966993  0.99912230994192575  0.99915980244089775
  0.99919635859041922  0.99923201746413881  0.99926539535010728  0.99929729162516845
  0.99932812342344779  0.99935728379279876  0.99938537556170692  0.99941259669887139
  0.99943910280890380  0.99946494982225942  0.99949049027391768  0.99951581426034097
  0.99953948535084680  0.99956283329798512  0.99958597940327643  0.99960766269696766
  0.99962908551773000  0.99965026140407720  0.99967090606218290  0.99969105784657852
  0.99971070706816767  0.99973030054866918  0.99975018457712717  0.99977047841745947
  0.99979118364262343  0.99981193567866067  0.99983268048233731  0.99985739528734463
  0.99988385712384420  0.99991230138391562  0.99995218328498037  1.00000000000000000
 -0.02365363002964569  0.12752919465308166  0.19748306944707489  0.22596340905831272
  0.24590567376734401  0.26296990553318467  0.28235891465494711  0.30419762623279945
  0.32177612066084738  0.33641494909119146  0.34783520883850710  0.36000426276640346
  0.37289381563186497  0.38491180891423887  0.39644367233149985  0.40708563968050293
  0.41640303585956678  0.42569619388371926  0.43501010582261579  0.44360422553584467
  0.45350845532337192  0.46395764593127387  0.47369501884150184  0.48244071797798738
  0.49009782127019202  0.49696540228798913  0.50339120335490672  0.50967927870342555
  0.51558064505939860  0.52081098091901434  0.52601554491306379  0.53056505820360877
  0.53614001306267367  0.54225872949719112  0.54835517284576418  0.55428574240932282
  0.56000561006879612  0.56534890167752261  0.57002519997089740  0.57485621002234044
  0.57956217828986645  0.58427317325464734  0.58961833385819140  0.59472813591414897
  0.59946809823865133  0.60409113330826969  0.60837874637888989  0.61254688735637319
  0.61681731393588701  0.62083039937136053  0.62554809507924547  0.63066335842216703
  0.63601525507411361  0.64145678196121081  0.64681907903822811  0.65206383144025537
  0.65731240157843629  0.66271374163753216  0.66804218267883542  0.67350121947035502
  0.67904695582538710  0.68429388954078652  0.68885870121467430  0.69307548550591258
  0.69747649223135699  0.70227020989315581  0.70730176287277036  0.71208681332048840
  0.71653379526126737  0.72100273808558157  0.72555481485403217  0.73022167010342620
  0.73479161247036984  0.73919595533019122  0.74364030335368492  0.74821249828897196
  0.75295149366822967  0.75782561458638587  0.76255376518328344  0.76778420093369371
  0.77376712009552062  0.78018170796601805  0.78650005946440926  0.79317087600387404
  0.80000570197071696  0.80683938332286731  0.81352820545641025  0.82219111072216988
  0.83165315340134804  0.84188036975832581  0.85270061824634136  0.86520015296257913
  0.87909048924821021  0.89663866157072436  0.92444585821957825  1.00000000000000000
   2.2873327097305659E-007  -1.0000000000000000     
 T T F F F F T T F F F F F F F F F F F F F F F F T T F F F F T T T T F F F F T T F F F F F F F F F F F F F F F F T T F F F F T T
  <DiscreteSampler_grid>
  grouped_processes
  1 # 1 for a reference and 2 for a running grid.
  10 # Attribute 'min_bin_probing_points' of the grid.
  1 # Attribute 'grid_mode' of the grid. 1=='default',2=='initialization'
  0.0000000000000000 # Attribute 'small_contrib_threshold' of the grid.
  0.5000000000000000 # Attribute 'damping_power' of the grid.
 # binID   n_entries weight   weight_sqr   abs_weight
    13   10   2.075605285378456E-001   1.683614734150408E-001   2.075605285378456E-001
    14   10   2.075605285378458E-001   1.683614734150410E-001   2.075605285378458E-001
    16   10   3.187127694461492E-002   3.952026306199396E-003   3.187127694461492E-002
    17   10   3.187127694461496E-002   3.952026306199402E-003   3.187127694461496E-002
  </DiscreteSampler_grid>
