  0.00291396159635064  0.01198885901234607  0.02268536845605290  0.03357510861894818
  0.04434016025618329  0.05488600741901266  0.06633353335411542  0.07900617792817252
  0.09188462084877907  0.10374072981476339  0.11525183217019652  0.12808987275902689
  0.14070860199531715  0.15111418830031617  0.16022619590961412  0.16978227644706817
  0.18001950260900143  0.19097543578735249  0.20128855905468965  0.21291432768712837
  0.22349560917117228  0.23282880663624173  0.24205096083615760  0.25184738003125501
  0.26211122493867794  0.27221193707313462  0.28034540774461969  0.28811134737326671
  0.29622514541289086  0.30433434879923638  0.31273626815061611  0.32189547720835798
  0.33037097784519059  0.33676486834047692  0.34460227663829435  0.35266752428290815
  0.36013999716255085  0.37148809643090053  0.38253547491730977  0.39380412113803992
  0.40438851737108500  0.41447609439526867  0.42458666414807428  0.43472980677988821
  0.44727266738943866  0.45966746017473786  0.47214473618356106  0.48475179615502434
  0.49712086715971093  0.50924883577673519  0.52136460713651445  0.53384630271579758
  0.54716588897903895  0.56153862482748418  0.57570285090942230  0.58670549553988816
  0.59621085569803689  0.60560319139609264  0.61501415447719909  0.62318161545829720
  0.63081493049216320  0.63834490475475258  0.64733581928845108  0.65804060433068534
  0.67097013388220528  0.68215804654971124  0.69226741970685057  0.70184292792427250
  0.71147925699782577  0.72287943759450424  0.73424558610275614  0.74509761695401200
  0.75590018419276173  0.76599748380117716  0.77511843934839209  0.78343627187511811
  0.79245396116650724  0.80307639146932897  0.81426576618320057  0.82442206298157850
  0.83487246091563228  0.84730644368468555  0.86145748507221220  0.87651888121057187
  0.89269788938424754  0.90911967246626524  0.92464748939385555  0.93781984477488012
  0.94753979171743230  0.95559428527328172  0.96331605106734464  0.97043706043083688
  0.97773193374376477  0.98553342083862894  0.99223548042067067  1.00000000000000000
 -0.00004776151773513  0.00096068549313999  0.00354624523372093  0.00779905506956677
  0.01232880471276815  0.01770498058609911  0.02297630637447735  0.02865330148787514
  0.03498169028968285  0.04123930390652395  0.04794927498330821  0.05686581131023977
  0.06498882470942734  0.07242607528403368  0.08038114543472649  0.08911122670000379
  0.09943501831307497  0.11058500270214516  0.11879328989968696  0.12495619234631045
  0.13166967861194170  0.13891344170622330  0.14630564226923434  0.15374522237398683
  0.16089776567745129  0.16884018127405517  0.17959336474994586  0.19208967989563752
  0.20469585414758179  0.21653347916760526  0.22754838103668934  0.23795779802012001
  0.24828769383388932  0.25855802825648888  0.26859661180393196  0.27786506619789531
  0.28633355435865843  0.29428525028310670  0.30271994099425714  0.31183901154404919
  0.32159621544317418  0.33184676941325558  0.34194156094048245  0.35219323723697143
  0.36212236117847540  0.37211092384112832  0.38209377428454105  0.39210252053381711
  0.40262557405577437  0.41353423396653083  0.42469054334242157  0.43608425174883753
  0.44728756514867457  0.45828118627757125  0.47026483159046234  0.48294684126691317
  0.49549468326143087  0.50662553311559877  0.51642593370413203  0.52607426539743196
  0.53524668155538491  0.54444378227380896  0.55350348681440842  0.56271079415487424
  0.57325683962328733  0.58546911218007902  0.59841117190925219  0.61143867549458042
  0.62339126111027310  0.63459140223494903  0.64573662192232617  0.65669607319725376
  0.66797476327521899  0.67943469124497125  0.69111402127065591  0.70312832448341533
  0.71542768634519138  0.72785377730838952  0.73918495475828017  0.75076327172068924
  0.76377288392021447  0.77794407481138284  0.79216121870525358  0.80667408165560106
  0.82178786622129285  0.83728276851433037  0.85372637904529969  0.86998520743471974
  0.88612693246542673  0.90236677477089788  0.91915578389803343  0.93551512217733790
  0.95163866153168475  0.96768669610400659  0.98378651629583502  1.00000000000000000
 -0.00198322826932094  0.00878318904929275  0.01618681661324888  0.02386199068989112
  0.03211119488670625  0.03980551121205635  0.04754284011216679  0.05593859690995408
  0.06411001643294170  0.07426210258865804  0.08572833726067110  0.09501583892269094
  0.10344183961147617  0.11499578877445718  0.12666811885171686  0.13792625675514295
  0.14955972807468854  0.16352975538347439  0.17853204028943367  0.19256802545556001
  0.20458081100895537  0.21573162229383439  0.22738616407901671  0.23928142546325618
  0.25193256709629119  0.26517272079466164  0.27836026961026056  0.29099778967595735
  0.30272514434496850  0.31495335834465299  0.32765292953366071  0.34050868911917825
  0.35297243317305671  0.36439267345680870  0.37500494744241913  0.38545977738226428
  0.39566511176766883  0.40542400457505073  0.41507573085409155  0.42566037036889837
  0.43644128400440968  0.44658217436761777  0.45721070196115743  0.46834747297967683
  0.47932229945428767  0.48989174144130365  0.50018244938158418  0.51094236166417706
  0.52216991294260862  0.53286253471436018  0.54191664548623131  0.54998168977858120
  0.55834103229958965  0.56753269680508578  0.57766682674832825  0.58847499024726924
  0.59962996806140167  0.60985603685695988  0.62010116912519531  0.63132585190919144
  0.64268906662620384  0.65349591715899513  0.66352046931614161  0.67229388201090112
  0.68040180931480032  0.68835396600033938  0.69600235004907596  0.70332242365199493
  0.71053746715675181  0.71839198687772199  0.72688485904043587  0.73831413065485851
  0.75212857791148524  0.76542936370455428  0.77870521248277791  0.79134101125767398
  0.80268096418581270  0.81346088795700511  0.82289847673153160  0.83322434035989812
  0.84393873859571322  0.85465078727274779  0.86450445500154105  0.87446014547890694
  0.88506950762509196  0.89793052973090148  0.91143995695254476  0.92301681622792886
  0.93282156771740743  0.94222862631231186  0.95145828239110919  0.96054236216902866
  0.96987555539047265  0.97943587116947461  0.98983599264266975  1.00000000000000000
 -0.00172246860958039  0.00728290500872973  0.01502592943360525  0.02247054864019364
  0.02994484389500474  0.03808221098233671  0.04693336586004915  0.05664866278763976
  0.06714998312086000  0.07792824227120324  0.08856905190216256  0.09914787408984470
  0.10963546601574695  0.11837934609244095  0.12538350786786592  0.13249736101899254
  0.13930125070149402  0.14705553845249419  0.15715490024652551  0.16787989137109913
  0.17796980839749243  0.18800331812873880  0.19852715976442159  0.20915736771377905
  0.21942690832348424  0.23050465050913779  0.24289109240694490  0.25595434215946122
  0.26935780478073662  0.28262618743866669  0.29696162915689717  0.31427102616323860
  0.33082443949531981  0.34328791535366876  0.35552853476670071  0.36747699266294331
  0.37872103804802987  0.39206622592700002  0.40474073205994487  0.41589665447166013
  0.42767154861103251  0.44100496654406807  0.45525794707518075  0.46900462405237064
  0.48168955256072610  0.49467738460520355  0.51013380629834015  0.52778559137939762
  0.54553596056112563  0.56094178223667734  0.57228707466637529  0.58212344534806770
  0.59336556517321482  0.60432455976069810  0.61368164320201990  0.62243850066680084
  0.63264815145614350  0.64419517757615707  0.65541230070476875  0.66749219393715298
  0.68064298862868122  0.69461098706846236  0.70866174958594585  0.72214881959792898
  0.73589238324321915  0.74922976276275555  0.76145179764338167  0.77211612234430815
  0.78016020179077705  0.78887384736447652  0.79782528212697923  0.80657723094211398
  0.81509571251810875  0.82304182330601972  0.83053898610767929  0.83938730313855159
  0.84948983733673311  0.86003501963509299  0.87176750609978471  0.88341905368669327
  0.89361874519182138  0.90339719180866229  0.91249057223820318  0.92069634014177915
  0.92849117694539218  0.93632012498127259  0.94342145217647277  0.94989767575342865
  0.95563015681108487  0.96124161524536444  0.96687395331110670  0.97255088713811333
  0.97824707653629961  0.98444229893193569  0.99164836743732776  1.00000000000000000
 -0.00164956688246361  0.00765767792481004  0.01604566188837705  0.02461996649014418
  0.03298200593215761  0.04203137153358428  0.05356939846216335  0.06574150692247731
  0.07764563411619765  0.08980457852729674  0.10207131224697848  0.11466461409554859
  0.12732864990456677  0.14080609965967369  0.15129292271225642  0.16178914070941600
  0.17322194076400432  0.18341419434191358  0.19072906533049358  0.19955523952871701
  0.20817051526544175  0.21678884406226559  0.22545546770502414  0.23337641421797145
  0.24084903612334857  0.24841554158800494  0.25548862534033895  0.26277402862524879
  0.27022176659718977  0.27839823253737944  0.28713365527266649  0.29722418307100734
  0.30869560511117239  0.31995496702579529  0.33032576216793386  0.34048325376162392
  0.34998160217157342  0.35905453232441054  0.36855833329049542  0.37849684337679240
  0.38880741383971629  0.39872350924838756  0.40853436111518071  0.42015693428179807
  0.43427030030211905  0.44948929902520735  0.46305978263117609  0.47468738667760368
  0.48530359986138583  0.49535814235655240  0.50580033719743378  0.51646386966232705
  0.52743833872973500  0.53810734464101351  0.54672002990886792  0.55431408736433263
  0.56271167948985168  0.57211523591199764  0.58045473959714733  0.58833960021781906
  0.59590330922952683  0.60400776590211769  0.61391745235036377  0.62423950633021341
  0.63410836006297433  0.64406071172541501  0.65573996935095846  0.66760129890550168
  0.68015279230858627  0.69329819991708874  0.70615136224563846  0.71951940698351846
  0.73271833949622867  0.74611535575614296  0.75968923549076672  0.77166467447217824
  0.78390453501486390  0.79625380056669881  0.80870873597935955  0.82046822892846272
  0.83164963241273993  0.84306684345383776  0.85513206396576058  0.86749722681465768
  0.87917356300348781  0.89025202193435748  0.90139212988113770  0.91268650836797138
  0.92364237617294731  0.93438423252240066  0.94686151122414552  0.95948935772397226
  0.96962643098457524  0.98033147959043831  0.99016430382464216  1.00000000000000000
 -0.08626367553169342  0.83669202719997060  0.91219142118940910  0.94233478019747374
  0.95901597254202253  0.96328938796596097  0.96739953282378077  0.97088025300330516
  0.97396984322139657  0.97670734574432416  0.97906826299560590  0.98099885851132929
  0.98265006162607871  0.98415572124884332  0.98552358033942455  0.98673710175503171
  0.98782769538783144  0.98882319912305738  0.98971375348210111  0.99051060409947078
  0.99123670439462408  0.99190883922207351  0.99251546836509263  0.99305976365414028
  0.99354725086174922  0.99398585067135425  0.99438460287062869  0.99475509990308952
  0.99509556571938929  0.99540813767911107  0.99568650849300677  0.99594404321524510
  0.99617188249702504  0.99638260491351338  0.99658390727974788  0.99677042628891566
  0.99694468218945553  0.99711013610626664  0.99726745747078793  0.99741168772943944
  0.99753874700848733  0.99766155645083299  0.99777852316514815  0.99789220470961837
  0.99799118883900950  0.99808302742173172  0.99816902497079840  0.99824976878975769
  0.99832819868201028  0.99840376607064640  0.99847642548078364  0.99854662525755666
  0.99861350508454771  0.99867577643025196  0.99872918398716004  0.99877765930646478
  0.99882476281979837  0.99887099797629997  0.99891608310474012  0.99895943056712222
  0.99900083124077832  0.99904065631813266  0.99907916978706512  0.99911652965689357
  0.99915263154331246  0.99918777848428830  0.99922213543351512  0.99925566091173956
  0.99928769083934688  0.99931870064949480  0.99934858130936677  0.99937717566281203
  0.99940365748792281  0.99943001474432913  0.99945618784501111  0.99948197859092369
  0.99950730904793517  0.99953215856975286  0.99955644644128228  0.99958009833878625
  0.99960318430296680  0.99962571361421226  0.99964752355805220  0.99966919647894648
  0.99969073249059925  0.99971211675551563  0.99973349299746528  0.99975486606273201
  0.99977699800401543  0.99979933815449584  0.99982186941510531  0.99984755150722315
  0.99987562341299074  0.99990694980190231  0.99994886093933033  1.00000000000000000
 -0.02135276563212292  0.12283527407028774  0.18908142578681955  0.22853179810547025
  0.25723401547265479  0.28341149087120093  0.30785406642243157  0.32728788815766174
  0.34159007447839090  0.35438158556192917  0.36623626607252052  0.37792753087259484
  0.38996316299253236  0.40182773831502872  0.41324936927225264  0.42414349244283978
  0.43445930360622009  0.44428793380404008  0.45351575404209099  0.46174436473028740
  0.46890787928010769  0.47550635601324270  0.48180540417808182  0.48784450122486150
  0.49393625773683136  0.50034025219049039  0.50738842761240832  0.51378228629590883
  0.51910874333084500  0.52807304610777439  0.53679010245226011  0.54408433024053326
  0.54968584194998893  0.55552277736956535  0.56131977835559543  0.56683888679581507
  0.57209605450720247  0.57715744752108067  0.58184372443805921  0.58645256401229406
  0.59127684534878167  0.59584865915019536  0.60017098986159190  0.60441974204868176
  0.60899881925613975  0.61361649740569901  0.61821442814069971  0.62282028294847336
  0.62718879758207613  0.63139075288396462  0.63564914212230672  0.63967527838085791
  0.64373922902708158  0.64821740013870477  0.65299855290522557  0.65775572627021139
  0.66232157160409710  0.66672408750674894  0.67089670872247076  0.67482690825561353
  0.67859220491102168  0.68226999510656550  0.68605207824658032  0.69036770887733689
  0.69536122955721735  0.70058208866941107  0.70534136543448989  0.70906064176568140
  0.71243925615965831  0.71601263701447715  0.71985492155486275  0.72412443854095676
  0.72880297966166907  0.73420502577742852  0.74024225369773677  0.74661314508004417
  0.75317007167631245  0.75977036910946738  0.76627506452484961  0.77183773674066170
  0.77670282240699018  0.78145113999214277  0.78646317573755453  0.79196188616540275
  0.79782042272402676  0.80380905737989727  0.81011023748563471  0.81728547959950182
  0.82548795910523565  0.83237121441927209  0.84304020165818427  0.85542435860256194
  0.87059100941412626  0.89219555880319912  0.92562697448903053  1.00000000000000000
   7.7840386513612716E-009  -1.0000000000000000     
 T T F F F F T T F F F F F F F F F F F F F F F F T T F F F F T T T T F F F F T T F F F F F F F F F F F F F F F F T T F F F F T T
  <DiscreteSampler_grid>
  grouped_processes
  1 # 1 for a reference and 2 for a running grid.
  10 # Attribute 'min_bin_probing_points' of the grid.
  1 # Attribute 'grid_mode' of the grid. 1=='default',2=='initialization'
  0.0000000000000000 # Attribute 'small_contrib_threshold' of the grid.
  0.5000000000000000 # Attribute 'damping_power' of the grid.
 # binID   n_entries weight   weight_sqr   abs_weight
    13   10   2.467600370549376E+000   2.746348664269059E+001   2.467600370549376E+000
    14   10   2.467600370549379E+000   2.746348664269063E+001   2.467600370549379E+000
    16   10   3.233537314056441E+000   4.722925129384066E+001   3.233537314056441E+000
    17   10   3.233537314056443E+000   4.722925129384070E+001   3.233537314056443E+000
  </DiscreteSampler_grid>
