  0.00036224077480467  0.01749933701574057  0.03340383256677272  0.04782998776350870
  0.06066646800059930  0.07281163556153394  0.08420465645629871  0.09260987571322515
  0.10135058391181057  0.11107207769500997  0.12204491576836145  0.13307032861141557
  0.14367095343733102  0.15481854109919435  0.16794542398980192  0.18004050434737448
  0.19553709472658179  0.20904970920664862  0.21853859505916656  0.22740351772540979
  0.23608122176849863  0.24329732832101131  0.25138958125907185  0.25990764415939105
  0.26927560296645009  0.28087906923782446  0.29407969636184289  0.30663478880076156
  0.31859860866194017  0.32961420874910763  0.34023203848985595  0.35034521708209088
  0.36016934599426742  0.37034101057222507  0.38031805120489193  0.39113469230483466
  0.40339174167928360  0.41544199270899801  0.42666200428837658  0.43703035672393425
  0.44655484761289754  0.45583755793725417  0.46519290714021794  0.47466212792035450
  0.48494826754855175  0.49536070437200119  0.50647428891860846  0.51858243860101771
  0.53071552229860774  0.54281289998446236  0.55563354897619832  0.56653890777277993
  0.57587665956847334  0.58524467461433693  0.59599700927706845  0.60619578529264317
  0.61563272033515015  0.62506803495507235  0.63824735962087475  0.64986484361946584
  0.65957509028702510  0.66887463321859097  0.67825295358559901  0.68698165319621052
  0.69477274040023784  0.70179678173585625  0.70976808944567560  0.71966418566130241
  0.73055095524349811  0.74155241560312890  0.75225638769058067  0.76340578683035876
  0.77468424025831506  0.78467132061457134  0.79287847744188966  0.79870845944901003
  0.80518651265943264  0.81409998165040443  0.82324215171621273  0.83171064574831222
  0.84005802177405653  0.84820984229584329  0.85743292459258091  0.86940138954596113
  0.88190119639829501  0.89243219396899576  0.90251970786749902  0.91195631289531487
  0.92138029714580671  0.93116845056868824  0.94122120920769980  0.95199103225842929
  0.96371136992795559  0.97589571052493429  0.98781993143464930  1.00000000000000000
 -0.00003489229355778  0.00078647659621462  0.00304596820579442  0.00693880138661229
  0.01102740986314809  0.01614397652818542  0.02191645446188495  0.02793407341902097
  0.03450971300177420  0.04197484837859144  0.05079474285404392  0.06080657239505433
  0.07054450430866714  0.08034540767560275  0.09077433972078482  0.10196948150025301
  0.11286445184997579  0.12324651540346361  0.13329752680392123  0.14329569842474427
  0.15321544984265487  0.16294429793366302  0.17194343432129405  0.18063527918826755
  0.18975121696461117  0.19737781869967327  0.20575544662843545  0.21381222213506421
  0.22183891231805908  0.22997615548709638  0.23835179069439649  0.24588475795960610
  0.25326280680485158  0.26099537243880033  0.26900458604844724  0.27805572696175074
  0.28806484143127803  0.29822256694413812  0.30810759582949593  0.31786161161901338
  0.32767939212038122  0.33769858143734910  0.34806211004935422  0.35877811214872807
  0.36967861027150384  0.38107201187175316  0.39252269301899728  0.40335309911740908
  0.41389488457141177  0.42377576098787045  0.43290551386036757  0.44183574140820614
  0.45079957873619125  0.45979651263621807  0.46932015293503948  0.47923322843456606
  0.49122294101754632  0.50428291330405883  0.51793381173485897  0.53159914518425477
  0.54450309006530972  0.55640894572765487  0.56819876686610649  0.57967182590043620
  0.59210548035787847  0.60562034549086419  0.62017226660043479  0.63620956527885630
  0.65295342486820185  0.66852715892898928  0.68215945558254831  0.69452176902746476
  0.70630416092004178  0.71782813184741634  0.72914313191945612  0.74042791754911952
  0.75186611000780690  0.76374184774914378  0.77638178586850348  0.78901714500423881
  0.80198962127797857  0.81532497192917353  0.82841729198541514  0.84166536249076307
  0.85497243954144608  0.86803231192783081  0.88153609842738567  0.89527456262233729
  0.90902734234642635  0.92258089657105746  0.93583228925167805  0.94884501135799848
  0.96171423626846708  0.97446673207055401  0.98714113303927320  1.00000000000000000
 -0.00421141055653931  0.01243243869564037  0.02626320411415640  0.03808810486700676
  0.04884047209812850  0.05946248687732186  0.07008703653907364  0.08035601094572181
  0.09048233851280067  0.10100969063022480  0.11185161386700504  0.12317608850380954
  0.13437120639168582  0.14454772357662102  0.15460641931331950  0.16456226984045577
  0.17479939756963928  0.18680068242194739  0.19941426254597866  0.20994386098807277
  0.21864362668524515  0.22689800228455845  0.23535167587204109  0.24398503609969102
  0.25301241208931752  0.26186734884520496  0.27201409432210966  0.28476378443844957
  0.29906496752503448  0.31293260847552690  0.32563778041531244  0.33709408624831311
  0.34762596232835657  0.35762700662985253  0.36756340667254067  0.37764004134543744
  0.38739194786294795  0.39711316623503112  0.40759759024181447  0.41831809869689618
  0.42813682744583165  0.43727755127650020  0.44655438261627428  0.45772919374413595
  0.46993431219890180  0.48136947395115626  0.49219851463466074  0.50305445538845395
  0.51432545352182024  0.52566918796537410  0.53705337469939929  0.54749091902610902
  0.55683365621680503  0.56612564333024840  0.57555440276607506  0.58529161663055029
  0.59459078789341446  0.60348472938302988  0.61413527017095260  0.62585932478605089
  0.63690022518330192  0.64770733730041019  0.65843162931090149  0.66953125458908325
  0.68128900339949749  0.69328206048996355  0.70589348106261351  0.71955744817083278
  0.73260775478415074  0.74457303935989594  0.75462799028731897  0.76418882573903157
  0.77386212383325570  0.78400607550712553  0.79645622375721692  0.81012711525007364
  0.82381020463831434  0.83714087936857517  0.85027797184379661  0.86312040342569230
  0.87484908852707133  0.88511336460401036  0.89417067786297144  0.90092468789544167
  0.90784681086331165  0.91600792446205426  0.92288313547689704  0.93008187019774546
  0.93908914425603018  0.94809669854660972  0.95487678304078893  0.96213071145404405
  0.97053371403114930  0.98027268280541924  0.99005435280992826  1.00000000000000000
 -0.00304160553066508  0.01032794018813937  0.02146946085302153  0.03093713959692146
  0.03982222325883698  0.04844295653667217  0.05723899500499872  0.06629363381683936
  0.07455962337417865  0.08250448959081856  0.09040707221770755  0.09875276802442198
  0.10837332465883798  0.12002272725591351  0.13385633108786060  0.14703399647278095
  0.15923821796772095  0.16870650230466749  0.17780674223487716  0.18602191223155928
  0.19384623224790798  0.20145160086393893  0.20987962893365789  0.21981370790611657
  0.23074564073964199  0.24338463361880019  0.25656365975813100  0.26899787522108848
  0.28096302990811212  0.29244706758709083  0.30474082939380986  0.31705976714619494
  0.33043613508073422  0.34534383603561369  0.35948262325186892  0.37226957629618035
  0.38278911909218116  0.39334718916460731  0.40431847167485235  0.41469646261464033
  0.42435139740815719  0.43495960068683814  0.44490208963812000  0.45442340874274023
  0.46558878154137223  0.47972084862435521  0.49927719054076036  0.51749775407070364
  0.53338269538030381  0.54839973758637206  0.56326106044641189  0.57867512022836265
  0.59476826498703073  0.61086435804714800  0.62591675668828972  0.63953656731013475
  0.65215860176507945  0.66424983437200968  0.67648259288143131  0.68890000266954865
  0.70084154713660141  0.71284305787657276  0.72560317490177273  0.73781514142287130
  0.74888107945915428  0.76111009722938405  0.77346513823012319  0.78576432661414997
  0.79810718490879717  0.81018731553249113  0.82164802566211070  0.83237650665129825
  0.84256978440259245  0.85262706398665389  0.86272156940491684  0.87254847445263251
  0.88072954240240620  0.88743391419183226  0.89466342815619859  0.90090662218146300
  0.90641674489366364  0.91256830122941135  0.91901891566226490  0.92462977273059344
  0.92983842537139139  0.93485644028509829  0.94065770233772827  0.94676613646923125
  0.95263347241171803  0.95868877562957000  0.96572482041831020  0.97293508597860812
  0.97981400339209568  0.98633370716696622  0.99278122737277885  1.00000000000000000
 -0.00276632336922858  0.01005784356628118  0.02092001565368797  0.03078771327459322
  0.04062505012721152  0.05091927721554870  0.06056203363253600  0.07018798824067837
  0.07940279756853982  0.09094944871117108  0.10313016942682528  0.11692017528984937
  0.12858697925669127  0.14092443650592190  0.15393456699472846  0.16756991803839744
  0.18095558121543448  0.19334864014541273  0.20482243184675999  0.21553426275659454
  0.22547455762166896  0.23470815795606287  0.24402374977658456  0.25419075953650228
  0.26487594861529939  0.27557364653477551  0.28586120563536943  0.29557040444333665
  0.30532357303686086  0.31537503995537880  0.32538018024418625  0.33541710241863326
  0.34495147478509791  0.35378256352354803  0.36306274373065800  0.37258191763568294
  0.38144943932368680  0.38987811793128230  0.39897967525022621  0.40938726742854775
  0.42032865326261554  0.43173302786396495  0.44369479346791346  0.45589154431916507
  0.46799763507434494  0.48028926237756819  0.49314532797722560  0.50738121196090202
  0.52221118742729844  0.53439036874091372  0.54654165859732529  0.55868821956411774
  0.57115699515482099  0.58505989559559868  0.59945682520178201  0.61215554471437483
  0.62295383555295814  0.63331758819248518  0.64400001215572023  0.65507588734175859
  0.66588324687504918  0.67608741588700361  0.68598341243725980  0.69540047130764526
  0.70444016885293492  0.71300510708172926  0.72207009417348667  0.73200195560066250
  0.74233101889291597  0.75208327880586001  0.76120522209273245  0.77065634395427762
  0.78113833753592721  0.79029411399032312  0.79752846130758992  0.80391355978361445
  0.81065118379603707  0.81786374505145665  0.82497305864211190  0.83195072968692318
  0.83958937745546514  0.84644035765821879  0.85382146978120499  0.86356689240890416
  0.87421201486733391  0.88445770825117231  0.89530411543625155  0.90744659903492020
  0.92000390571509216  0.93191645167354265  0.94317696219591296  0.95412580560734650
  0.96531635482876177  0.97686726335533836  0.98816625624105403  1.00000000000000000
 -0.06578232436708673  0.83095550051011591  0.91253542436233237  0.94188656686445704
  0.95724858250995248  0.96315517430504460  0.96744233084285869  0.97113588921594207
  0.97427621043349300  0.97701719072651672  0.97944619479579309  0.98127980491232802
  0.98294836518080142  0.98442893284312138  0.98575960970048138  0.98695270691011816
  0.98809567770559481  0.98911327310123009  0.98999935626688818  0.99079359646835485
  0.99150707794735715  0.99214017525818687  0.99270672428801454  0.99321935335186973
  0.99368854948791629  0.99411847523801300  0.99451530462757987  0.99489226281498089
  0.99522558308803410  0.99553902492571578  0.99581292894638396  0.99606059232268085
  0.99629182460910592  0.99650759104835485  0.99669608313191027  0.99687946487087231
  0.99704922916272909  0.99720724693543705  0.99734512415359422  0.99747470815981321
  0.99759911443410587  0.99771933917782429  0.99783236118505392  0.99793561045336521
  0.99803318794046958  0.99812687001658162  0.99821496170588453  0.99829918402868412
  0.99838098307879031  0.99846034531197736  0.99853551710451260  0.99859453469940473
  0.99865005272808449  0.99870147860439829  0.99875071380750458  0.99879928892986469
  0.99884683689918907  0.99889118562033052  0.99893485110815627  0.99897758659290359
  0.99901897170887732  0.99905818690552239  0.99909534475910633  0.99913179327582735
  0.99916760242974600  0.99920264702109984  0.99923607840177098  0.99926838911405613
  0.99929979386665724  0.99933072759765584  0.99936009094228473  0.99938867779507989
  0.99941666836413257  0.99944336465031569  0.99946974750435003  0.99949568830576396
  0.99952026086177148  0.99954460068115636  0.99956867068163435  0.99959177438932112
  0.99961465352254930  0.99963737357171889  0.99965995183468925  0.99968193482259626
  0.99970347339554411  0.99972492672661095  0.99974624164995252  0.99976742334299362
  0.99978856279645401  0.99980991324814628  0.99983159654683784  0.99985672260682834
  0.99988346957874286  0.99991204436351677  0.99995190923397914  1.00000000000000000
 -0.01989871705206118  0.12447022048807151  0.18670346896621151  0.22523039459214339
  0.25364136548997590  0.27527418514351376  0.29215368718715518  0.30899223970546097
  0.32499388268226992  0.33870601895396563  0.35404162831249986  0.36590039905264599
  0.37971485467144345  0.39086721801135027  0.40091396143040064  0.41029219644031178
  0.41941857833501300  0.42955234046840540  0.43927846959591593  0.44871223693781370
  0.45817462123244862  0.46786094940175260  0.47785354471385455  0.48702061046979789
  0.49491501533788590  0.50207711902734331  0.50870152000374558  0.51479348245415635
  0.52045606656110155  0.52571323536078551  0.53036552822531147  0.53566625460108319
  0.54257934059616819  0.54815466473903229  0.55401606654042079  0.55964801343034076
  0.56526182928227087  0.57080736769383711  0.57618533842327901  0.58143227982968826
  0.58684945298885860  0.59281239887607495  0.59938314763780109  0.60505814756996312
  0.61044520767954946  0.61579352674544130  0.62130974204542189  0.62709025376860084
  0.63296903481497568  0.63889216035583452  0.64510003492511481  0.64919193908128814
  0.65256451113134373  0.65593774971449192  0.65945167685888262  0.66303947354289716
  0.66770143665879966  0.67113250617391995  0.67449933205505030  0.67784718284178658
  0.68122225807582115  0.68503904717178132  0.68930935827222695  0.69350487937460514
  0.69779499273732859  0.70207184372750542  0.70634443932336721  0.71127450101647682
  0.71695050843944186  0.72306563073889252  0.72892712760198752  0.73522708283295912
  0.74154906987548941  0.74752733810579408  0.75315160468591347  0.75859016976555560
  0.76390552305050097  0.76908175515929866  0.77445683365463691  0.78008072262810324
  0.78592289330228471  0.79198017297189682  0.79851261847554966  0.80538125601426347
  0.81210928639468061  0.81929069465932858  0.82813984165346755  0.83725043911355002
  0.84651274652012232  0.85735880732460379  0.86839916300213715  0.88081764248692140
  0.89448006104929056  0.91038792787967682  0.93162133034962058  1.00000000000000000
   2.2491150249061450E-007  -1.0000000000000000     
 T T F F F F T T F F F F F F F F F F F F F F F F T T F F F F T T T T F F F F T T F F F F F F F F F F F F F F F F T T F F F F T T
  <DiscreteSampler_grid>
  grouped_processes
  1 # 1 for a reference and 2 for a running grid.
  10 # Attribute 'min_bin_probing_points' of the grid.
  1 # Attribute 'grid_mode' of the grid. 1=='default',2=='initialization'
  0.0000000000000000 # Attribute 'small_contrib_threshold' of the grid.
  0.5000000000000000 # Attribute 'damping_power' of the grid.
 # binID   n_entries weight   weight_sqr   abs_weight
    13   10   3.399518216395265E+001   6.523800409146301E+003   3.399518216395265E+001
    14   10   3.399518216395268E+001   6.523800409146313E+003   3.399518216395268E+001
    16   10   5.249497802488867E+000   1.558397860758371E+002   5.249497802488867E+000
    17   10   5.249497802488871E+000   1.558397860758373E+002   5.249497802488871E+000
  </DiscreteSampler_grid>
