  0.00041877605682233  0.01901541870538615  0.03625423001776323  0.05244937937821951
  0.06830238016104441  0.08444802097276072  0.10232876840350907  0.11378631612535627
  0.12295913276705561  0.13178196099823339  0.14001088049281085  0.14815659912689921
  0.15679097126556024  0.16448343325385748  0.17283678679141135  0.18407353091048412
  0.19596542722347046  0.20946929707477799  0.22461502441482051  0.23302456165010263
  0.23914839683341235  0.24186608819859465  0.24437962613003589  0.24712707526040723
  0.24967231746681146  0.25413708278648711  0.26003133083759700  0.26431661247187427
  0.26886790144441386  0.27316702719767982  0.27826621513561850  0.28369748835339070
  0.28882871323027731  0.29347825491381890  0.29892055770778464  0.30702520894192159
  0.31676538049979325  0.32771262922010541  0.33934180796226748  0.35225086659112009
  0.36411968222196484  0.37585056313729770  0.38911350675989725  0.40164982274216504
  0.41361236520073125  0.42475248405095173  0.43679563942095528  0.44991162430621179
  0.46153724004912305  0.47243477991587673  0.48291174215007271  0.49312684543008806
  0.50810771513308772  0.52635725006569267  0.54511020903557283  0.56165765105669274
  0.57823095837619787  0.59580420526160083  0.62156645263603783  0.64703705207538198
  0.67173702064425955  0.69479595211652645  0.72186273118089339  0.74626383210543468
  0.76497076587838508  0.78262268347647501  0.79632153793197180  0.80952807748947386
  0.82249788150853298  0.83293507859938631  0.84198830710634420  0.84936443567066355
  0.85631407794652525  0.86294964094661286  0.86984419795346080  0.87668718143411006
  0.88210173376776724  0.88722998005269316  0.89168003462876977  0.89703728961237694
  0.90306248457041827  0.90991162499915834  0.91650674103635366  0.92310009554578953
  0.92979342418724054  0.93829180467986983  0.94499994276063759  0.95159244468836435
  0.95781090111469869  0.96429533209191964  0.96963022821447475  0.97437987267635062
  0.98045828316351535  0.98777705374937619  0.99178368627464419  1.00000000000000000
 -0.00000459339801505  0.00015570357071075  0.00064401763563446  0.00184825434232359
  0.00404228746041075  0.00685094760938090  0.00919014507194141  0.01226413295477009
  0.01681119478017815  0.02087189506294884  0.02465113919243712  0.02894810176230831
  0.03425758160346229  0.03923776750705792  0.04487096351560396  0.05485486646373237
  0.06588401498268236  0.07550964964080550  0.08374001967759581  0.09260235941728549
  0.10229300293411800  0.11345463033618096  0.12664795121264516  0.13911464824901715
  0.14978563885001303  0.15924104975831929  0.16773017003643606  0.17701774168337611
  0.18753667928582077  0.19857222225213389  0.21097536455018681  0.22709618478413257
  0.24792416992649274  0.26732151144112593  0.29189495913591751  0.31329800441239214
  0.32636057702197091  0.34212019450563635  0.35580628689156574  0.36679553627070116
  0.37621715876682355  0.38555784316654867  0.39582524624828097  0.40760345040002716
  0.42243672166306989  0.43531145370841290  0.44718620286251309  0.45826640545053382
  0.47039059466727257  0.48396116521940108  0.49640023454831306  0.50618250225608730
  0.51619037251336819  0.52598559796886923  0.53624213412879229  0.55061107250339680
  0.56901033027613857  0.58217924057450110  0.59305953857660576  0.60331482571046779
  0.61500307165860857  0.62609523707494441  0.63501618765432655  0.64354401951895135
  0.65100630605967802  0.65553447265336318  0.65997371061249865  0.66463535518229977
  0.66949638017217306  0.67663274093781967  0.68401423693605912  0.69599016354937959
  0.70787795177655921  0.71916254550847969  0.72931733997179204  0.73829184878977472
  0.74677058537368457  0.75522717257903693  0.76362284205608044  0.77172577374617224
  0.77941099760140486  0.78679374077648001  0.79430520585319619  0.80238845306990669
  0.81055660769023152  0.81847613463640856  0.82678305847299660  0.83485180785653923
  0.84441641072513629  0.85376748834449434  0.86214229452288327  0.87594011881484535
  0.89270224638415907  0.91777748772296319  0.95319458977941807  1.00000000000000000
 -0.00399233081514161  0.01669888682977116  0.03133418499885729  0.04262454951521517
  0.05410563351527119  0.06670720609556632  0.07916817090718797  0.09297696619912563
  0.10735620449037438  0.12176043739146816  0.13383928558840358  0.14529443045656726
  0.15711231076894205  0.16926528621461484  0.18072076923118274  0.19234084494953829
  0.21097402876739477  0.23034877986463992  0.24911104670102674  0.26773411381768147
  0.28419863385123906  0.29630924699223593  0.30801893281492626  0.31378206911066520
  0.31979880933756377  0.32594783842743447  0.33113817908105947  0.33605199469805247
  0.34076155792959284  0.34918453221179324  0.36024200477265705  0.37083988189093298
  0.38163981926656038  0.38905293634631899  0.39506174848524400  0.40296847613369347
  0.41274384858805252  0.42439302366129489  0.43751741370090880  0.45195378592179697
  0.46835326519509818  0.48125677082822110  0.49134756660184936  0.50181736903048058
  0.51309422915773750  0.52469139893622441  0.54049240510540875  0.55754418293834584
  0.57417209427810423  0.59099615826299434  0.60482432457240287  0.61013300629449652
  0.61502706839368826  0.61954715399896398  0.62471936425706198  0.62960117991849585
  0.63422789403635382  0.63907533558206053  0.64455209311278538  0.65044962155030217
  0.65605276178920446  0.66146143350234976  0.66648636376427994  0.67648401634955058
  0.68798409105780833  0.69772664272212215  0.70705908796921357  0.71611022422828885
  0.72432979337066239  0.73137876848462202  0.73735952927496862  0.74396755501287293
  0.75242007208140005  0.76048324778430432  0.76788015150585098  0.77583801324952195
  0.78444318407015834  0.79082211868010321  0.79717436967943778  0.80425273403472308
  0.81210404389862623  0.81916827655343361  0.82575701798560597  0.83350666394316242
  0.85033492861772186  0.86858661802204251  0.88133919148608453  0.89530382597306846
  0.90718750092413714  0.91776119811757262  0.92944813713542518  0.94029866793989891
  0.95150386930466024  0.96509954863243386  0.98182987677313938  1.00000000000000000
 -0.00424514990578366  0.01434444083933748  0.02891939648511490  0.03993415687674895
  0.05022999515762171  0.05893992120728569  0.06566650210834499  0.07055902909347343
  0.07580823146597072  0.08115032812570676  0.08654688063815739  0.09194902036363574
  0.09673423550769898  0.10177000783105275  0.10951230836545893  0.12072443049711157
  0.13416269985144436  0.14863215291571796  0.16325376934191085  0.17854087300981522
  0.19514069661651509  0.21271418064627770  0.22628411181112201  0.23505293281890752
  0.24089715016607458  0.24663500483164719  0.25276812515018654  0.25990659885279471
  0.26663986054284522  0.27508886652336773  0.28071040654564461  0.28493684989080525
  0.28966207495246427  0.30152178889383868  0.32457110538325346  0.34600384123533612
  0.35656462250881771  0.36722585832273202  0.37610219503520731  0.38479884312628576
  0.39476050303225785  0.40830191063616178  0.42485875468312306  0.44301060041519436
  0.45972611077997672  0.46900114150366135  0.47761295021974692  0.48679577410929625
  0.49427306689350586  0.50171457163401767  0.50949190710256120  0.51864123255864902
  0.53349941286313007  0.54994944376087629  0.56100595216325444  0.56970327767645468
  0.57687938484497792  0.58543582725706178  0.59822776831803715  0.61432317775301770
  0.63132347149808177  0.64679857189868728  0.65930579138391843  0.66975029856276724
  0.68105239115098803  0.69260786133200680  0.70568460967021240  0.71920816668089660
  0.73265682037404212  0.74382943841706084  0.75940213593096462  0.77032711431372725
  0.77516640276434812  0.77948011665298822  0.78348249265004422  0.78817623974267648
  0.79520147295956523  0.80240312452039764  0.80951059291986627  0.81691804184030348
  0.82580963815021069  0.84035392312909707  0.85803617079609029  0.87226998289462188
  0.88519556074140859  0.89737761654257786  0.90834000149877347  0.92010494525116693
  0.93376081820586820  0.94772231871700219  0.95769371919885993  0.96517037594727806
  0.97240430408773459  0.98035346643473897  0.98949412924533620  1.00000000000000000
 -0.00518987751448666  0.01933078583374979  0.02777192197848096  0.03851951600832103
  0.04766033321267422  0.05531411170827776  0.06309999602533935  0.07159090063853403
  0.08067048354448451  0.08945361067676408  0.10135769343381507  0.11417535731033962
  0.12744785574302109  0.14480943360196527  0.16371366054524683  0.18014811388894583
  0.19698629396705725  0.21480739605799934  0.22843146604006606  0.23900489099374650
  0.24827382468316425  0.25805137562194957  0.26654915621895170  0.27167031281388382
  0.27559951681583333  0.27971178048842193  0.28358678573325180  0.28735637291074012
  0.29164099148885042  0.29611169266808696  0.30264575129667970  0.31017845869592336
  0.31833423856222559  0.32606947870254943  0.33103423522271147  0.33975504474407786
  0.35566321586281430  0.37407667232880493  0.39226971597104998  0.40675913632998639
  0.42076775783635845  0.43424575202905535  0.44673751159943720  0.45843219891309717
  0.47303279715180496  0.48879974112527508  0.50478367661443113  0.51874958242517077
  0.52867907369091427  0.53723031735557591  0.54544445825067234  0.55301416553313609
  0.56274659176955089  0.57077844026014379  0.57687845144688887  0.57998740217419364
  0.58567891420924945  0.59658612496490993  0.60833723834389464  0.62013046283547080
  0.63456366055125912  0.64794697825486169  0.65925148467111128  0.67054173990362409
  0.68352496539815177  0.69907918114121970  0.71779784605929953  0.73419926215390796
  0.74434692173090711  0.75438772030809520  0.76736913013915253  0.78011208312706759
  0.79276472079275739  0.80790338958906383  0.82099187753740110  0.83207145251244752
  0.84136657867361131  0.85044026313098486  0.85761153351916020  0.86424097994910487
  0.86949329802294328  0.87740567501304956  0.88967437197753585  0.89972176307664131
  0.90814876263625122  0.91531439885641519  0.92183118111841644  0.92883983634605838
  0.93703621466370723  0.94649123492207055  0.95689269915721309  0.96672240956071631
  0.97428259739114575  0.97889614659625601  0.98831168764983235  1.00000000000000000
  0.04676056091053710  0.71252587739854167  0.81181641410325056  0.86730521666719829
  0.90451768651915399  0.92698743550566520  0.94043246943382419  0.94959689319336449
  0.95757672610653721  0.96094541920644894  0.96338055502572839  0.96587790445507693
  0.96830471718847111  0.97041373685653853  0.97244433064016889  0.97440998739055762
  0.97616798819806749  0.97771185084565182  0.97917841141541706  0.98036558882522384
  0.98142954711482910  0.98246531687406302  0.98346635738230703  0.98445633314230652
  0.98540702040482553  0.98630886761281844  0.98714415758754748  0.98785281126134006
  0.98848521199205286  0.98907230372210730  0.98963331234712948  0.99017215180435481
  0.99072575585387956  0.99128560394932164  0.99182049461081201  0.99229781603558076
  0.99272912720609296  0.99314667699678083  0.99357218721448626  0.99399130574137018
  0.99435869883795025  0.99471493163255220  0.99507348796236239  0.99539749893696161
  0.99565713367366504  0.99588030910009950  0.99608271493596334  0.99628038964533838
  0.99647802583143252  0.99667400217823465  0.99684574489842104  0.99700842568374604
  0.99717407558876925  0.99734765666927205  0.99749498028555150  0.99763849329669685
  0.99776946142523304  0.99789326067644890  0.99801360337797662  0.99810224749945076
  0.99818768527772306  0.99827521830873378  0.99835930997079136  0.99843974462663476
  0.99851756229939148  0.99859430870041865  0.99866682468834955  0.99873393345601769
  0.99880051132197656  0.99886172105720761  0.99890699585552900  0.99895227065385050
  0.99899681686151220  0.99904134257836807  0.99908523200864463  0.99912879337793370
  0.99917597477129283  0.99923177527022333  0.99928560879709472  0.99933704077122043
  0.99938429086920411  0.99942736525003639  0.99946964936415272  0.99951068104822116
  0.99955161541007909  0.99959206835693115  0.99963252130378322  0.99966908984093217
  0.99970531006766528  0.99974182538129830  0.99977877553773364  0.99981572569416888
  0.99985680676386535  0.99989814928118470  0.99994763288138278  1.00000000000000000
  0.01015410699699097  0.09940589903293635  0.14253759677496469  0.18529807309178173
  0.22075813742918468  0.25065159067381171  0.28173028979506393  0.30105723364798503
  0.31211340446914249  0.32376223648509078  0.33316218080565052  0.34049929424520958
  0.34969686460834165  0.36576231571912621  0.37814389343847943  0.38565877316905062
  0.39394176985092011  0.40106791354783466  0.40845297112818446  0.41803555727529029
  0.42568794987781733  0.43245347487077396  0.43939332857065633  0.44716195780337015
  0.45681895974847719  0.46760255679616830  0.48035342865853631  0.49619498395996159
  0.50899646400211906  0.51794068732283816  0.52426784724109499  0.53000332970830766
  0.53484188761606155  0.53950720050231460  0.54397247239590940  0.54620018775006984
  0.54908261137715952  0.55249126742095822  0.55601990650996092  0.55987801730949338
  0.56455168965772606  0.56914266535219604  0.57324887457635754  0.57728433533836232
  0.58202677289821225  0.58793573993265369  0.59414622668733363  0.59912801693228046
  0.60280068419314858  0.60649738253287411  0.61112444905346008  0.61592771588062412
  0.62034958793107076  0.62426714171768349  0.62694106873553523  0.62879044123492545
  0.63233190116828730  0.63701731283022256  0.64017846719108307  0.64261519088303387
  0.64531203314346552  0.64815506353329555  0.65095253265172270  0.65371846194301886
  0.65639934182968429  0.65914557371694438  0.66184063499505086  0.66459800684904125
  0.66791925407239261  0.67280011859061539  0.67720542320037613  0.68098826656782852
  0.68410146891801060  0.69102112830780871  0.70075513424245350  0.71250564107187309
  0.72217442850181179  0.73058877055766680  0.73727162998567797  0.74338619874418466
  0.75142032104831280  0.75928262937263857  0.76690161091220244  0.77435637112119571
  0.78311517741764058  0.79271214889672570  0.80397459181177455  0.81738808149990716
  0.83233341209095368  0.84741054966037654  0.86147161862766630  0.87284838099795636
  0.88515521151660814  0.89916735951947990  0.92451533628180349  1.00000000000000000
   1.3896601919411579E-006  -1.0000000000000000     
 T T F F F F T T F F F F F F F F F F F F F F F F T T F F F F T T T T F F F F T T F F F F F F F F F F F F F F F F T T F F F F T T
  <DiscreteSampler_grid>
  grouped_processes
  1 # 1 for a reference and 2 for a running grid.
  10 # Attribute 'min_bin_probing_points' of the grid.
  1 # Attribute 'grid_mode' of the grid. 1=='default',2=='initialization'
  0.0000000000000000 # Attribute 'small_contrib_threshold' of the grid.
  0.5000000000000000 # Attribute 'damping_power' of the grid.
 # binID   n_entries weight   weight_sqr   abs_weight
    13   10   2.694983598558978E+000   2.995681793895040E+001   2.694983598558978E+000
    14   10   2.694983598558977E+000   2.995681793895034E+001   2.694983598558977E+000
    16   10   2.187801054952862E+000   1.970248428949651E+001   2.187801054952862E+000
    17   10   2.187801054952861E+000   1.970248428949647E+001   2.187801054952861E+000
  </DiscreteSampler_grid>
