  0.00214080435532498  0.01903693829021899  0.03397914763882338  0.04689347719584244
  0.05902706956057645  0.07113895184178801  0.08317856407940011  0.09514883289677421
  0.10682399684381504  0.11822257533007532  0.12955034584479763  0.14100597353189026
  0.15242311644478856  0.16357790575254169  0.17461405900893473  0.18573384673377116
  0.19695398045935469  0.20793880063761747  0.21871977441758653  0.22978863411488226
  0.24092958413093121  0.25188314636449377  0.26283223913169901  0.27389446680351098
  0.28467370598286185  0.29530308734131833  0.30605185383641648  0.31697954238488713
  0.32774027056961563  0.33862594228832527  0.34948305705044075  0.36012077827294264
  0.37042573506687659  0.38100329688339096  0.39189031164824689  0.40293582243058190
  0.41393410635691685  0.42502096341076306  0.43586594765755649  0.44653346381706782
  0.45691237571525389  0.46744192563756914  0.47804875178599338  0.48868196660772856
  0.49953350477604874  0.51050376327406910  0.52153410802962108  0.53255395497294167
  0.54368289565375760  0.55479143567693290  0.56595519094447411  0.57721505231037318
  0.58833712987352127  0.59915820273134190  0.60991252319939726  0.62064208418605094
  0.63094103993045747  0.64089017913735746  0.65086693066814805  0.66101843536231630
  0.67072099222170045  0.68004793043578793  0.68955141905663242  0.69949560084786266
  0.70966235985595483  0.71963866024738987  0.72940709782695334  0.73953452228579286
  0.74991498401615442  0.76039068753915606  0.77088129520871262  0.78100729527837887
  0.79094171466774565  0.80100953970711541  0.81126444582731783  0.82152773456607053
  0.83154509083134676  0.84161344373516633  0.85170283556503568  0.86170192461929151
  0.87173714290344062  0.88166260293544729  0.89163106238667555  0.90138738867683055
  0.91104741889204777  0.92057961079852413  0.93003530965862180  0.93907242058486029
  0.94769877753304055  0.95613642978982427  0.96431959879002094  0.97210457413785145
  0.97929465081746148  0.98601510616453547  0.99267683486390645  1.00000000000000000
  0.00000070558506826  0.00000081413209456  0.00000093086548421  0.00000104563406319
  0.00000116278370514  0.00000127938622192  0.00000140178276163  0.00000152795520384
  0.00000165735576162  0.00000178722512329  0.00000192316394650  0.00000206674350749
  0.00000221279766865  0.00000236305985511  0.00000251720672010  0.00000267861745548
  0.00000285277373655  0.00000303370152092  0.00000322239202140  0.00000341961370718
  0.00000361905960231  0.00000382775614375  0.00000404264670077  0.00000426168330682
  0.00000449357643304  0.00000475273326574  0.00000501145386977  0.00000529046904405
  0.00000559011454186  0.00000589579408870  0.00000622854522623  0.00000658759541111
  0.00000695702516622  0.00000733870214630  0.00000774420285101  0.00000816910669338
  0.00000861831188738  0.00000912078427471  0.00000964453099716  0.00001020365949732
  0.00001082229898814  0.00001147766062178  0.00001217437483392  0.00001298764563414
  0.00001379512117648  0.00001471782929665  0.00001568891680815  0.00001672954537736
  0.00001789473330674  0.00001912621066712  0.00002053583764081  0.00002205144338227
  0.00002375987044842  0.00002562211055363  0.00002770200315029  0.00003000726292554
  0.00003262144831694  0.00003560368960070  0.00003888053340239  0.00004240683084494
  0.00004636370918903  0.00005069422479422  0.00005577423390855  0.00006122488855405
  0.00006769035810699  0.00007443701210746  0.00008230402951308  0.00009108359864047
  0.00010101607705718  0.00011182606367587  0.00012318362499598  0.00013635244725030
  0.00015102841743790  0.00016638656443464  0.00018450548398986  0.00020379810814869
  0.00023307007595061  0.00026645520980101  0.00030019432438982  0.00033415979560843
  0.00037330675235144  0.00041833535388331  0.00046485952178447  0.00050874934555405
  0.00055028670941237  0.00059184367032289  0.00065249571432997  0.00075428951536322
  0.00087664379253034  0.00099257130281128  0.00115884723591677  0.00134912214237077
  0.00158680671054495  0.00189862529116476  0.00531879642887087  1.00000000000000000
 -0.00186007151435552  0.00660989819456633  0.01391514721802259  0.02116307372575426
  0.02851756216992600  0.03598993895340051  0.04366126194677590  0.05147411502163382
  0.05920322401923089  0.06695783177775035  0.07471920297360762  0.08245831926763945
  0.09037085570274504  0.09854762327399917  0.10709930721328073  0.11629497920109619
  0.12569545695554993  0.13477742394118811  0.14354128711119779  0.15234568257140102
  0.16129844053715120  0.17044973756346529  0.17958509702183870  0.18892721510753197
  0.19891206483857854  0.20897000304640542  0.21870515521165931  0.22839694342025477
  0.23825883674611717  0.24844720612620919  0.25839456332979793  0.26810305903503756
  0.27826024150567369  0.28868701919881951  0.29880881958033473  0.30910527567870727
  0.31960075664800325  0.33061224729993599  0.34178663469824561  0.35323332570239013
  0.36481453711611184  0.37678429976011196  0.38892702212029401  0.40087024846970387
  0.41247659088950722  0.42463660818328430  0.43680187059407860  0.44886513576823811
  0.46092479248924273  0.47344917360153149  0.48589009293470958  0.49846868131800515
  0.51118315747123810  0.52358127051831160  0.53607978641305021  0.54847840925677094
  0.56104971090354328  0.57334716368703120  0.58551619642591946  0.59762376785604632
  0.61006276432403295  0.62296813279106689  0.63583168368960152  0.64874314081120354
  0.66199907827815663  0.67479083723840738  0.68690644975761195  0.69881965998255879
  0.71078631245173041  0.72292579683536462  0.73526149752578529  0.74778721701169193
  0.76032184228496491  0.77276014912716884  0.78470662002932012  0.79645594894999794
  0.80788954302175453  0.81900643005255158  0.82966390054567019  0.84020334096780824
  0.85058805721477959  0.86065595355622537  0.87064846666391704  0.88075975866879630
  0.89085075621845111  0.90094017041944696  0.91113505802728101  0.92156192507351264
  0.93205517175615626  0.94223305872409246  0.95200701328792670  0.96165143867596337
  0.97124493825374891  0.98090386743757352  0.99045480317833046  1.00000000000000000
 -0.00035943542344868  0.01259336910033081  0.02201056481667519  0.03240863722610399
  0.04271668514465497  0.05294570818307997  0.06329967094792292  0.07386507149710897
  0.08412592880739285  0.09494726895679491  0.10561933047035769  0.11624192490102196
  0.12694140797798367  0.13720070852184540  0.14760456238185488  0.15804298612522660
  0.16840814796742865  0.17837055758159487  0.18790070755476587  0.19740033516817451
  0.20690436715344554  0.21663550795460124  0.22669435137428454  0.23745597654502421
  0.24829755201316922  0.25909949824127415  0.26981342014445364  0.28047895772366133
  0.29106573415239789  0.30125927178437245  0.31159900879666741  0.32219637984538285
  0.33303346075258655  0.34381808794040997  0.35481174203274390  0.36624247971802837
  0.37755839277367909  0.38820224362340722  0.39870698881360056  0.40942123649530893
  0.42005679964095954  0.43064030984521506  0.44111642399644352  0.45135797005231648
  0.46118589875879190  0.47028611016053395  0.47957867930286313  0.48920090368685903
  0.49944724056541301  0.50988486465319005  0.52047104281685197  0.53113350304755969
  0.54205347371076151  0.55294131654807666  0.56392080484034501  0.57473883626201183
  0.58540134399923394  0.59622522790368826  0.60691919794564475  0.61759857610963431
  0.62811887173886116  0.63879308664265444  0.64962684641205204  0.66033734900036367
  0.67109739627770448  0.68215973576367916  0.69358156696037609  0.70454573559660150
  0.71522526268795616  0.72578682252637283  0.73639136203018907  0.74695078457774489
  0.75764178273550697  0.76842213343720878  0.77915954096700291  0.78996788773900617
  0.80101261715872507  0.81213980045414569  0.82305402097067593  0.83393603390026738
  0.84456168446633484  0.85530952804470339  0.86583263882432981  0.87630276012294261
  0.88658734976074027  0.89679795928778572  0.90714030165613413  0.91746380713975395
  0.92809095602083147  0.93857703220694233  0.94943474621613833  0.96006049083411393
  0.97001415638956356  0.97999871638159874  0.98987002290732662  1.00000000000000000
 -0.00227186946612626  0.00993751468531669  0.01999977680203095  0.03003870391884352
  0.04002765517669378  0.05046089322304183  0.06075775652442202  0.07200396989780589
  0.08327136351883219  0.09470990359603228  0.10589734353143189  0.11705708007242560
  0.12813995487018426  0.13893370412935627  0.14947570704576130  0.16014757758422188
  0.17080473937125565  0.18162472812610050  0.19298283340199102  0.20442253762203319
  0.21551519940630079  0.22613753492242969  0.23657669861157349  0.24712986108838803
  0.25770179518466430  0.26808489877542890  0.27822994205429413  0.28838676746863129
  0.29880173006857630  0.30945310405697818  0.32029548251310735  0.33160697173176901
  0.34287986222721739  0.35392258172615343  0.36475723546307304  0.37552521481755891
  0.38609765026350396  0.39655445338799500  0.40697402977023012  0.41722118059953944
  0.42741281377327034  0.43771897244778940  0.44865162824945887  0.45958409836577696
  0.47025678541577182  0.48097759365104314  0.49190583857875309  0.50294571290649770
  0.51388719192261456  0.52484729054688994  0.53602095396369553  0.54686098679141504
  0.55756954697861050  0.56817288450444625  0.57859267163145089  0.58875235036566542
  0.59889984719007483  0.60915528377999761  0.61950672677127983  0.62978167897592940
  0.63980321191496980  0.65007875323044917  0.66047104486315877  0.67112742156055660
  0.68151124171322230  0.69174924756198508  0.70198437464651120  0.71245120190829192
  0.72301409582376674  0.73338228187324050  0.74367864917998394  0.75409414642602368
  0.76463790397332398  0.77518932949214536  0.78580790131828215  0.79637949731472224
  0.80680268595572036  0.81699736357028230  0.82724050427111862  0.83762416461343547
  0.84812318740118497  0.85863778403935942  0.86896613273388545  0.87911926169797106
  0.88927968158798898  0.89960062782534200  0.90996436270220227  0.92024888085810086
  0.93043534717305743  0.94052578615587346  0.95051479977824316  0.96038902592087272
  0.97022963248558280  0.98010530768021265  0.99005471068346673  1.00000000000000000
  0.08036535388819639  0.17958031488966458  0.26317706960941251  0.33108476119257718
  0.38504847279841720  0.42820593589431832  0.45931219210310226  0.47807398763254755
  0.49116451568884872  0.50134074876163814  0.51001337312962758  0.51746988392769688
  0.52409604940056054  0.53005837890112928  0.53621541757693680  0.54119030916070432
  0.54589145251987992  0.55015628168116537  0.55487611069569653  0.56014947760571032
  0.56549244630938122  0.57033520066468635  0.57428926105190459  0.57792368749198242
  0.58138929772055392  0.58471912744052934  0.58797573483959886  0.59124285128736309
  0.59455450031558243  0.59780721588086783  0.60099306745216197  0.60410083001283144
  0.60713566526060558  0.61013131783886931  0.61315574480553436  0.61625344535220228
  0.61935767440929590  0.62245245388573500  0.62551300100188378  0.62855430699027870
  0.63160263983129872  0.63468213665225748  0.63783695114399330  0.64106020354042104
  0.64431035358392441  0.64773114785384678  0.65125069057194906  0.65482234564557829
  0.65843470410494820  0.66208073877201679  0.66577473934005282  0.66964938764061221
  0.67363638019590855  0.67766680195934392  0.68172585275699660  0.68581908233157562
  0.69001565461329173  0.69431797171719367  0.69868163875745704  0.70307045443802763
  0.70750028994259195  0.71204310339021393  0.71670224730004928  0.72143203744129936
  0.72619244407625039  0.73113223122784210  0.73622366038028919  0.74142404839274278
  0.74672768431040526  0.75220676908599793  0.75784064800158202  0.76360747946953922
  0.76951724329304672  0.77568505478776084  0.78214482638687977  0.78871530577238591
  0.79546238108489575  0.80224325965993204  0.80910581264520542  0.81623748330949020
  0.82367592848627547  0.83135468382725308  0.83939009177163459  0.84767637193427681
  0.85627226734169737  0.86537744271147599  0.87488343932437140  0.88494631991441752
  0.89564168607997086  0.90716908922458750  0.91957792622037626  0.93290019530655366
  0.94695756613745119  0.96235904224742019  0.97980379383115213  1.00000000000000000
 -0.01710446616574245  0.11401468980919045  0.15592969035157614  0.18294669074166514
  0.20492077424686028  0.22375542974639939  0.24005200392776019  0.25508505582258140
  0.26930018604009481  0.28252928679924572  0.29504692654033504  0.30699597930524436
  0.31816970438088482  0.32882763119382569  0.33933969805333525  0.34987455275889678
  0.35984413975030605  0.36935473547889480  0.37857898728959177  0.38753166452025278
  0.39627071673273578  0.40453197247897094  0.41268008631970909  0.42076686428753624
  0.42890715347124470  0.43709410085822442  0.44527954860495078  0.45327213650774695
  0.46108028375490995  0.46871728715373157  0.47634993074887994  0.48393211005877707
  0.49135571014339063  0.49873818432764128  0.50591376439741764  0.51305135781408184
  0.52009883536190982  0.52708631958153185  0.53406662164051411  0.54102654251703719
  0.54783728490415184  0.55455193244851320  0.56102712748773298  0.56719006394169791
  0.57318546183924712  0.57910588968589582  0.58500017774396174  0.59081788774150656
  0.59663012652588443  0.60255076656906514  0.60854395878854017  0.61446643803418166
  0.62028311085079357  0.62604222023557565  0.63169630108562125  0.63721729450997044
  0.64260601552689434  0.64779436116177158  0.65283543712194558  0.65779511338929630
  0.66276570036795612  0.66772657735673824  0.67269965505032203  0.67759089129317407
  0.68239356846444121  0.68714416305911086  0.69210019975745440  0.69717201446074950
  0.70220414302575684  0.70739572546196472  0.71261897059348733  0.71770561851756998
  0.72268735907273773  0.72768033992066272  0.73288261268553345  0.73828889004953457
  0.74380361014521823  0.74941900875464396  0.75501588735443237  0.76063145737866167
  0.76628938718924211  0.77188857323149329  0.77780500843980949  0.78411610170436030
  0.79087074600823781  0.79680803777445175  0.80231923431241348  0.80768903356166066
  0.81295555840910316  0.81977585508300743  0.82699734941975289  0.83543989965575216
  0.84540723098420134  0.85660969448181901  0.98241902421768745  1.00000000000000000
   2.5604724884129888E-005  -1.0000000000000000     
 T T F F F F T T F F F F F F F F F F F F F F F F T T F F F F T T T T F F F F T T F F F F F F F F F F F F F F F F T T F F F F T T
  <DiscreteSampler_grid>
  grouped_processes
  1 # 1 for a reference and 2 for a running grid.
  10 # Attribute 'min_bin_probing_points' of the grid.
  1 # Attribute 'grid_mode' of the grid. 1=='default',2=='initialization'
  0.0000000000000000 # Attribute 'small_contrib_threshold' of the grid.
  0.5000000000000000 # Attribute 'damping_power' of the grid.
 # binID   n_entries weight   weight_sqr   abs_weight
    13   10   5.199785564044158E+004   4.141709987451777E+009   5.199785564044158E+004
    14   10   5.199785564044153E+004   4.141709987451750E+009   5.199785564044153E+004
    16   10   1.662981517275770E+004   4.321521105821616E+008   1.662981517275770E+004
    17   10   1.662981517275768E+004   4.321521105821584E+008   1.662981517275768E+004
  </DiscreteSampler_grid>
