 -0.00113673673081084  0.01553086432643651  0.03164914870416889  0.04700256021981465
  0.06018532456669308  0.07023861524580240  0.08118985449895628  0.09274038111327784
  0.10489421699905598  0.11705608656704600  0.12403146659684594  0.13063673031501150
  0.14011716222350842  0.14852744029326173  0.15392229647927805  0.16121135144334670
  0.17108386310042897  0.18146304801755542  0.19153684446424121  0.20117924328968795
  0.20884627835333203  0.21656762089340767  0.22246271381042479  0.22918628696379043
  0.23634772524659306  0.24565395554303812  0.25686587982484121  0.26841808851152443
  0.27919564514146089  0.28914741376732800  0.29869797366108308  0.31075069089515750
  0.32077469250452467  0.32816826916262237  0.33561717178431949  0.34316500768153602
  0.35022211397346775  0.35688171434282989  0.36294071333338590  0.36863911819414813
  0.37703455498120525  0.38854214849793089  0.40301750393237556  0.41767073490213646
  0.43445643691958319  0.45292947318128024  0.47091365016147713  0.48557986262228592
  0.49795794770797114  0.51019977284975138  0.51979586278694545  0.53389853781639829
  0.54797389462254487  0.56141855660123630  0.57377186387091450  0.58459020959646968
  0.59434775358783343  0.60327087596113160  0.61129454936305194  0.61904910716442341
  0.62693446235766537  0.63621760773883129  0.64615718852763193  0.65580262871715622
  0.66436203160038410  0.67256560420547518  0.68219570096304349  0.69213555026377394
  0.69985295165460615  0.70786334243285731  0.71802869169649841  0.72925991902116127
  0.74178671174858379  0.75587611271079469  0.76408012723283592  0.77543419417111792
  0.78827675515029738  0.80334727368785330  0.81887917983692449  0.83421133746896403
  0.84987178150343567  0.86499401159646527  0.88096200223353371  0.89445474430974292
  0.90543135351570792  0.91575268407373034  0.92360419895657231  0.93301462343872332
  0.94272627226168004  0.95087584568516537  0.95807813157986543  0.96440112089071017
  0.97132829241537300  0.97822550763228566  0.99219649763656037  1.00000000000000000
 -0.00004085004557936  0.00100915572673709  0.00304846284274219  0.00496983067783606
  0.00926148177418635  0.01272423011810196  0.01710178997827034  0.02388814084524220
  0.02951248455706299  0.03415321616189303  0.04022101731504756  0.04815463676156042
  0.05720135499080785  0.06638006154683801  0.07502855690788175  0.08369173083876312
  0.09173852700777972  0.09976176274746569  0.10882086192952102  0.11737646330166449
  0.12493612579116542  0.13298013422876453  0.14299173787388758  0.15308543963052915
  0.16309688086021021  0.17270638529649385  0.18014557938810843  0.18947432715068882
  0.19900033800360398  0.20862547632063846  0.21734851826127907  0.22482845320239353
  0.23245221558430096  0.24042949558828583  0.24891394158815705  0.25810627862821744
  0.26686916082454071  0.27462966309117898  0.28216613830028708  0.29028480927578332
  0.30020709424305408  0.31115737542342359  0.32287933803638236  0.33565696639377141
  0.34934127386078523  0.36354130987571792  0.38110062084563323  0.39831107357711187
  0.41534604279178688  0.43240304266945589  0.44789457108547870  0.46522897313796835
  0.48417682955572622  0.50348381966154943  0.52399960431283155  0.54591356513844314
  0.56208474458353352  0.57649859689629102  0.58830932197498709  0.59786330756719075
  0.60771750532446256  0.61824878417798035  0.62857428534766990  0.63726884236402481
  0.64630768815620587  0.65609148097756176  0.66619441982233873  0.67801980429710806
  0.69110195928533646  0.70371235354770223  0.71562721773347626  0.72617604657903645
  0.73756034084521926  0.74842463671569615  0.75831273903195462  0.76768647793637579
  0.77722257146193230  0.78748384277143935  0.79701264967246632  0.80571277637483418
  0.81433046233101836  0.82349772981960889  0.83366488159268348  0.84581049291965460
  0.86005728604000908  0.87248716898418677  0.88412802655535194  0.89597788732349348
  0.90800829127750515  0.91941611746383134  0.92981110828034075  0.93995726369047705
  0.95240699663599138  0.96738097825972746  0.98313270555648713  1.00000000000000000
 -0.00241500799972319  0.01078949774344273  0.02018308864136724  0.02924213664401661
  0.03871425124920023  0.04846055910387007  0.05850638657830946  0.06791680459422177
  0.07503029529706660  0.08212034271524206  0.09096874670178599  0.10155519966244285
  0.11551928202618501  0.13374675233572458  0.14936041549117524  0.16421136214893639
  0.17856210854412438  0.18731658614214944  0.19605991276282839  0.20421019028665147
  0.21237130107517235  0.22041971385777928  0.22812569690292392  0.23617009756843310
  0.24710120149406675  0.26062737515160395  0.27505106591725542  0.28965021712178696
  0.30541080640382662  0.31994119106299834  0.33401756794680759  0.34802906577707932
  0.36269639690697258  0.37608007824414685  0.38747434299144878  0.39882747840016441
  0.41071618934582332  0.42253209827027760  0.43506454369038594  0.44847336379170893
  0.46228138333211621  0.47506684621796752  0.48661122469720097  0.49811600165382403
  0.50795640713022971  0.51685402197683550  0.52702563359591781  0.53821143748287725
  0.55032310875268764  0.56610482286711949  0.58032661278525977  0.59346908304590196
  0.60386973640881247  0.61414496816521824  0.62416767862978628  0.63051779281423526
  0.63768052103169581  0.64432567920189399  0.65009582638077568  0.65637829701688577
  0.66497123309157180  0.67414231705385330  0.67949531524341455  0.68397905018943683
  0.68998605340033381  0.69875625908529071  0.70893330848603320  0.72110005577332159
  0.73478769583003334  0.74765128274127912  0.75889035209382971  0.76925426507217232
  0.77954490560621914  0.78905177955635630  0.79782983605031399  0.80742659878332579
  0.81852490007353362  0.83137038719603717  0.84681246371339147  0.85782810487966610
  0.86828692783139982  0.87833060371843186  0.88814087852273305  0.89716913802731946
  0.90362861889157620  0.90840145730902278  0.91402512832241001  0.92023266998153808
  0.92662685662783895  0.93346536012605286  0.94056530249171610  0.95015453328989641
  0.96403833248305604  0.97682127299889787  0.98891562194512839  1.00000000000000000
 -0.00259252783038473  0.00814996350656059  0.01868083359323893  0.02858210280207263
  0.03746928818260700  0.04634542037327944  0.05536467808000332  0.06386469360324851
  0.07492572830498338  0.08680565091491413  0.10028479889525888  0.11428954434124304
  0.12703374273320081  0.13798833220832593  0.14679771751918053  0.15361805747650223
  0.16084167242239575  0.16872733858797900  0.17774284071259741  0.18635545023392863
  0.19579228783107502  0.20589564680914105  0.21795174170753157  0.23149402393379759
  0.24648280873013306  0.26196977769999696  0.27909021346653984  0.29486833512912253
  0.30600988148033786  0.31822808037993616  0.32983562035903813  0.34010662979688477
  0.34979960415983002  0.35985522521314556  0.37104805679751368  0.38181049774042503
  0.39246867034102700  0.40314469763833172  0.41497464634088960  0.42723390306429559
  0.43904560703541989  0.44985677160897430  0.46174861193331734  0.47608157783247074
  0.48409458049051463  0.49123266767434770  0.49842243012954335  0.50642392887980325
  0.51439669147887912  0.52154080308761952  0.52842843505017623  0.53706579572973723
  0.55347210394217938  0.57194398470696706  0.58672755899281126  0.59708483522415234
  0.60329260472982660  0.60749512581893339  0.61338958997955084  0.61909864194360986
  0.62400721308630047  0.63164221726602310  0.64267797798604809  0.65549035306920933
  0.66801175550358460  0.67834570255909210  0.68786653376152951  0.69777324540969765
  0.70655489239076152  0.71494888840290438  0.72444770430215677  0.73448353301271163
  0.74239434719227404  0.74895490749637461  0.75563382618228014  0.76285176175565383
  0.77200473611300546  0.78214396723720536  0.79156242901743690  0.80044705695505647
  0.80971646568787325  0.82025513791031002  0.83221458004969429  0.84434360339329650
  0.85565300830989632  0.86649390163365270  0.87712625153589008  0.88761871786893276
  0.89865812717015359  0.91050510703306564  0.92302558655026812  0.93581658139376533
  0.94834941426619901  0.96342908385498360  0.98062506748650047  1.00000000000000000
 -0.00245312357979178  0.00945929501956897  0.02186903717145320  0.03479605122997291
  0.04636104522030266  0.05863340829071577  0.06731415020035549  0.07604452843593876
  0.08560637368537670  0.09556163338143203  0.10471915285877870  0.11563560872727999
  0.12678540952150760  0.13839215357395607  0.15090242285083774  0.16378633926112368
  0.17613383974345170  0.18824669898766105  0.20222155441714845  0.21354483724728315
  0.22288479747374032  0.23279277492033182  0.24332591399166514  0.25137117318023938
  0.25980261931270804  0.26823179494994209  0.28026622139155333  0.29347495268418755
  0.30574286523493738  0.31658443037098744  0.32541810867327053  0.33567233436797628
  0.34491741108391344  0.35484533428706777  0.36710990256456549  0.37627350183659292
  0.38608572912446631  0.39665138303829572  0.41335940724339826  0.42927742906285882
  0.44426847520592561  0.45769394670610525  0.46883032522021695  0.47836383512583153
  0.48701941327280085  0.49685490713296221  0.50731028370939413  0.51586963555542420
  0.52753880394697406  0.54237471905905277  0.55831082520373188  0.57161392564030389
  0.58414635392623082  0.59619610010802604  0.60789378927494686  0.62317371163851920
  0.62929737505957406  0.63429707927110712  0.63942927460103449  0.64514047811003472
  0.65139868476255181  0.65953846441073960  0.66605771015638027  0.67348547297450245
  0.68426134406733696  0.69608511755375846  0.70411281150150529  0.71275657671318038
  0.72116305166276484  0.72904395398043875  0.73587066985743110  0.74328537510019743
  0.75112729036976411  0.76149870545543030  0.77327569666349161  0.78698936955626719
  0.79946461881658049  0.81101578438473387  0.82321500778286349  0.83521242481284896
  0.84761639533616140  0.86059124057908853  0.87371469787418443  0.88602160738229696
  0.89674442301751034  0.90431518748443052  0.91100263301112561  0.91798368615739745
  0.92624967296150451  0.93514655969023153  0.94463737801722292  0.95456571804383084
  0.96667042420741878  0.97937067814020418  0.99007451385977951  1.00000000000000000
 -0.07489984801078095  0.84324558660697069  0.91416927671656545  0.94203196673238843
  0.95813382741243092  0.96423483590913983  0.96861137653674045  0.97228740739078856
  0.97564699770327257  0.97868489815523696  0.98093697400335444  0.98269265112767412
  0.98433574719498707  0.98582498589459810  0.98723834242593067  0.98856957279713109
  0.98969440505538286  0.99052412297796966  0.99126789412331351  0.99196725033500432
  0.99261759470289745  0.99317389373454001  0.99366299483258314  0.99409009868148990
  0.99446408951962650  0.99479023749922812  0.99511788734471396  0.99543833952335814
  0.99574470328631792  0.99603440727201320  0.99630700192575028  0.99655971676169663
  0.99679283452670997  0.99701050996465623  0.99721221039786889  0.99739691824020249
  0.99757096419713565  0.99771385403199531  0.99783503726376666  0.99794814249457886
  0.99806129271302158  0.99817719540424388  0.99828607717240392  0.99838901807082447
  0.99847711228747649  0.99854606839696292  0.99859892476612300  0.99864475740309311
  0.99869365298075574  0.99874445774008513  0.99879523546644400  0.99884442617108560
  0.99889090885853915  0.99893336181636894  0.99897515304014728  0.99901522900491202
  0.99905525789651051  0.99909395034890436  0.99913056409170742  0.99916525211583795
  0.99919761415349762  0.99922968315942640  0.99926217206517598  0.99928789861891232
  0.99931419759392137  0.99934053975169856  0.99936592902096744  0.99939038973610761
  0.99941330334002598  0.99943541566873528  0.99945651302673688  0.99947588142470711
  0.99949569468362620  0.99951510710543678  0.99953376340890021  0.99955429702047038
  0.99957342891629009  0.99959163214260638  0.99960919223612321  0.99962697886003615
  0.99964406060657174  0.99966093100420050  0.99967814294410684  0.99969534729078391
  0.99971291573298648  0.99973072536042129  0.99974841509428503  0.99976730895768628
  0.99978653010724816  0.99980576422915979  0.99982751139227688  0.99985038763628709
  0.99987499124351464  0.99990843695436060  0.99994923797251201  1.00000000000000000
 -0.02633075414554585  0.15971403909776469  0.21924515322364066  0.24934384020620365
  0.27363994447589129  0.30013399740674812  0.32531200409510569  0.34349412458245360
  0.35823158727913590  0.37302422496778531  0.38473478341585532  0.39338672895066040
  0.40316384909187253  0.41400888582657824  0.42543491094494706  0.43680750233063881
  0.44618176791592845  0.45261454431427206  0.45915114101828536  0.46628885631962447
  0.47284673961216028  0.47862322947435287  0.48397499036444319  0.48824069130397002
  0.49258053801273777  0.49809009442011087  0.50380779294267353  0.50902301659086679
  0.51460048106802958  0.52034523997562521  0.52616715135559933  0.53196625470454006
  0.53571599901259292  0.53797728731712546  0.54035579745847662  0.54267157433251456
  0.54516613463764974  0.54799663198130777  0.55039442219594426  0.55333453289931078
  0.55821056600379126  0.56531809978198599  0.57257357861301539  0.57989599887011667
  0.58732344165116590  0.59332698172559328  0.59942960643935628  0.60594954072495411
  0.61198622967176453  0.61700552896854888  0.62168289120236009  0.62594357868586536
  0.62869405223340857  0.63265573822747845  0.63702585332349504  0.64132668495757650
  0.64555622756815889  0.65003037933812369  0.65487304447186623  0.65950779370304657
  0.66384169136273197  0.66792194681508565  0.67226864191066560  0.67723455105763974
  0.68211554476646796  0.68675276169526223  0.69287133801504674  0.69872581067483885
  0.70488311166781981  0.71122092396372383  0.71763898659796932  0.72399549129935215
  0.73010256062773626  0.73602787906043377  0.74209988191688092  0.74796384291412144
  0.75357694145483867  0.75908556838736418  0.76486308992303131  0.77083236699545266
  0.77720934770108030  0.78445055648683693  0.79263689994074016  0.80166801445113711
  0.81210612571404328  0.82495568043132883  0.83817737587645891  0.85051510794492047
  0.86092021624647752  0.87013699082015428  0.87733170542294203  0.88468725309610952
  0.89750176156396089  0.91095981649249003  0.93107612161581688  1.00000000000000000
   7.9653537744175110E-008  -1.0000000000000000     
 T T F F F F T T F F F F F F F F F F F F F F F F T T F F F F T T T T F F F F T T F F F F F F F F F F F F F F F F T T F F F F T T
  <DiscreteSampler_grid>
  grouped_processes
  1 # 1 for a reference and 2 for a running grid.
  10 # Attribute 'min_bin_probing_points' of the grid.
  1 # Attribute 'grid_mode' of the grid. 1=='default',2=='initialization'
  0.0000000000000000 # Attribute 'small_contrib_threshold' of the grid.
  0.5000000000000000 # Attribute 'damping_power' of the grid.
 # binID   n_entries weight   weight_sqr   abs_weight
    13   10   7.797012971390828E-002   5.602899745442354E-002   7.797012971390828E-002
    14   10   7.797012971390836E-002   5.602899745442367E-002   7.797012971390836E-002
    16   10   2.250338732976616E-002   4.669100050407116E-003   2.250338732976616E-002
    17   10   2.250338732976618E-002   4.669100050407127E-003   2.250338732976618E-002
  </DiscreteSampler_grid>
