  0.00192677262966347  0.01947222864248961  0.03522883380116588  0.04845199412785121
  0.06072384301796181  0.07276602938857583  0.08461935773073249  0.09615442932621412
  0.10751213250077429  0.11879077877353875  0.12988987402264421  0.14072093871363589
  0.15169660394628173  0.16279619983968227  0.17388200455894001  0.18487817188466465
  0.19559783016480795  0.20651971911394726  0.21717246732051568  0.22766741517139374
  0.23822097022003591  0.24896852028244418  0.26060366665238882  0.27237570631244712
  0.28398960148035812  0.29532320161375653  0.30635330146829381  0.31735721521963628
  0.32839995633247226  0.33954468328221010  0.35060251392398384  0.36139914564009051
  0.37199470207589913  0.38264704821617218  0.39320674356332191  0.40354707090151454
  0.41379881932578277  0.42445299180533402  0.43539621888157809  0.44598389019290335
  0.45655815652459419  0.46759254558104735  0.47884127053178543  0.48968253945880391
  0.50022670134007963  0.51112302060173553  0.52218201461139080  0.53321658704642316
  0.54432250832456375  0.55543557855158410  0.56644787863754009  0.57749293886150022
  0.58814323665728740  0.59861713047755027  0.60938656353931364  0.62053237409148487
  0.63159694276890088  0.64213622888513644  0.65254469029545148  0.66266061488575290
  0.67256939893526269  0.68261425834509615  0.69302878196649043  0.70351205417750851
  0.71376594978670160  0.72397139869894089  0.73446663324889583  0.74511397708178306
  0.75579987061726550  0.76637369431026403  0.77677129791667676  0.78697745018794463
  0.79728123295207920  0.80780428753444022  0.81847828600576145  0.82910979247977823
  0.83968514500635183  0.85022975706942205  0.86068017486328352  0.87103060026600199
  0.88127394383850444  0.89121417770442035  0.90109502644047756  0.91100641280426853
  0.92099957175211578  0.93079252659628575  0.94021944911546240  0.94933715261674534
  0.95798977643676830  0.96603643773192538  0.97364599272615415  0.98084619662083861
  0.98660410460536818  0.99017275483153488  0.99191856921705945  1.00000000000000000
  0.00000064633092426  0.00000077079039206  0.00000084080284656  0.00000090914006645
  0.00000098208379776  0.00000105724285681  0.00000113444742670  0.00000121446855771
  0.00000129602300869  0.00000138036383301  0.00000146923375299  0.00000155881745388
  0.00000165444919412  0.00000175500607125  0.00000186063134598  0.00000197160672594
  0.00000208803285155  0.00000220438969582  0.00000232714832405  0.00000245437737782
  0.00000258361093542  0.00000271970262654  0.00000286305573795  0.00000301240837490
  0.00000317108856578  0.00000334194185190  0.00000352086722524  0.00000370388083707
  0.00000391443127891  0.00000412588702252  0.00000434691277018  0.00000457907006487
  0.00000482183665697  0.00000507014852218  0.00000532794397840  0.00000559811551448
  0.00000587481224691  0.00000616741233433  0.00000648407020122  0.00000681496347089
  0.00000715691005849  0.00000753379986390  0.00000792961711380  0.00000834632812265
  0.00000880310013579  0.00000929107863015  0.00000980379956343  0.00001036380651959
  0.00001097560291992  0.00001162435382677  0.00001233202987931  0.00001310514496891
  0.00001392049606665  0.00001483182153653  0.00001581261856338  0.00001689532881448
  0.00001809431840129  0.00001940852936299  0.00002085429972181  0.00002243803122870
  0.00002425037299654  0.00002620040304920  0.00002845588493200  0.00003093390165194
  0.00003390443213919  0.00003724639879346  0.00004100851773591  0.00004535134194475
  0.00005012104841745  0.00005557712344266  0.00006172338749383  0.00006876364533139
  0.00007690610804848  0.00008683724135101  0.00009804204281067  0.00011082995217639
  0.00012575115932045  0.00014301925217246  0.00016349321343958  0.00018820259483002
  0.00021964354679479  0.00025750475409904  0.00029703480239907  0.00033965435933560
  0.00038988633332959  0.00046661239403912  0.00059974047973240  0.00085725723826752
  0.00112218068335171  0.00137567853793389  0.00178072700992068  0.00224132362829204
  0.00272314764638240  0.00320679439698503  0.04197774535548302  1.00000000000000000
 -0.00198679251245658  0.00638153834254605  0.01392240967212180  0.02149110385620778
  0.02914499554241103  0.03680114006291708  0.04451210626907935  0.05237402505096172
  0.06037184242543460  0.06856209393656613  0.07704336487753401  0.08548681634994146
  0.09363595498552464  0.10158584321277242  0.10973446898334557  0.11815323053153111
  0.12682432416066367  0.13564822442402794  0.14458147955668926  0.15372975830610155
  0.16297336936644588  0.17211501494119888  0.18131183424844177  0.19046992227992068
  0.19977038983913298  0.20916278315051234  0.21838464335677885  0.22774466614950184
  0.23728671228163667  0.24703928085284022  0.25676024232903727  0.26611920813954931
  0.27570924767085309  0.28567212660052183  0.29617912329589247  0.30697174328572008
  0.31803023815800496  0.32941240166994579  0.34059513984561168  0.35166396109251513
  0.36283485889664840  0.37429592312703375  0.38590648808530792  0.39763925240752807
  0.40919342560910066  0.42066673924113757  0.43236889529721062  0.44411391351967772
  0.45595191841681887  0.46782101648983337  0.47996752155448641  0.49239742574846979
  0.50466163646509421  0.51724664859154168  0.52973041662402243  0.54248728247571043
  0.55548010478890908  0.56842971603626768  0.58126942580260088  0.59428236965595416
  0.60741823409738660  0.62052559098549542  0.63361873861616791  0.64656051897933409
  0.65939108262373336  0.67200902337437363  0.68447093516659818  0.69674412131678376
  0.70888693483882470  0.72097634782049869  0.73329708534434235  0.74572716307689602
  0.75848981307793029  0.77112429548720685  0.78296332078374009  0.79454695048222601
  0.80619587130293069  0.81779729599414031  0.82940634102449939  0.84087417638925144
  0.85211125961562317  0.86279926140695140  0.87327950114942310  0.88375359689951483
  0.89394837534059057  0.90417696428607919  0.91440816546383108  0.92459446343357465
  0.93447938932867636  0.94419785912048249  0.95373938735286024  0.96314757483511082
  0.97245923137647072  0.98149332989537119  0.99087621413215576  1.00000000000000000
 -0.00231676435293088  0.00939279911769079  0.01950771939693054  0.02987398637014788
  0.04024850537142421  0.05018247252140928  0.06002159961734368  0.06963124190908447
  0.07925923353331057  0.08931924877529919  0.09984398737306616  0.11048863913978604
  0.12099656984636958  0.13190279396545310  0.14285246694526862  0.15354772380025911
  0.16399517721977186  0.17435680570706311  0.18460418311361951  0.19467873757196080
  0.20502467104162139  0.21588532639677871  0.22686419685447984  0.23759531690032681
  0.24828251867621698  0.25909940712692753  0.27018868430220638  0.28114788680132025
  0.29200714351681989  0.30276852622130507  0.31343273169596358  0.32393921554296762
  0.33419693961455171  0.34438170693800368  0.35463596854040047  0.36500223379802421
  0.37529911558612772  0.38571940401813609  0.39636961967193074  0.40666106512438482
  0.41691645669794702  0.42692059653211267  0.43720222285279964  0.44746831585741281
  0.45793275656205096  0.46823911179103633  0.47851035153264687  0.48860432292471606
  0.49850305125898209  0.50854604903143719  0.51853798830983011  0.52859183033102908
  0.53878448913111365  0.54901270425944904  0.55952546092011368  0.57022410318933514
  0.58101930947260150  0.59198840057137503  0.60300371868236691  0.61416503963335711
  0.62529560399914474  0.63618325901626527  0.64691700400174690  0.65753168172565757
  0.66822846066412078  0.67902554141272264  0.69003708175757439  0.70088834986661175
  0.71175140918257107  0.72275946787376799  0.73397856579814014  0.74535036603003346
  0.75641657714266730  0.76732669433386569  0.77812229970826641  0.78855894319008291
  0.79871701813545914  0.80881340957154557  0.81929862164947753  0.82976051574881360
  0.84016562721024679  0.85047260153582205  0.86086272325792590  0.87130884068901571
  0.88189129564912905  0.89255442921993411  0.90316154954434569  0.91373666016270949
  0.92466785898024351  0.93556431033816001  0.94643047100423072  0.95719339652582769
  0.96786116864222838  0.97868362645259421  0.98935999904853500  1.00000000000000000
 -0.00231189945120259  0.00959488581044783  0.01961794963192001  0.03029383296680830
  0.04103186543224202  0.05176752793311182  0.06274876443193614  0.07358614888099935
  0.08464681459836190  0.09571987968031041  0.10695373139370483  0.11810543935708416
  0.12901862941951436  0.13969877922555429  0.15030209883796813  0.16048929846785936
  0.17089111794349962  0.18125153024331955  0.19199632456929933  0.20280234644058909
  0.21413548341869201  0.22525842665853113  0.23568419852561764  0.24600062421644811
  0.25638999755153807  0.26725343841188620  0.27789415966267611  0.28877702389437765
  0.29959377250905811  0.31049774818426690  0.32113014695754644  0.33176646155991418
  0.34233540350097269  0.35300979416304640  0.36317754707060002  0.37309734418869467
  0.38356957620637072  0.39430037527161055  0.40486776659214502  0.41522625611930342
  0.42563102024923710  0.43600948631924868  0.44605758913376842  0.45608560495657330
  0.46635182542957865  0.47690401556449208  0.48748624378505889  0.49794630476056573
  0.50833632204753454  0.51873160933784834  0.52925565472471303  0.54003439168546741
  0.55088192355295507  0.56185487350198238  0.57300560546903845  0.58429613204049713
  0.59559164085864558  0.60654641435482481  0.61712426741182946  0.62749404132507014
  0.63765187102238496  0.64756547954631261  0.65757924350741148  0.66783519742811304
  0.67825411065343477  0.68867776128012903  0.69916847116126180  0.70954311314926777
  0.71981322767296529  0.73020945272079207  0.74078314547435520  0.75145910914913983
  0.76164544261919731  0.77190355277098943  0.78160472296882733  0.79136124172148092
  0.80128607851189593  0.81148956835071628  0.82181232162060536  0.83213584913499572
  0.84258573765163802  0.85303393945734529  0.86312739259309834  0.87314273452525770
  0.88337719060253839  0.89388440050546147  0.90449184255805026  0.91507894270016599
  0.92579701295441075  0.93648953245891675  0.94689983725267568  0.95723908728259177
  0.96772818105277758  0.97868334244767885  0.98941325291324422  1.00000000000000000
  0.07559211683841464  0.18008971925797393  0.26851039815849281  0.34510880426012630
  0.39785777162513053  0.43686159466578095  0.46388055108982978  0.48167460932490269
  0.49498844200186148  0.50365541762025168  0.50969523158051844  0.51549525585483758
  0.52156949641095196  0.52755658685445372  0.53302071584290556  0.53892324421528670
  0.54367669755488213  0.54868966563861798  0.55385668498209162  0.55909781560270388
  0.56469385606615963  0.56941533085454066  0.57355494731613132  0.57749741759591344
  0.58138742341082250  0.58516303549651283  0.58881984653593467  0.59252607958938774
  0.59614468408312060  0.59963224331272302  0.60297977768529820  0.60615814362287479
  0.60928171944177656  0.61251581154796764  0.61564956364693624  0.61877896249753395
  0.62192619584891840  0.62515760621669214  0.62851726001018993  0.63194155494556103
  0.63533696019653974  0.63870117856669739  0.64208319154466398  0.64554725324290629
  0.64910887475353563  0.65272952974264786  0.65635548126826593  0.65998747733622320
  0.66364911568847462  0.66741430562058901  0.67132734209386935  0.67532988097397884
  0.67936574400844540  0.68336511308393411  0.68744599448244004  0.69155785624074340
  0.69577528369149810  0.70008333055117344  0.70447865035453638  0.70898833477838108
  0.71359613267392852  0.71826696759714448  0.72298589254158796  0.72777721657161865
  0.73268950787273202  0.73772336552896611  0.74284932048898078  0.74801762409859451
  0.75331449893959324  0.75878305528563283  0.76429963285996172  0.76995428077469075
  0.77583075205759999  0.78186722253945429  0.78797240449341055  0.79430936666628105
  0.80086797084652195  0.80758664229152877  0.81457352275245420  0.82181888522633584
  0.82924402594626490  0.83693735898140587  0.84503519767642854  0.85332475272550279
  0.86217049332233409  0.87117594563848966  0.88073249547405374  0.89076799573687282
  0.90112291935566813  0.91179924112967115  0.92303634998903827  0.93510790754764472
  0.94825516883645877  0.96303289442286288  0.98037322484016087  1.00000000000000000
  0.06823006798783210  0.18286183006895060  0.21154903536537681  0.23517155067446682
  0.25277002313964148  0.26795689499763842  0.28190566138892442  0.29469643074207735
  0.30646904347858422  0.31763192244364696  0.32861794075938661  0.33980818942421664
  0.35079757951652590  0.36121929264997038  0.37115678635483157  0.38101550389803568
  0.39075714327740019  0.40020604039372393  0.40926035011770201  0.41826364981002268
  0.42718193179880731  0.43602258057791299  0.44497680830248476  0.45414892452638816
  0.46294419372536150  0.47146381128073805  0.47968443664664956  0.48779063000980616
  0.49579091916518941  0.50365146619827394  0.51147397899161295  0.51936138512262187
  0.52724126849890551  0.53503070563287125  0.54266777370347796  0.55024583200770461
  0.55776107982794942  0.56517280533253333  0.57230973180490741  0.57937302760900056
  0.58636788713977850  0.59330741723312075  0.60008355399158542  0.60668635611473887
  0.61320716877642312  0.61966860490292730  0.62625594328949097  0.63295979915241118
  0.63964741211736009  0.64630485816979644  0.65291518702720064  0.65948697057111405
  0.66592652199831226  0.67207893841861166  0.67800922645412898  0.68383659580190781
  0.68963475534229757  0.69534983145485652  0.70105182069320793  0.70670292782218480
  0.71227622498553222  0.71783630819629274  0.72341489130264991  0.72896978191479422
  0.73450643714734309  0.74002024119667831  0.74550440348655134  0.75091376043617053
  0.75623859593564691  0.76154069476525055  0.76683845901687442  0.77209398085595393
  0.77729153309947852  0.78241251787358823  0.78759096401633755  0.79278541308174177
  0.79801887335890742  0.80320562133286999  0.80851090674717063  0.81403297443121758
  0.81976946685212104  0.82555889660081971  0.83140670183814658  0.83745825429733467
  0.84371964483602069  0.85013044223014356  0.85684533881910729  0.86405399347790024
  0.87147154998038090  0.87960696997067878  0.88859599664243183  0.89855883501187894
  0.91026717736463314  0.92538502411309764  0.94810804003301941  1.00000000000000000
   3.8161391288799772E-005  -1.0000000000000000     
 T T F F F F T T F F F F F F F F F F F F F F F F T T F F F F T T T T F F F F T T F F F F F F F F F F F F F F F F T T F F F F T T
  <DiscreteSampler_grid>
  grouped_processes
  1 # 1 for a reference and 2 for a running grid.
  10 # Attribute 'min_bin_probing_points' of the grid.
  1 # Attribute 'grid_mode' of the grid. 1=='default',2=='initialization'
  0.0000000000000000 # Attribute 'small_contrib_threshold' of the grid.
  0.5000000000000000 # Attribute 'damping_power' of the grid.
 # binID   n_entries weight   weight_sqr   abs_weight
    13   10   1.177683640088485E+005   2.681638509747503E+010   1.177683640088485E+005
    14   10   1.177683640088485E+005   2.681638509747502E+010   1.177683640088485E+005
    16   10   3.734829834152754E+004   2.724877224598391E+009   3.734829834152754E+004
    17   10   3.734829834152755E+004   2.724877224598390E+009   3.734829834152755E+004
  </DiscreteSampler_grid>
