  0.00098003368885147  0.01537432134976622  0.03071068332214002  0.04501341602856168
  0.05755219310927324  0.06890488559301793  0.08002538168291937  0.09135295212566356
  0.10352633921502555  0.11487376506298365  0.12272422953575307  0.12966206615926820
  0.13782064906106964  0.14625215441838865  0.15293197711401771  0.16031212393288416
  0.17266231157427575  0.18271932323667892  0.19119012936245217  0.20000861166764361
  0.20939646448445601  0.21944269601395552  0.22906703429516595  0.23839557119526755
  0.24689268976173562  0.25582232448920150  0.26672363916479608  0.27801940853187795
  0.29067724050538474  0.30536786455430842  0.31668408451675556  0.32375835850140189
  0.33013757378100950  0.33695921754061664  0.34363248575361610  0.35012259848850558
  0.35683077264686602  0.36402008558801274  0.37098910267517593  0.38028355705144257
  0.39320563957071175  0.40381882030982691  0.41800372969254951  0.43667702953382270
  0.45292366588606714  0.46752839654418860  0.48104813432053339  0.49356496293389662
  0.50544344247083517  0.51789039343432541  0.53264645479672745  0.55080962042050408
  0.56701828282825695  0.57996591432105593  0.58952699706438205  0.59714270277162407
  0.60393250757117067  0.61144026562631537  0.61923829863054769  0.62396368241797273
  0.62828381354279517  0.63247226631227149  0.63853903694000624  0.64767688843075533
  0.65703845135616457  0.66491088073362392  0.67233414606791131  0.68002622444715044
  0.68910271209240648  0.69718294081428245  0.70700869178553782  0.71848895522790135
  0.73077102576435971  0.74234952838754220  0.75352527651786572  0.76268198006442112
  0.77307724813637124  0.78414075577060716  0.80165757259796799  0.81938970694622271
  0.83750863089010075  0.85613211830406222  0.87370281114728998  0.89198586822414905
  0.90331444208320244  0.91375382208481226  0.92137808614221672  0.93061043669461585
  0.94122721659618824  0.95125371810502812  0.96024566825373525  0.96779819695105507
  0.97411200064146652  0.98104315572714451  0.99221198758013651  1.00000000000000000
 -0.00003216564210419  0.00086061383711514  0.00311505329539410  0.00519310465245558
  0.00998418549003066  0.01336644831158299  0.01787109606105310  0.02334636464636988
  0.02904129681790091  0.03472811163412120  0.04065409607232950  0.04779065063820791
  0.05533162742613584  0.06359170690194015  0.07079413635507631  0.07926175735359114
  0.08852025448796493  0.09773483311535425  0.10691727604005892  0.11588775230390048
  0.12426082605101353  0.13280461064130009  0.14294870788418704  0.15283252061293578
  0.16171134342209562  0.17036489587242787  0.17813905685667408  0.18672914080088632
  0.19677224050360301  0.20712754683824075  0.21710051224965976  0.22626552118761425
  0.23539286837429363  0.24529173270570540  0.25544011546770357  0.26575233276619126
  0.27569971614856525  0.28544098527857276  0.29555106648649093  0.30289154649468314
  0.31046532687369177  0.31884551766945413  0.32750406695871659  0.33692662751433711
  0.34717599575957930  0.35895475312152780  0.37609368343181859  0.39447879401696151
  0.41269150422777418  0.43025851272852450  0.44518797675197963  0.46239561000465229
  0.48468546655269673  0.50400434425873664  0.52238281938029818  0.53990202851484492
  0.55728988617425257  0.57371281573031763  0.58853692143904579  0.60096923505141941
  0.61048219523999880  0.61993930556085697  0.62959503088300717  0.63859756802219836
  0.64821850971690320  0.65955552608934553  0.67078459020426395  0.68295346345631036
  0.69380889146100333  0.70413074203686721  0.71378469532951705  0.72405234348249725
  0.73389682349738516  0.74316023540362397  0.75209282360368257  0.76129179106518530
  0.77133967145333837  0.78211446408773644  0.79321167228975520  0.80344964617340842
  0.81317100381720753  0.82253452957220485  0.83106402126132128  0.84071529187826566
  0.85263143405698716  0.86580113613460130  0.87900693485701531  0.89150374317207681
  0.90337113361129773  0.91522782322894769  0.92737471322448728  0.93918061216642112
  0.95357967034569235  0.96876816664221821  0.98404283975125939  1.00000000000000000
 -0.00200019129426702  0.00882371102592911  0.01606272604196486  0.02302195447469053
  0.03069191639162111  0.03996159647274961  0.04895226282851625  0.05822771049176027
  0.06588536981455623  0.07136874295866892  0.07718663579895461  0.08359955972344248
  0.09242186510811101  0.10231750748714764  0.11564271326323418  0.13109589366214680
  0.14704766271789504  0.16245874133763274  0.17647025340870887  0.18885872374483564
  0.19736605736568696  0.20632024531544441  0.21579091126694580  0.22481110042340105
  0.23354577157685091  0.24240353038596618  0.25476265734288950  0.26895771664050633
  0.28128031939775749  0.29753002803042350  0.31304228981400833  0.32839493727778957
  0.34403736867697837  0.35919208939033725  0.37224866656915195  0.38327465830352425
  0.39378650560112188  0.40433927350279569  0.41564902517089669  0.42545833788085829
  0.43689081733950125  0.44819362198695217  0.46107368797272930  0.47389777255535720
  0.48774987822376931  0.50056618825658916  0.51110551270388094  0.52128509295649350
  0.53198825724035725  0.54555297006310499  0.56213596758657114  0.57998713504431576
  0.59661689458235501  0.60888259675102041  0.61878074667314154  0.62703179085196625
  0.63393402814046063  0.64069765292465630  0.64676815228077256  0.65241241401805294
  0.65893284725966161  0.66713406102283468  0.67562009398053302  0.68276356775486380
  0.68915864314409681  0.69587333992685974  0.70174453395387582  0.70980911901657584
  0.72181435176447239  0.73711750167288326  0.75109812968363165  0.76317193308854647
  0.77588132856002490  0.78664681972621175  0.79621553257056121  0.80507305603025692
  0.81299233074672450  0.82134043311818428  0.83252369402616244  0.84602787833607063
  0.85924647421083900  0.87177552508033063  0.88470002063097297  0.89786101229458859
  0.90440230255062426  0.90883125470835002  0.91437534619228400  0.92039727405018035
  0.92634615947292409  0.93326780103525508  0.94002057355983237  0.94968327073615322
  0.96231684033880094  0.97554022719565558  0.98798344140843153  1.00000000000000000
 -0.00414449753564358  0.01442231850289773  0.02936812714751298  0.04117769331205293
  0.05178683543927985  0.06262817013312230  0.07403981354934272  0.08598217078265205
  0.09753242850987974  0.10841232939710448  0.11899518045339388  0.12932303729764016
  0.13991961252166096  0.15001484219445002  0.15813375327657705  0.16715688196657855
  0.17559144867612050  0.18335933839234003  0.19258300843716861  0.20215223561406118
  0.21273338441356762  0.22623635701025538  0.24218287082021359  0.25802101791046983
  0.27688529242076892  0.29095853776984226  0.30188822025863282  0.31203948713446317
  0.32245705011341741  0.33373267964780939  0.34383683685487215  0.35247805147178168
  0.36227278289434672  0.37301139393557831  0.38398110080277592  0.39438027503734746
  0.40489430469366239  0.41755865499495465  0.43139868904224693  0.44425670525173538
  0.45614525743447076  0.46793083881479214  0.47727595140093121  0.48430531059923060
  0.49207599681812741  0.50011832047487692  0.50802654738099395  0.51538079806250936
  0.52247038607446106  0.53083264455257839  0.54410483899952522  0.55926121365319126
  0.57494208458505525  0.58768338099932127  0.59932655993974326  0.60548924524758152
  0.61199126227735501  0.61861756545158630  0.62511840834005561  0.63459043993212083
  0.64384921726651856  0.65321529776914300  0.66306962170339268  0.67280611426266035
  0.68251951027242130  0.69187597105486709  0.70088035007121741  0.70980154641500459
  0.71899889042968945  0.72719935398445235  0.73666406796613548  0.74798488900013582
  0.75954450711018606  0.77070573684240107  0.78091067132827496  0.78835702630405680
  0.79558257658321030  0.80276005228757519  0.81185272811790854  0.82776670726877177
  0.84066904847010870  0.85307398358507625  0.86504194093856157  0.87601569602605878
  0.88535984436208048  0.89335598295232299  0.90140281042930281  0.90971856595294298
  0.91918202862198606  0.92865779434426854  0.93762393693166801  0.94604480936759450
  0.95390593716219318  0.96628293505079144  0.98266072365371226  1.00000000000000000
 -0.00291372001608901  0.01024967325403893  0.02400870705337944  0.03715026803479465
  0.04879454668432311  0.05991965910868422  0.07146392478229868  0.08176863861055050
  0.09110467251014101  0.10280922124836342  0.12121386260866682  0.13769620084507370
  0.15213783219961813  0.16500184608219304  0.17685980741749913  0.18862170505506928
  0.20110424009265399  0.21385904410373863  0.22512596099189799  0.23645225462101840
  0.24776577544756279  0.25666882370022864  0.26511164127866399  0.27393888982881415
  0.28348557570346211  0.29344288061497914  0.30339807144904191  0.31185632905355110
  0.31876210109277708  0.32502284450001839  0.33252188965077784  0.34020079927314878
  0.34795514457570720  0.35526676269840030  0.36332157737600984  0.37262217582007506
  0.38259374478299418  0.39309768069657813  0.40579420262843280  0.42213168689986019
  0.43711052177352427  0.45056995061673938  0.46211134133133697  0.47145015004981999
  0.47960363849078885  0.48769550385229388  0.49612514098713867  0.50487051953050499
  0.51435394105240728  0.52561188549352944  0.53810707717244033  0.55054775004533751
  0.56262200423590447  0.57469280838003844  0.58592609754517111  0.59746420657808741
  0.61071215678261215  0.62385251774491379  0.63206642139490044  0.63737308150338323
  0.64269070161551012  0.64904436119987852  0.65529605347319109  0.66213755229218396
  0.66939121742970353  0.67594329337153225  0.68738115684338996  0.69538722286111587
  0.70242093112707760  0.71107098356558240  0.71931357653561123  0.72778090723862676
  0.73533091853564880  0.74274971974837611  0.75061732949280335  0.76258075404227266
  0.78143572261645600  0.79790592380827774  0.80848657823736869  0.81744278957437011
  0.82694430890460646  0.83712448685752527  0.84804008264365882  0.86111835677455895
  0.87904047812909669  0.89409089608706238  0.90454751332965222  0.91355242157022365
  0.92342680059577820  0.93326233766549349  0.94336587940786421  0.95313273849273494
  0.96369904023595077  0.97574324410324009  0.98706717658468868  1.00000000000000000
 -0.06912330422657281  0.83721111718854913  0.91311472658539417  0.94116521475705406
  0.95758709231281458  0.96380671994693978  0.96838166770156431  0.97216254504288901
  0.97538650607238520  0.97809405390369697  0.98035455255081294  0.98216894844791869
  0.98396675271590284  0.98547930478604961  0.98689544760437986  0.98823789621560010
  0.98948220687900657  0.99037327747817971  0.99111731757692856  0.99177664659704856
  0.99234773325558023  0.99288614930096075  0.99342649227657642  0.99395632651559740
  0.99443024344322783  0.99483713757373315  0.99520132527814753  0.99552840502894957
  0.99584214081422873  0.99614165602625437  0.99641708549767993  0.99666615250315804
  0.99688978458576283  0.99709569610116544  0.99727851660567679  0.99744373505594097
  0.99759805887823361  0.99773609961187915  0.99786601852983503  0.99799076300238154
  0.99811380639288516  0.99823744524888880  0.99835194316544651  0.99844854761972079
  0.99851992944640866  0.99857441524217261  0.99862544543480258  0.99867749681070395
  0.99872564151867971  0.99877457184277663  0.99882269412748070  0.99886901615311485
  0.99891089538462474  0.99895080177223694  0.99898913970769476  0.99902581774092469
  0.99906283076242397  0.99909582321381973  0.99912844977930082  0.99916148889690171
  0.99919493000127224  0.99922753769601480  0.99925896880185205  0.99928674339236367
  0.99931295805077813  0.99933824598348819  0.99936271096975882  0.99938703539699947
  0.99941027037636065  0.99943326216862072  0.99945559203371248  0.99947696672890285
  0.99949745643176413  0.99951725447468631  0.99953686196839164  0.99955642710182269
  0.99957452782787592  0.99959225507563898  0.99960953813772269  0.99962721013739508
  0.99964528709514155  0.99966416639164291  0.99968342229760110  0.99970231105800611
  0.99972030736346329  0.99973849629781808  0.99975706515287821  0.99977628514584538
  0.99979611771621713  0.99981647592026568  0.99983745745510777  0.99985934012546573
  0.99988389214325735  0.99991243787157469  0.99995020328761386  1.00000000000000000
 -0.02430571534145000  0.14557737216251146  0.20902913534366699  0.24179712095500974
  0.26490789185233854  0.29003218075630455  0.31531207175039033  0.33488972971164022
  0.34904954798383053  0.36064210331815805  0.37264740025279447  0.38311337625279795
  0.39223209911467205  0.40281990546349117  0.41454573104446291  0.42885226505462137
  0.44330253203478825  0.45375891880817915  0.46274119502736477  0.47104972268386119
  0.47763920854754510  0.48333378317075643  0.48841432364880538  0.49394284810787026
  0.50113128864879852  0.50873751997208116  0.51508996309997612  0.52048113759150527
  0.52531012611702044  0.53014398552261599  0.53538838780935705  0.53800005928601569
  0.54033530157332021  0.54277365582788717  0.54512979614064194  0.54737573652427052
  0.54949415738005758  0.55177676565042288  0.55412742603251042  0.55735622735419743
  0.56367106657940125  0.57130172565171444  0.57948934624756798  0.58793864920423844
  0.59429226344169606  0.60081451474329517  0.60705485657759828  0.61307197975222771
  0.61895449524654800  0.62409355338070605  0.62863297284475805  0.63278038148661364
  0.63706786346310451  0.64114414136229325  0.64402263180933539  0.64653027055659695
  0.64947547602579914  0.65278996144522927  0.65638101934229487  0.66102250075607172
  0.66575085768352182  0.67009000215493919  0.67447972512155419  0.67891280969238443
  0.68336402595297185  0.68738463016192475  0.69243257979206763  0.69780068555670305
  0.70330720813279746  0.70888789191473400  0.71487737630647319  0.72182565655149844
  0.72788047154486823  0.73389063449745440  0.73960117554626892  0.74493952707318645
  0.75019010321809354  0.75554105475880151  0.76141700090193898  0.76789002416105789
  0.77452933198929841  0.78128894204684041  0.78759850474953552  0.79460038455244242
  0.80332338898060962  0.81375401474029962  0.82604901150008136  0.84046579656952292
  0.85525449777578411  0.86779621449640942  0.87746253320392498  0.88581912883347191
  0.89686151070993136  0.91075727441615018  0.92943769177336444  1.00000000000000000
   2.0661517044888985E-006  -1.0000000000000000     
 T T F F F F T T F F F F F F F F F F F F F F F F T T F F F F T T T T F F F F T T F F F F F F F F F F F F F F F F T T F F F F T T
  <DiscreteSampler_grid>
  grouped_processes
  1 # 1 for a reference and 2 for a running grid.
  10 # Attribute 'min_bin_probing_points' of the grid.
  1 # Attribute 'grid_mode' of the grid. 1=='default',2=='initialization'
  0.0000000000000000 # Attribute 'small_contrib_threshold' of the grid.
  0.5000000000000000 # Attribute 'damping_power' of the grid.
 # binID   n_entries weight   weight_sqr   abs_weight
    13   10   1.993225788380400E+000   3.680089537291879E+001   1.993225788380400E+000
    14   10   1.993225788380402E+000   3.680089537291886E+001   1.993225788380402E+000
    16   10   3.079981792541115E-001   8.802944262141971E-001   3.079981792541115E-001
    17   10   3.079981792541118E-001   8.802944262141988E-001   3.079981792541118E-001
  </DiscreteSampler_grid>
