  0.00302706499046063  0.01212407751897925  0.02233550567499941  0.03228669097682305
  0.04143629948202402  0.05103680735258570  0.05963643562992080  0.06857461073618382
  0.07808919958672671  0.08910898225671600  0.10071748664012407  0.11066048606022286
  0.11936774428037727  0.12792321053618619  0.13617372840131256  0.14532647255793352
  0.15541525255209401  0.16386015438553692  0.17322891641698981  0.18363260078708141
  0.19534724156807773  0.20721869404175799  0.21900666316846859  0.23088771923388610
  0.24395288390595263  0.25527785576590517  0.26548553006008352  0.27511501625786222
  0.28476173007774341  0.29515052911508127  0.30544826622237170  0.31564152006193136
  0.32707184219241170  0.33891182701482231  0.35106906902849178  0.36415271782112335
  0.37779828385946396  0.39134117359680098  0.40354439413758353  0.41413035029389322
  0.42382226788400218  0.43327192489239424  0.44325127994130881  0.45438376649357981
  0.46510531498932384  0.47422810060388126  0.48299733810549267  0.49201255467788452
  0.50216998937458945  0.51182158335650985  0.52100333305386759  0.53219874328085492
  0.54355166339235261  0.55558711138513650  0.56776780348135114  0.57726921736828629
  0.58723195612239498  0.59707717059600285  0.60711583792801371  0.61786389909475103
  0.62894898482782913  0.64056812931371654  0.65177517706835109  0.66294338174689238
  0.67369126297232784  0.68434663383674521  0.69550219275501002  0.70719297078408794
  0.71868082241948872  0.73067079457747064  0.74330229008056958  0.75558297520041773
  0.76680027746489154  0.77724105992768899  0.78834386359913755  0.80017101771979859
  0.81112069657694708  0.82162193095641012  0.83305425909912378  0.84617255135023106
  0.85942624594228589  0.87138636792378954  0.88235907567897565  0.89302518276175458
  0.90417344313345638  0.91528945766893255  0.92497451558805521  0.93334059128996938
  0.94212157623083770  0.95128528021889880  0.96016848601331384  0.96869985513064072
  0.97590614506014872  0.98289807883109115  0.99244663442869419  1.00000000000000000
 -0.00004332771327748  0.00091910547795415  0.00349285844088296  0.00710529099281886
  0.01169663717330743  0.01697303913945831  0.02359120651864831  0.03088299933952152
  0.03885786351161887  0.04663540674513925  0.05545282072174975  0.06420408643495538
  0.07221693657445383  0.08031076335326397  0.08889823287488910  0.09765718134193119
  0.10585904912657325  0.11399315495999565  0.12250193343242480  0.13084705926157686
  0.13919092642100483  0.14795285858549942  0.15834933356245762  0.17001034652924787
  0.18244037028365756  0.19445676899381933  0.20648543640776248  0.21870829032450995
  0.23095455476914825  0.24287572711820851  0.25424471638957968  0.26516017516327645
  0.27599356587543056  0.28711395058259792  0.29856128337470772  0.31008003786825711
  0.32152970530191949  0.33300586413802541  0.34469521140345938  0.35577746497943258
  0.36635613320564409  0.37707153457370962  0.38797468048542250  0.39913948366458402
  0.41052234055012288  0.42185177314642119  0.43305070208265162  0.44447503078618478
  0.45632662196496188  0.46817234876814462  0.47897765669380332  0.49006048228190735
  0.50125932888211377  0.51221777087197884  0.52276452992798306  0.53332585312104475
  0.54486921493193530  0.55637292742302569  0.56797067190106132  0.57959609984192118
  0.59111282629987072  0.60297948789158518  0.61525233450333339  0.62733511698051547
  0.64146352963957498  0.65576528043114468  0.66987505646489487  0.68230681825738382
  0.69314968779686814  0.70359125700511416  0.71352353553506953  0.72338860480128131
  0.73348058523523407  0.74436881276425881  0.75558615883105196  0.76658015381753186
  0.77740916147944084  0.78852899226473794  0.80001222246514725  0.81183714231550919
  0.82477820175148753  0.83789451943787341  0.85031915803861002  0.86191834404463508
  0.87300238492862903  0.88373536045333057  0.89429054970477728  0.90508318823488454
  0.91627409457383879  0.92777706757039324  0.93945548306109994  0.95109589778805492
  0.96292686770432812  0.97517793484977910  0.98755863863974691  1.00000000000000000
 -0.00196659076633913  0.00813170467766530  0.01702369382343860  0.02601623370344483
  0.03540809427042196  0.04595156147989372  0.05830416336829146  0.07043727536617701
  0.08228992740593831  0.09392205580442994  0.10526422069427058  0.11707706217259756
  0.12772945836942998  0.13878284844388114  0.14992488819576535  0.16100819475303135
  0.17217781955438427  0.18383488773733256  0.19572562164402130  0.20711713466991430
  0.21731626338917875  0.22656630544362374  0.23570317995082712  0.24564090744992320
  0.25598426828351245  0.26637034564995526  0.27991189147649342  0.29384250341861973
  0.30734218657204554  0.32141862520043513  0.33486352450235018  0.34617544976026332
  0.35736784506141861  0.36846969305819799  0.37936561469305141  0.38982775229592248
  0.40008153343146685  0.40867826959156361  0.41725443482757341  0.42599805918538303
  0.43547805967258291  0.44604002741616894  0.45688762961315110  0.46831058179052659
  0.48060333446621167  0.49309227091564178  0.50557127625745346  0.51820304534263584
  0.53053675116705445  0.54208963502244933  0.55287449577747771  0.56357366303458067
  0.57640441832812828  0.58947228772355242  0.60084451395200200  0.61201098511225505
  0.62346772547874096  0.63525364883206414  0.64776098224555356  0.66004898889128183
  0.67031360121132944  0.67878791154426010  0.68686368507047324  0.69567956573113876
  0.70540878180864897  0.71476075829407593  0.72381580791195299  0.73123836116554530
  0.73719008368761796  0.74403199921054275  0.75109143469303585  0.75800979362048837
  0.76471742046141467  0.77085429233705649  0.77694150778867277  0.78296936079423418
  0.78986971447507071  0.79984432914678982  0.81177425480721721  0.82325978893909391
  0.83428719165092824  0.84564619800848739  0.85722651153312512  0.86878703835585303
  0.88050402973810260  0.89214548019240592  0.90369259217399645  0.91442797145520127
  0.92368663379510529  0.93371506147441241  0.94365768007585638  0.95413851425440144
  0.96553845565586660  0.97751846119398855  0.98842438100497387  1.00000000000000000
 -0.00159159125500851  0.00743761699700277  0.01546868966775885  0.02411182822704008
  0.03326228774774607  0.04327499098066118  0.05322002634494509  0.06226231046265673
  0.07030930647936681  0.07815757900580582  0.08620521405701034  0.09538266826096485
  0.10604174417598757  0.11652192696419623  0.12665815623327836  0.13788465886125575
  0.15030441583066456  0.16292714003177639  0.17508809061849601  0.18614304085720026
  0.19814731554616183  0.20933986431423449  0.22108667002257423  0.23316170540454711
  0.24476309699751686  0.25518916250876467  0.26499356470620872  0.27529079941671281
  0.28498956075285303  0.29484525613802676  0.30638261194622807  0.31797215326321027
  0.33067615588499305  0.34461082343097083  0.35833206222752079  0.37250299515524127
  0.38791216752957847  0.40447245680795901  0.42100983730022273  0.43445525989017558
  0.44769732202267359  0.45952583681721648  0.46908883017604391  0.47872947663407600
  0.48817312385917250  0.49700529674798150  0.50643244823330702  0.51575769030640639
  0.52632005158590112  0.54094125680989436  0.55398369051960661  0.56620140497711846
  0.57810111536806252  0.59002967788076111  0.60036305745027863  0.61581115010400400
  0.62933614482460565  0.64165423373492891  0.65394554141849093  0.66713881818828802
  0.68027920384619689  0.69389262100317262  0.70779489064069934  0.72144309638661064
  0.73439482622296859  0.74639308270585325  0.75774061689910976  0.76864726334617040
  0.77903700455152269  0.78895827764489590  0.79867235686464721  0.80835364154231015
  0.81791559757134413  0.82784049407622262  0.83829185539694140  0.84908729659190452
  0.86041264371775794  0.87253799455431846  0.88476440721467831  0.89559053284832424
  0.90313649017070052  0.91089851317515824  0.91820489034635355  0.92473718986311715
  0.93141400495905391  0.93815079963635295  0.94464429926119764  0.95086066408489600
  0.95704667659844711  0.96197959202596872  0.96678977657296883  0.97257790775489006
  0.97869644907712672  0.98504611111227269  0.99208810316203122  1.00000000000000000
 -0.00238334855036721  0.00917044774092581  0.02085861110245090  0.03209643722164526
  0.04318351075696753  0.05607341957560476  0.06766268155485003  0.07795997766560138
  0.08794267595949239  0.09733580661390207  0.10605868356641265  0.11459484773673194
  0.12320078462687005  0.13260226662233451  0.14244597091710162  0.15390800232774624
  0.16555139457330351  0.17659595448986745  0.18745900003798871  0.19917112891578745
  0.21169080223714581  0.22359395208426103  0.23551709808786614  0.24771995958743320
  0.25992515262833055  0.27205954620298750  0.28413258203479197  0.29622956223400998
  0.30848414962826054  0.32065975228290261  0.33289795289298574  0.34499762927385574
  0.35716368144756250  0.36915060945463185  0.38002856932395490  0.38965907012673778
  0.39981610959559521  0.41032198123968666  0.41998594348512996  0.43075154286471512
  0.44196681982469532  0.45168272237398688  0.46230429209668716  0.47266671639265517
  0.48324344097501049  0.49418158639948639  0.50564118689093196  0.51976638196005809
  0.53409292574944089  0.54736495576152300  0.55942152641735787  0.57125076498209537
  0.58257906872341048  0.59182553463629484  0.60132502429535817  0.61073055180239244
  0.62068222483964697  0.63057714650323016  0.63864576388949734  0.64679976229895408
  0.65607885992082382  0.66798858180675236  0.68075824418577602  0.69347999653714620
  0.70494010745954472  0.71568487474128684  0.72663963192780001  0.73921593683585018
  0.75282582069295223  0.76512941741297935  0.77677889210589546  0.78825340396820098
  0.79771992216527510  0.80660028136394435  0.81679628172792762  0.82684661928224834
  0.83565219106538691  0.84249744612811484  0.84923698667939351  0.85555927061914849
  0.86232858164647164  0.86906933157370148  0.87615208356469232  0.88302727619007715
  0.88931093602392808  0.89571314033838201  0.90657380281343414  0.91786508136973177
  0.92927347989942466  0.94156826898933754  0.95140845192968271  0.96096291063857753
  0.97030905131597012  0.97919351664276011  0.99001767842154231  1.00000000000000000
 -0.04745963484883998  0.83030536421890966  0.91228936103295499  0.94340598088111605
  0.95867206483116996  0.96383873416581833  0.96809218197572611  0.97174338633998947
  0.97488722693022667  0.97768364844868982  0.98000864454427927  0.98185116785005133
  0.98350918260190312  0.98496454718043647  0.98629539861299798  0.98749742129741047
  0.98855263441380470  0.98948571603821134  0.99031683936637371  0.99105964590118056
  0.99173721525609160  0.99235214112500991  0.99290650871327080  0.99341063183700828
  0.99387108338772434  0.99429742794976084  0.99467111705673772  0.99501695616707919
  0.99532889617735509  0.99562758470341728  0.99589212996236909  0.99613530758273261
  0.99636712398392757  0.99657216979398655  0.99675885292892463  0.99693789246688680
  0.99710912171241983  0.99725911825897573  0.99739445174342367  0.99752162326620952
  0.99764378524547892  0.99776035071709357  0.99786998840413255  0.99797230197693265
  0.99806121685236349  0.99814554612971906  0.99822712144055137  0.99830655432558268
  0.99838359547203681  0.99845823586806848  0.99852964748567363  0.99859188529008303
  0.99864958326702902  0.99870215252516159  0.99875171850285527  0.99880001269634056
  0.99884734428158428  0.99889273637142328  0.99893678547340248  0.99897969846634560
  0.99902128445655258  0.99906103049794148  0.99909937569017138  0.99913650533917608
  0.99917272060327189  0.99920834446936280  0.99924226996110532  0.99927470595919088
  0.99930584344806184  0.99933590312405873  0.99936409967530149  0.99939167282280461
  0.99941902262460192  0.99944562438311324  0.99947204600148498  0.99949813813983479
  0.99952261077963722  0.99954675079503186  0.99957053673307472  0.99959343613670204
  0.99961587662138940  0.99963806316711423  0.99966018037185689  0.99968149415641361
  0.99970228949178030  0.99972313124555923  0.99974405556575441  0.99976505101356850
  0.99978683257580647  0.99980851965487672  0.99983007213534814  0.99985562077496359
  0.99988251739501521  0.99991117008557662  0.99995140083686618  1.00000000000000000
 -0.02516818088573733  0.13784628280375361  0.19746638373360778  0.23626721869312239
  0.26571146798353795  0.29123555240549148  0.31538215225529620  0.33614416798332608
  0.35145847677783826  0.36469161086945218  0.37718863115612006  0.38926740084927647
  0.40140378963781231  0.41385302008303237  0.42628180906733870  0.43769047077230677
  0.44523712353084582  0.45262501975744668  0.45903146423134333  0.46498846980605479
  0.47092174890856275  0.47715945243779823  0.48263888828203305  0.48799469501932968
  0.49334219035479054  0.49897026840902869  0.50512871643291135  0.51099363986128266
  0.51677555602764491  0.52289323322929604  0.52935702671082618  0.53623510543686825
  0.54311518670560011  0.54927366866868244  0.55542727832255034  0.56145863745395430
  0.56733631236816195  0.57282868337011417  0.57822286240610077  0.58350051199667496
  0.58879728067973469  0.59429201979695079  0.59990249137381069  0.60565726641400430
  0.61142133845870039  0.61750680935930446  0.62373181519082732  0.63005649750955839
  0.63644226960834993  0.64280027029138487  0.64863505737233462  0.65425973006804028
  0.65976270149228089  0.66522734879747103  0.67085016727506341  0.67673981987131682
  0.68250365184333073  0.68805353974289685  0.69333777393994067  0.69842393163958405
  0.70329758679611976  0.70796114838625845  0.71265145429633037  0.71751509454776541
  0.72243566665961811  0.72719592085042517  0.73142566603154324  0.73541148750799468
  0.73952704866952657  0.74341506528687462  0.74709767964752916  0.75086885165268524
  0.75398253962696549  0.75702404574235471  0.76003956198019851  0.76368689792171551
  0.76785379705889989  0.77205008659498942  0.77617532401507527  0.78051375409282775
  0.78522497313985429  0.78960900872341167  0.79490631331619976  0.80129902292695199
  0.80801916338318280  0.81477536058196087  0.82149404860794595  0.82847359268623322
  0.83650438608535160  0.84598910612616451  0.85620529184304917  0.86700240960354769
  0.87911353615417454  0.89637947984552468  0.92860905567254992  1.00000000000000000
   9.0690722215215222E-009  -1.0000000000000000     
 T T F F F F T T F F F F F F F F F F F F F F F F T T F F F F T T T T F F F F T T F F F F F F F F F F F F F F F F T T F F F F T T
  <DiscreteSampler_grid>
  grouped_processes
  1 # 1 for a reference and 2 for a running grid.
  10 # Attribute 'min_bin_probing_points' of the grid.
  1 # Attribute 'grid_mode' of the grid. 1=='default',2=='initialization'
  0.0000000000000000 # Attribute 'small_contrib_threshold' of the grid.
  0.5000000000000000 # Attribute 'damping_power' of the grid.
 # binID   n_entries weight   weight_sqr   abs_weight
    13   10   1.710083566521367E+002   2.890706534067573E+005   1.710083566521367E+002
    14   10   1.710083566521371E+002   2.890706534067589E+005   1.710083566521371E+002
    16   10   2.652615906559087E+001   6.955819745529649E+003   2.652615906559087E+001
    17   10   2.652615906559095E+001   6.955819745529688E+003   2.652615906559095E+001
  </DiscreteSampler_grid>
