  0.00123748310661323  0.02080848239007831  0.03694741844611274  0.05026654123937393
  0.06316612015159449  0.07580298236601014  0.08795192142583498  0.09969144928113829
  0.11137597724630649  0.12300578818629375  0.13434350059837766  0.14557227318116081
  0.15690976659905392  0.16831412306248222  0.17971421420633077  0.19113084717343112
  0.20250800679158668  0.21372368839938286  0.22471801318219872  0.23547884393913365
  0.24612807858419589  0.25687593020041832  0.26771210220234054  0.27850333828197421
  0.28918416093158750  0.29969128495065100  0.31006955353154186  0.32031943438967458
  0.33058894913033104  0.34105111825717010  0.35169573502311485  0.36241820603196040
  0.37316807501676674  0.38388804373819702  0.39472325641636835  0.40563355385994398
  0.41646300935609620  0.42711666733023668  0.43763742495528674  0.44808460536698275
  0.45858638675342545  0.46927657752344093  0.47999792367874133  0.49070789647482493
  0.50137071836101810  0.51195293187479929  0.52244097203287121  0.53298085984392596
  0.54366240305552282  0.55421028191019994  0.56463505822096116  0.57503204173713685
  0.58539058388565524  0.59564407324881929  0.60603119221410839  0.61658379081734671
  0.62716996165566974  0.63744921423319811  0.64775767245748306  0.65807743609244473
  0.66836704127312929  0.67850938511895931  0.68872768046045785  0.69919074731180286
  0.70965675119619154  0.71986054333673488  0.72989455209017517  0.73986870006235528
  0.75011225851600516  0.76055346229795828  0.77107608002919104  0.78143286273073309
  0.79153966497954253  0.80172220493238433  0.81182920651211432  0.82200842704497223
  0.83210641841312594  0.84224319708356721  0.85230724308463390  0.86215934924543269
  0.87206568042481825  0.88199291057018736  0.89190508640730859  0.90176841772239580
  0.91157000057127802  0.92131099278913842  0.93091586080692224  0.94025419378123287
  0.94923557030625549  0.95778075763640513  0.96585645031468992  0.97347834576263814
  0.98051475798395948  0.98685773274663247  0.99218192412696771  1.00000000000000000
  0.00000065654607320  0.00000072483176145  0.00000078939274600  0.00000085531553074
  0.00000092340589863  0.00000099327330121  0.00000106598594885  0.00000113982076446
  0.00000121528730789  0.00000129209825328  0.00000137202437109  0.00000145840373743
  0.00000154625537931  0.00000163740244766  0.00000173302242263  0.00000183047597184
  0.00000193549801431  0.00000204645590122  0.00000216140102426  0.00000228146005270
  0.00000240706199949  0.00000253751314270  0.00000267278111340  0.00000281425246286
  0.00000295918831558  0.00000310648949559  0.00000326168847374  0.00000342449864784
  0.00000359331767164  0.00000377249061778  0.00000395947481327  0.00000415128317851
  0.00000434722720287  0.00000455077220782  0.00000476704353458  0.00000498737451911
  0.00000522363556994  0.00000547086275132  0.00000572816349508  0.00000598723108151
  0.00000626838251611  0.00000656539476762  0.00000687445857459  0.00000720056873317
  0.00000755212919595  0.00000793405456740  0.00000831762932797  0.00000874018914243
  0.00000919364288938  0.00000966933872246  0.00001016773452031  0.00001073476969905
  0.00001130536664136  0.00001194118162263  0.00001264739026589  0.00001341383000627
  0.00001425569085785  0.00001518463395432  0.00001617750993634  0.00001727110552147
  0.00001850900712698  0.00001980424329529  0.00002134439636011  0.00002295429603942
  0.00002483007933633  0.00002684220470060  0.00002914040286812  0.00003166716031568
  0.00003451512412386  0.00003768510764247  0.00004124648352073  0.00004540292441937
  0.00005015560394730  0.00005574563554804  0.00006219821937815  0.00006951619601131
  0.00007783410745023  0.00008717548028269  0.00009762804883788  0.00010953974765828
  0.00012335189659678  0.00014004150708980  0.00016033834833308  0.00018356240332538
  0.00021055998768235  0.00024110627957539  0.00027318721969364  0.00030761147000802
  0.00034895189437051  0.00040987687685151  0.00049369440632153  0.00058719911960268
  0.00070976239794322  0.00091783106230934  0.03101600280210441  1.00000000000000000
 -0.00150605480724217  0.00546644854768875  0.01184988256428443  0.01835475875045606
  0.02515014816639551  0.03208545462038553  0.03908714573307751  0.04612142676517821
  0.05319263773264080  0.06034992794984611  0.06770317978412217  0.07525412350133386
  0.08295699012703582  0.09088320399086507  0.09898542994863374  0.10718071180187497
  0.11552113646241288  0.12394605305263073  0.13233160831151361  0.14069667588330056
  0.14914555025450832  0.15788750505219634  0.16680936749517700  0.17577897501548317
  0.18477220751210294  0.19404954761005094  0.20351835646453312  0.21306176125413828
  0.22263433696017218  0.23232523993941137  0.24213961086391420  0.25206200692211084
  0.26197479663522544  0.27216487704378295  0.28252685592904642  0.29305171410323350
  0.30372551512641988  0.31464984721199973  0.32570971222265932  0.33695668180459798
  0.34848298884698886  0.36014716493949722  0.37187210780799757  0.38354362728861796
  0.39549828133271242  0.40771444012585134  0.41989303060675642  0.43199433532756726
  0.44441502500094932  0.45717571717266853  0.47011960701863098  0.48323810661349487
  0.49651160376505837  0.50955820115773021  0.52241822928419290  0.53544292267053450
  0.54852608052923968  0.56171950203870225  0.57514500093807330  0.58857565305706738
  0.60177723452275866  0.61484960588226401  0.62784707218297131  0.64079753489559221
  0.65392639278294296  0.66714353454968600  0.68018902525488323  0.69332387213800217
  0.70663576018134477  0.71973758762337625  0.73258576849417678  0.74495650701096627
  0.75703472288995877  0.76900715325490265  0.78099591110110012  0.79300978296172220
  0.80506397887775039  0.81707921842904174  0.82873121791626092  0.84018120052404766
  0.85110058938908884  0.86196109479400851  0.87228689921180036  0.88252235160708004
  0.89257102332045790  0.90283175997986187  0.91304846848729404  0.92307677809114919
  0.93325071221341127  0.94332579786699533  0.95329416350088936  0.96298636141152782
  0.97235138153255340  0.98175582358422886  0.99085473814742231  1.00000000000000000
 -0.00235228955476321  0.00945638729705919  0.01932261593719088  0.03022510015974747
  0.04071119461807918  0.05165144521596650  0.06246440249683644  0.07305334295411352
  0.08347365551325953  0.09383892173278731  0.10428364133400039  0.11475966967991617
  0.12536605569915557  0.13577205058980477  0.14601420740138762  0.15609640202227756
  0.16652877685080222  0.17708568676934502  0.18785135279251999  0.19901927475781300
  0.21016277269720959  0.22115799387314036  0.23187494509300635  0.24249502364510597
  0.25297011568292888  0.26325733394681505  0.27360199105879063  0.28399763141934670
  0.29443313803376975  0.30499824911664991  0.31560071369849169  0.32617069842183233
  0.33683500397405891  0.34764736650993222  0.35854533097770908  0.36935517599837747
  0.37988668170347573  0.39017633612050079  0.40031416085554644  0.41046286035310614
  0.42084154271950025  0.43121288383525636  0.44166556996826017  0.45192658774770955
  0.46223459289126528  0.47267828040819543  0.48339915991348703  0.49414144772040541
  0.50470598839461567  0.51507631577997237  0.52578238903201924  0.53670734421524224
  0.54765406396045913  0.55824923762133116  0.56882508812027910  0.57953127184946085
  0.59015258658461422  0.60082057733688288  0.61152606681032173  0.62238904914630788
  0.63299154190567064  0.64355456003005196  0.65411285123893037  0.66451413378813573
  0.67487109805120449  0.68518611635451376  0.69588436788980879  0.70677944155589545
  0.71741838122728785  0.72810147918292356  0.73876122654126075  0.74959785573741033
  0.76012881675719368  0.77039255615808988  0.78050774089346886  0.79094720743422442
  0.80168804792023562  0.81229040703561939  0.82237375468753970  0.83235098592439349
  0.84257567907314257  0.85300140842787353  0.86356771664605259  0.87407162612135003
  0.88447593329062657  0.89480674337443900  0.90521736932838504  0.91550705837876989
  0.92593759410293264  0.93637910443576156  0.94698981946993299  0.95757655949921971
  0.96817763486993913  0.97901132254809531  0.98944166811551326  1.00000000000000000
 -0.00244181717079139  0.01011479789362368  0.02050040316561106  0.03115160323117771
  0.04178718684184373  0.05240219361065181  0.06284305710166298  0.07326634391794000
  0.08367299020256319  0.09415331514121242  0.10469845498364132  0.11522642514473692
  0.12571724951056890  0.13637592517747404  0.14694949205751962  0.15745148891370175
  0.16760991859486146  0.17769209802624258  0.18789003660292353  0.19809191864766429
  0.20832661603144467  0.21861440889706241  0.22907153521097429  0.23955705495687987
  0.25028923974792433  0.26081645168193018  0.27160042832173942  0.28237093632212523
  0.29321424600686236  0.30411005003810648  0.31492992506535450  0.32592150833573735
  0.33656024259157419  0.34702833456812721  0.35746776581348788  0.36779205115446184
  0.37830285371083433  0.38898494022650609  0.39976169236075915  0.41064960299779546
  0.42139866238742091  0.43202113667448727  0.44235512687285011  0.45259490915568340
  0.46295678254510192  0.47334575095078041  0.48386719220891306  0.49421578606356209
  0.50450836687969169  0.51488533865500352  0.52559337024420794  0.53643775134960048
  0.54709337219955290  0.55746465682677682  0.56762558742633984  0.57772832146096476
  0.58809205328969172  0.59870973476269995  0.60917868372157169  0.61944706596142873
  0.62968749207497587  0.64015789443019666  0.65063551451572410  0.66117874826293632
  0.67172607465486078  0.68235234313894122  0.69282717501313251  0.70315139787898628
  0.71342640264911905  0.72376951974340242  0.73423091550355324  0.74457770264686951
  0.75504012028736978  0.76543911307832191  0.77593991804647666  0.78633376376886388
  0.79688995284855424  0.80746698940316686  0.81824778769037354  0.82891114241264618
  0.83942081404796975  0.85001466971133421  0.86090103369995896  0.87211614895075773
  0.88321873127198758  0.89431471150292674  0.90535534734444933  0.91630101710151257
  0.92682478799409940  0.93736881299005137  0.94768612709842859  0.95799082348089493
  0.96819266958424599  0.97851741179098395  0.98916381000597753  1.00000000000000000
  0.04323989150433172  0.24146007218504395  0.35192050285872234  0.42103681002978688
  0.46043392373458508  0.48026599592613178  0.49414479833669950  0.50405542321814512
  0.51152972733700841  0.51762867146890545  0.52380821748577888  0.53024815222650490
  0.53673825864704094  0.54235790128972616  0.54725340981278403  0.55201382270358879
  0.55692206448302384  0.56176601952449012  0.56636722100684889  0.57047786340251583
  0.57422616647890468  0.57795806005900341  0.58154476669853339  0.58491048228346165
  0.58816841039342382  0.59141244988478503  0.59460203679086154  0.59765689020068380
  0.60060820122215386  0.60357679085779126  0.60656006915929617  0.60958804832309721
  0.61258178965060484  0.61555891903380244  0.61858375551364120  0.62161218849611344
  0.62472931576003499  0.62783788489308956  0.63096787446992697  0.63412299104950387
  0.63730628258348154  0.64052023722967477  0.64376091642724576  0.64702281007483586
  0.65033368196696040  0.65370725655210693  0.65712293206066841  0.66056990041427599
  0.66405518573779876  0.66761414902402538  0.67127074955728194  0.67499605013204511
  0.67873046801745385  0.68251900941803123  0.68637049559203911  0.69032669194312068
  0.69439195681111021  0.69853096178438867  0.70271941288125506  0.70698658830125927
  0.71133895749376486  0.71578722239646431  0.72031955663659819  0.72495322374458537
  0.72969674102018434  0.73460632080280497  0.73955257383507533  0.74458335013289656
  0.74975982341165992  0.75511627673548931  0.76060640186318351  0.76610898869928712
  0.77170928332577915  0.77748490143591709  0.78343902836942436  0.78955529969849836
  0.79593183165508530  0.80253304498027378  0.80929431333757296  0.81626608947886770
  0.82347859477672392  0.83089707483373454  0.83863381051596397  0.84670668428112339
  0.85519231059667955  0.86410544752155738  0.87324673077627868  0.88305912451138924
  0.89321469746856874  0.90398102868889751  0.91539795006015146  0.92770116039013817
  0.94116376251934830  0.95639612258648909  0.97539179469656057  1.00000000000000000
  0.04946476035021252  0.21204073967070708  0.23561871076520172  0.25413108509425503
  0.27030883493921942  0.28551448768538740  0.29934311564751376  0.31177474895709417
  0.32349605685791832  0.33496840542893891  0.34620839516704388  0.35719124739037278
  0.36793940686583992  0.37821517001228383  0.38808653487026473  0.39751734854031795
  0.40674958082566259  0.41593804268037260  0.42502212322074162  0.43407984298947377
  0.44287633482899558  0.45145402180477623  0.45986379030727303  0.46804468898982898
  0.47626589878447712  0.48438248660392053  0.49251850944373821  0.50055161853833097
  0.50849247744798209  0.51631651096740949  0.52405906734906460  0.53168506960954742
  0.53914115773352655  0.54666823128363617  0.55412923507277301  0.56147325314908436
  0.56860015115916585  0.57565867519650538  0.58276510804669635  0.58979232053908193
  0.59673015440444044  0.60345584200968228  0.60994925129849753  0.61640889624219242
  0.62286604945400825  0.62927976172988509  0.63555833272649687  0.64173256627678998
  0.64787796525609709  0.65403025828312833  0.66014144990165813  0.66617790198220195
  0.67211542496873466  0.67792199267572606  0.68362911787270864  0.68929246734596161
  0.69492587696371710  0.70055641826743398  0.70618071261747251  0.71171467762193497
  0.71707805928154567  0.72246370175915886  0.72777540632861082  0.73306123218139285
  0.73829932929145303  0.74350084378248971  0.74863128575559279  0.75365107389308761
  0.75861253001166251  0.76353300682364533  0.76842072650682725  0.77326568504285931
  0.77807543354411002  0.78297321317434987  0.78791806233809480  0.79294276436639199
  0.79796290194299946  0.80298510466960837  0.80800962216997696  0.81315416804396956
  0.81844633530428712  0.82394416672756665  0.82958987505974791  0.83548570858998217
  0.84158766056126322  0.84780672614495478  0.85427863606183951  0.86109808502082574
  0.86824633437895560  0.87590733982919611  0.88446253360930216  0.89429032096140759
  0.90588404749338969  0.92040137911151865  0.94250532740881554  1.00000000000000000
   1.9289930391931928E-005  -1.0000000000000000     
 T T F F F F T T F F F F F F F F F F F F F F F F T T F F F F T T T T F F F F T T F F F F F F F F F F F F F F F F T T F F F F T T
  <DiscreteSampler_grid>
  grouped_processes
  1 # 1 for a reference and 2 for a running grid.
  10 # Attribute 'min_bin_probing_points' of the grid.
  1 # Attribute 'grid_mode' of the grid. 1=='default',2=='initialization'
  0.0000000000000000 # Attribute 'small_contrib_threshold' of the grid.
  0.5000000000000000 # Attribute 'damping_power' of the grid.
 # binID   n_entries weight   weight_sqr   abs_weight
    13   10   6.577261646322587E+004   1.183065004292600E+010   6.577261646322587E+004
    14   10   6.577261646322587E+004   1.183065004292600E+010   6.577261646322587E+004
    16   10   2.073407863735908E+004   1.167099526173838E+009   2.073407863735908E+004
    17   10   2.073407863735909E+004   1.167099526173838E+009   2.073407863735909E+004
  </DiscreteSampler_grid>
