  0.00036224077480526  0.01749933701574075  0.03340383256677260  0.04782998776350730
  0.06066646800059600  0.07281163556153104  0.08420465645629450  0.09260987571321858
  0.10135058391180438  0.11107207769500126  0.12204491576834965  0.13307032861140644
  0.14367095343732378  0.15481854109919124  0.16794542398978793  0.18004050434736643
  0.19553709472656897  0.20904970920665022  0.21853859505916109  0.22740351772541270
  0.23608122176850982  0.24329732832102713  0.25138958125909061  0.25990764415941064
  0.26927560296646902  0.28087906923784756  0.29407969636186759  0.30663478880078088
  0.31859860866196066  0.32961420874913566  0.34023203848988565  0.35034521708212019
  0.36016934599429673  0.37034101057225471  0.38031805120492668  0.39113469230487558
  0.40339174167931424  0.41544199270902249  0.42666200428840406  0.43703035672396173
  0.44655484761292252  0.45583755793727843  0.46519290714024342  0.47466212792037910
  0.48494826754858134  0.49536070437203195  0.50647428891863533  0.51858243860105624
  0.53071552229864938  0.54281289998450333  0.55563354897622863  0.56653890777280302
  0.57587665956850254  0.58524467461436658  0.59599700927709709  0.60619578529266371
  0.61563272033516980  0.62506803495511687  0.63824735962089707  0.64986484361948560
  0.65957509028705263  0.66887463321861673  0.67825295358562931  0.68698165319623994
  0.69477274040026604  0.70179678173588289  0.70976808944570557  0.71966418566133739
  0.73055095524352853  0.74155241560314966  0.75225638769059311  0.76340578683036309
  0.77468424025831450  0.78467132061457101  0.79287847744189011  0.79870845944901026
  0.80518651265943453  0.81409998165040887  0.82324215171621817  0.83171064574831755
  0.84005802177406241  0.84820984229585006  0.85743292459259024  0.86940138954597135
  0.88190119639830267  0.89243219396900253  0.90251970786750413  0.91195631289531875
  0.92138029714581049  0.93116845056869180  0.94122120920770236  0.95199103225843118
  0.96371136992795736  0.97589571052493584  0.98781993143465052  1.00000000000000000
 -0.00003489229355779  0.00078647659621442  0.00304596820579429  0.00693880138661205
  0.01102740986314716  0.01614397652818339  0.02191645446188030  0.02793407341901603
  0.03450971300177118  0.04197484837859152  0.05079474285404462  0.06080657239505156
  0.07054450430866348  0.08034540767559896  0.09077433972078193  0.10196948150024940
  0.11286445184997104  0.12324651540345834  0.13329752680391471  0.14329569842473464
  0.15321544984264232  0.16294429793364915  0.17194343432127981  0.18063527918825306
  0.18975121696459987  0.19737781869966570  0.20575544662842868  0.21381222213505680
  0.22183891231805106  0.22997615548708927  0.23835179069438900  0.24588475795959913
  0.25326280680484320  0.26099537243878856  0.26900458604843153  0.27805572696173575
  0.28806484143126471  0.29822256694412386  0.30810759582947794  0.31786161161899162
  0.32767939212035824  0.33769858143732939  0.34806211004934068  0.35877811214872107
  0.36967861027150417  0.38107201187175344  0.39252269301900056  0.40335309911741357
  0.41389488457141460  0.42377576098787262  0.43290551386037007  0.44183574140821064
  0.45079957873619475  0.45979651263622207  0.46932015293504242  0.47923322843456900
  0.49122294101754865  0.50428291330405950  0.51793381173485398  0.53159914518424345
  0.54450309006529540  0.55640894572764144  0.56819876686609383  0.57967182590042188
  0.59210548035786859  0.60562034549086030  0.62017226660044056  0.63620956527886152
  0.65295342486820407  0.66852715892898862  0.68215945558255386  0.69452176902746876
  0.70630416092004455  0.71782813184742178  0.72914313191946301  0.74042791754912629
  0.75186611000781500  0.76374184774915688  0.77638178586851481  0.78901714500425657
  0.80198962127799900  0.81532497192919595  0.82841729198543945  0.84166536249078594
  0.85497243954146862  0.86803231192785146  0.88153609842740521  0.89527456262235972
  0.90902734234645055  0.92258089657107856  0.93583228925169604  0.94884501135801436
  0.96171423626848107  0.97446673207056578  0.98714113303928064  1.00000000000000000
 -0.00421141055653984  0.01243243869563805  0.02626320411415227  0.03808810486700202
  0.04884047209812361  0.05946248687731705  0.07008703653906979  0.08035601094571940
  0.09048233851279941  0.10100969063022390  0.11185161386700382  0.12317608850380656
  0.13437120639168185  0.14454772357661863  0.15460641931331867  0.16456226984045633
  0.17479939756963822  0.18680068242194445  0.19941426254597611  0.20994386098807571
  0.21864362668525145  0.22689800228456844  0.23535167587205072  0.24398503609969738
  0.25301241208932190  0.26186734884520607  0.27201409432212031  0.28476378443846062
  0.29906496752503631  0.31293260847552817  0.32563778041531544  0.33709408624831644
  0.34762596232836018  0.35762700662985719  0.36756340667254589  0.37764004134544416
  0.38739194786295067  0.39711316623502546  0.40759759024180453  0.41831809869688563
  0.42813682744582071  0.43727755127648626  0.44655438261625896  0.45772919374411669
  0.46993431219887938  0.48136947395113444  0.49219851463463765  0.50305445538843130
  0.51432545352179948  0.52566918796535134  0.53705337469937475  0.54749091902608693
  0.55683365621678216  0.56612564333022641  0.57555440276605530  0.58529161663053475
  0.59459078789340347  0.60348472938302700  0.61413527017095859  0.62585932478605666
  0.63690022518330724  0.64770733730041308  0.65843162931090327  0.66953125458908191
  0.68128900339949316  0.69328206048995666  0.70589348106260408  0.71955744817082412
  0.73260775478414220  0.74457303935988683  0.75462799028731176  0.76418882573902358
  0.77386212383324826  0.78400607550711998  0.79645622375721092  0.81012711525006864
  0.82381020463831167  0.83714087936857373  0.85027797184379728  0.86312040342569385
  0.87484908852707266  0.88511336460401246  0.89417067786297333  0.90092468789544400
  0.90784681086331609  0.91600792446205870  0.92288313547690104  0.93008187019775046
  0.93908914425603651  0.94809669854661283  0.95487678304079304  0.96213071145404672
  0.97053371403115474  0.98027268280542412  0.99005435280993248  1.00000000000000000
 -0.00304160553066524  0.01032794018813503  0.02146946085301614  0.03093713959691671
  0.03982222325883228  0.04844295653666839  0.05723899500499421  0.06629363381683578
  0.07455962337417522  0.08250448959081516  0.09040707221770392  0.09875276802441849
  0.10837332465883481  0.12002272725591198  0.13385633108786826  0.14703399647278750
  0.15923821796772514  0.16870650230467304  0.17780674223488274  0.18602191223156533
  0.19384623224791744  0.20145160086395056  0.20987962893367479  0.21981370790613436
  0.23074564073966314  0.24338463361882706  0.25656365975815759  0.26899787522111729
  0.28096302990813965  0.29244706758712297  0.30474082939384439  0.31705976714623219
  0.33043613508077624  0.34534383603566005  0.35948262325190244  0.37226957629620877
  0.38278911909220004  0.39334718916462963  0.40431847167487228  0.41469646261465698
  0.42435139740817179  0.43495960068685013  0.44490208963812383  0.45442340874274101
  0.46558878154137018  0.47972084862435332  0.49927719054075570  0.51749775407070220
  0.53338269538030425  0.54839973758637717  0.56326106044641733  0.57867512022836731
  0.59476826498703561  0.61086435804715222  0.62591675668829039  0.63953656731013420
  0.65215860176508000  0.66424983437201590  0.67648259288144463  0.68890000266956009
  0.70084154713661051  0.71284305787657998  0.72560317490177850  0.73781514142287496
  0.74888107945916316  0.76111009722939582  0.77346513823013885  0.78576432661416939
  0.79810718490881694  0.81018731553251044  0.82164802566213069  0.83237650665131813
  0.84256978440261110  0.85262706398667309  0.86272156940493605  0.87254847445264849
  0.88072954240241563  0.88743391419184359  0.89466342815620947  0.90090662218147188
  0.90641674489367297  0.91256830122942101  0.91901891566227356  0.92462977273060076
  0.92983842537139916  0.93485644028510506  0.94065770233773827  0.94676613646924190
  0.95263347241172935  0.95868877562958121  0.96572482041832608  0.97293508597862355
  0.97981400339210623  0.98633370716697411  0.99278122737278263  1.00000000000000000
 -0.00276632336922923  0.01005784356628349  0.02092001565369103  0.03078771327459574
  0.04062505012721272  0.05091927721554851  0.06056203363253308  0.07018798824067421
  0.07940279756853519  0.09094944871116881  0.10313016942682350  0.11692017528985046
  0.12858697925669368  0.14092443650592565  0.15393456699473387  0.16756991803840451
  0.18095558121544042  0.19334864014541320  0.20482243184675411  0.21553426275658413
  0.22547455762165683  0.23470815795604882  0.24402374977656752  0.25419075953648373
  0.26487594861528108  0.27557364653475874  0.28586120563535516  0.29557040444332328
  0.30532357303684748  0.31537503995536542  0.32538018024417281  0.33541710241862083
  0.34495147478508559  0.35378256352353427  0.36306274373064007  0.37258191763566095
  0.38144943932366376  0.38987811793125837  0.39897967525020028  0.40938726742851911
  0.42032865326258867  0.43173302786394507  0.44369479346790142  0.45589154431915729
  0.46799763507433578  0.48028926237755309  0.49314532797720295  0.50738121196087871
  0.52221118742726902  0.53439036874088164  0.54654165859729231  0.55868821956408632
  0.57115699515479057  0.58505989559556493  0.59945682520175247  0.61215554471435007
  0.62295383555293593  0.63331758819246198  0.64400001215569447  0.65507588734172928
  0.66588324687502132  0.67608741588697807  0.68598341243723238  0.69540047130761773
  0.70444016885290817  0.71300510708170095  0.72207009417345225  0.73200195560062431
  0.74233101889287889  0.75208327880582582  0.76120522209270025  0.77065634395424565
  0.78113833753589845  0.79029411399029614  0.79752846130756905  0.80391355978359347
  0.81065118379601564  0.81786374505143344  0.82497305864208992  0.83195072968689932
  0.83958937745545603  0.84644035765820969  0.85382146978119566  0.86356689240889195
  0.87421201486732203  0.88445770825116221  0.89530411543624278  0.90744659903491376
  0.92000390571509039  0.93191645167354498  0.94317696219591762  0.95412580560735094
  0.96531635482876554  0.97686726335534124  0.98816625624105525  1.00000000000000000
 -0.06578232436708376  0.83095550051011202  0.91253542436233093  0.94188656686445638
  0.95724858250995204  0.96315517430504427  0.96744233084285847  0.97113588921594185
  0.97427621043349277  0.97701719072651649  0.97944619479579287  0.98127980491232791
  0.98294836518080131  0.98442893284312127  0.98575960970048149  0.98695270691011805
  0.98809567770559470  0.98911327310123009  0.98999935626688806  0.99079359646835474
  0.99150707794735715  0.99214017525818676  0.99270672428801443  0.99321935335186950
  0.99368854948791629  0.99411847523801289  0.99451530462757987  0.99489226281498078
  0.99522558308803399  0.99553902492571578  0.99581292894638385  0.99606059232268074
  0.99629182460910581  0.99650759104835474  0.99669608313191027  0.99687946487087220
  0.99704922916272909  0.99720724693543705  0.99734512415359422  0.99747470815981321
  0.99759911443410587  0.99771933917782440  0.99783236118505392  0.99793561045336521
  0.99803318794046958  0.99812687001658162  0.99821496170588453  0.99829918402868423
  0.99838098307879031  0.99846034531197736  0.99853551710451260  0.99859453469940485
  0.99865005272808449  0.99870147860439829  0.99875071380750458  0.99879928892986469
  0.99884683689918907  0.99889118562033063  0.99893485110815627  0.99897758659290359
  0.99901897170887732  0.99905818690552251  0.99909534475910633  0.99913179327582735
  0.99916760242974600  0.99920264702109995  0.99923607840177109  0.99926838911405624
  0.99929979386665724  0.99933072759765584  0.99936009094228462  0.99938867779507978
  0.99941666836413257  0.99944336465031569  0.99946974750435003  0.99949568830576396
  0.99952026086177148  0.99954460068115625  0.99956867068163424  0.99959177438932112
  0.99961465352254930  0.99963737357171889  0.99965995183468925  0.99968193482259626
  0.99970347339554411  0.99972492672661095  0.99974624164995252  0.99976742334299373
  0.99978856279645412  0.99980991324814628  0.99983159654683784  0.99985672260682834
  0.99988346957874286  0.99991204436351677  0.99995190923397914  1.00000000000000000
 -0.01989871705206116  0.12447022048807559  0.18670346896621984  0.22523039459215038
  0.25364136548997962  0.27527418514351687  0.29215368718715862  0.30899223970546363
  0.32499388268226886  0.33870601895395913  0.35404162831248859  0.36590039905263660
  0.37971485467143345  0.39086721801134322  0.40091396143039504  0.41029219644030807
  0.41941857833500784  0.42955234046840529  0.43927846959591971  0.44871223693782125
  0.45817462123246011  0.46786094940176687  0.47785354471387081  0.48702061046981648
  0.49491501533790322  0.50207711902735852  0.50870152000375946  0.51479348245416878
  0.52045606656111243  0.52571323536079573  0.53036552822532235  0.53566625460109607
  0.54257934059617841  0.54815466473904240  0.55401606654043023  0.55964801343034831
  0.56526182928227731  0.57080736769384299  0.57618533842328490  0.58143227982969459
  0.58684945298886604  0.59281239887608383  0.59938314763780765  0.60505814756996945
  0.61044520767955601  0.61579352674544774  0.62130974204542788  0.62709025376860594
  0.63296903481497957  0.63889216035583751  0.64510003492511392  0.64919193908128936
  0.65256451113134617  0.65593774971449437  0.65945167685888539  0.66303947354289894
  0.66770143665880266  0.67113250617392106  0.67449933205505275  0.67784718284179002
  0.68122225807582570  0.68503904717178754  0.68930935827223294  0.69350487937461114
  0.69779499273733459  0.70207184372751208  0.70634443932337743  0.71127450101648715
  0.71695050843945130  0.72306563073890162  0.72892712760199918  0.73522708283296778
  0.74154906987549607  0.74752733810579963  0.75315160468591658  0.75859016976555582
  0.76390552305049908  0.76908175515929478  0.77445683365463169  0.78008072262809669
  0.78592289330227783  0.79198017297188972  0.79851261847554189  0.80538125601425714
  0.81210928639467594  0.81929069465932292  0.82813984165346632  0.83725043911355068
  0.84651274652012776  0.85735880732460779  0.86839916300213993  0.88081764248692029
  0.89448006104928734  0.91038792787967426  0.93162133034961925  1.00000000000000000
   8.9964600996243982E-009  -1.0000000000000000     
 T T F F F F T T F F F F F F F F F F F F F F F F T T F F F F T T T T F F F F T T F F F F F F F F F F F F F F F F T T F F F F T T
  <DiscreteSampler_grid>
  grouped_processes
  1 # 1 for a reference and 2 for a running grid.
  10 # Attribute 'min_bin_probing_points' of the grid.
  1 # Attribute 'grid_mode' of the grid. 1=='default',2=='initialization'
  0.0000000000000000 # Attribute 'small_contrib_threshold' of the grid.
  0.5000000000000000 # Attribute 'damping_power' of the grid.
 # binID   n_entries weight   weight_sqr   abs_weight
    13   10   1.359807286558106E+000   1.043808065463408E+001   1.359807286558106E+000
    14   10   1.359807286558107E+000   1.043808065463409E+001   1.359807286558107E+000
    16   10   2.099799120995547E-001   2.493436577213394E-001   2.099799120995547E-001
    17   10   2.099799120995547E-001   2.493436577213394E-001   2.099799120995547E-001
  </DiscreteSampler_grid>
