  0.00156481655472282  0.01449694073641870  0.02799371086962314  0.04144232647267091
  0.05498036504361732  0.06861710860403976  0.08221223550996971  0.09563934545571387
  0.10789482678145078  0.11801873494640233  0.13054447977999609  0.14272224438175601
  0.15447834396483898  0.16496856779200469  0.17411335577484038  0.18372539568106186
  0.19386772136220023  0.20244486543887466  0.21026375022115831  0.21826057971902132
  0.22761422410805532  0.23885461955992721  0.25025051536275539  0.26062113678163268
  0.27089455768435000  0.28088537058618912  0.29220371974483483  0.30570488505957172
  0.31594152968909056  0.32341773216187747  0.33095151982110282  0.34005907558348669
  0.35005070258930127  0.36012272573149084  0.37026683470697219  0.38174086965480492
  0.39392754129044938  0.40566978677618559  0.41705435425865051  0.42845851304220411
  0.44032525395407102  0.45275642950506678  0.46620077500307566  0.48152034373522384
  0.49694915061799466  0.50786594895668513  0.51659254979102598  0.52499166251934826
  0.53364170005829115  0.54195374105906424  0.55024712000506470  0.55881388465754833
  0.56745656524793719  0.57657623121298596  0.58602349711177648  0.59585147264518512
  0.60545136779771846  0.61474061847864092  0.62438790722436088  0.63527748311691434
  0.64778338129833768  0.66184444718624635  0.67614699001219347  0.68838497305355162
  0.70031679176525763  0.71214166875163587  0.72325328450369120  0.73280676449017867
  0.74143847724730072  0.74994772323873249  0.75866228049387374  0.76721288260134146
  0.77614657555713451  0.78712044817105575  0.79926768614590804  0.81172414179526697
  0.82412724719071906  0.83707173004093416  0.84972320786854150  0.85961217693938319
  0.86672021145369071  0.87492866144404813  0.88207262024027966  0.88906762190015243
  0.89643317531986577  0.90382502876115489  0.91137592432490588  0.92070752588165528
  0.93437592192868024  0.94584468223904472  0.95507523679172790  0.96548724859209356
  0.97599866897840248  0.98494533260129835  0.99262901580257279  1.00000000000000000
 -0.00004203008008707  0.00097355850935261  0.00344970521379309  0.00656851471155355
  0.01149147125245922  0.01659455647811355  0.02158277329963102  0.02718834013967576
  0.03346061110934824  0.04084024705889022  0.04879153754612561  0.05747736164475892
  0.06704458662756607  0.07668040663482689  0.08622905315650754  0.09552488129478273
  0.10390197649933060  0.11086461239092457  0.11689930165119580  0.12301790183256942
  0.12955189232842843  0.13793954578887568  0.14734564050684723  0.15816820796007974
  0.16919861256711197  0.17908936765822725  0.18860796437399541  0.19777996479271914
  0.20694655937145659  0.21670412108943488  0.22750273779530569  0.23863635139572542
  0.24963339975478141  0.26115501244943506  0.27262767374668390  0.28362948933059984
  0.29521791910811973  0.30710735749478568  0.31933984846277053  0.33193105775405374
  0.34501697465677511  0.35864325817726805  0.37223378153380937  0.38472899066640931
  0.39677431702145616  0.40881920334557326  0.41903699092571545  0.42866799585267806
  0.43785736388270280  0.44658078228243425  0.45584794874076129  0.46511879108772164
  0.47346289057582752  0.48223395550768205  0.49205672008748125  0.50098559570423007
  0.50994861425958915  0.51890752079996871  0.52801213868828534  0.53812885546508582
  0.54823851568707405  0.55765677954870707  0.56700813660341276  0.57640987477372407
  0.58599079030561896  0.59608207691504300  0.60696753480397325  0.61815140802348179
  0.62928088520803371  0.63988973318680131  0.65021573719453918  0.66002329661254944
  0.67017658184972129  0.68252330717038945  0.69590107877531293  0.71012674569248835
  0.72654705510507833  0.74350167487064300  0.76040539892510972  0.77692549504035024
  0.78902900798208531  0.80216825243132128  0.81554552489310006  0.82885035466770385
  0.84232332882522531  0.85659761260563272  0.87163638398604970  0.88548263089861434
  0.89877698004605355  0.91263044111598046  0.92674794392991977  0.94082185356835024
  0.95492037267265617  0.96929561206140946  0.98422408532661754  1.00000000000000000
 -0.00351108407032026  0.01069730615628503  0.02347108556256723  0.03524952704919873
  0.04597762719356145  0.05527226807346818  0.06351065181915108  0.07112409081320620
  0.07800777430015131  0.08515054280832539  0.09200720934438106  0.10011714261074653
  0.11014624275569443  0.12125493590472360  0.13293355928312325  0.14503561621438918
  0.15771022062985823  0.17049442130201925  0.18234888257760357  0.19504545293950526
  0.20836145586041205  0.21521063353693010  0.22255772858386083  0.22932967249560773
  0.23572114307273628  0.24294068011377049  0.24967230868879686  0.25658836777537786
  0.26367048311226687  0.27009303750428554  0.27807117244306118  0.28772070836623070
  0.29892186487354211  0.31185492050401298  0.32586713529707934  0.34044048147835948
  0.35575911051020465  0.37061159673816685  0.38434266848488219  0.39712859518011251
  0.40955230843756046  0.42100229371573950  0.43156214895602341  0.44225336217419570
  0.45385492885110273  0.46658061703023340  0.47896521035628953  0.48912264088535179
  0.49802258730887922  0.50555750313470083  0.51306892357422429  0.52192891139681219
  0.53012980546755484  0.53724337659892629  0.54453623900935721  0.55202891048058178
  0.55925287382632516  0.56736811894452810  0.57700079193447584  0.58706635014259501
  0.59814829131774916  0.60834294700598590  0.61805115201096705  0.62809147916943286
  0.63776700177810708  0.65004842868056412  0.66301686557167427  0.67499113711359737
  0.68653176663800053  0.69830182782524775  0.71037856440872305  0.72141725632951126
  0.73179881043459027  0.74321710132441299  0.75438946993919098  0.76499932336716514
  0.77684851756244677  0.78995448705940141  0.80341206225947670  0.81581250200540922
  0.82810514590792439  0.84062402923682389  0.85271638273941719  0.86393944810032486
  0.87473775140684551  0.88489438016960786  0.89442712912705735  0.90399453107291705
  0.91415750145732366  0.92493957006274030  0.93581537260895975  0.94696124987804975
  0.95859299996626490  0.97056677894692978  0.98344435071895819  1.00000000000000000
 -0.00275765474415704  0.00998088313635855  0.02202086374038258  0.03321499449364229
  0.04320748206401757  0.05164095632264407  0.05890458388617632  0.06616909584910004
  0.07342186164720919  0.08108376637682493  0.08908855572621213  0.09732492381662755
  0.10592840525175461  0.11527838411026459  0.12505817327165936  0.13524549650746892
  0.14585320404956034  0.15831218783805226  0.17001873242300275  0.18229349180382368
  0.19521442412368992  0.20689703786731642  0.21515574145941235  0.22298894610744063
  0.22941798888106771  0.23628037215523665  0.24408075286413097  0.25213320622142454
  0.26079807483252132  0.26875391965784445  0.27813150560307898  0.28957336057585098
  0.30204035767038490  0.31401877684144597  0.32614001223281014  0.33933318278339486
  0.35308929360422037  0.36719035321808358  0.38218035552731511  0.39786906630379149
  0.40878830946285749  0.42084037218293491  0.43366449431739140  0.44595572071143896
  0.45749587998276725  0.47044112770235963  0.48421539610432868  0.49782636336480079
  0.51232469595065644  0.52758934675471791  0.54123562179428009  0.55262514887250125
  0.56485749641322547  0.57803135248129012  0.59064467898760709  0.60330812109211518
  0.61760418657799443  0.63000703007918268  0.63937559894968088  0.64893575132477344
  0.65894956577790542  0.66912123387965061  0.67897738133880914  0.68810510416955672
  0.69840730176149168  0.70963805398246793  0.72140033053186892  0.73515363087368091
  0.74855584030763012  0.76019747979338603  0.77106155428701950  0.78155872985181141
  0.79167108901860517  0.80200580426212309  0.81285726260805435  0.82414546463964511
  0.83589301938230165  0.84763747608320961  0.85856203341941406  0.86826032591074431
  0.87757332232311602  0.88704822564466690  0.89620898491068068  0.90409044556443208
  0.91129298800469405  0.91989140667182379  0.92819456640689302  0.93619464993748058
  0.94384285714886984  0.95126908322531689  0.95847609438674131  0.96530823860782911
  0.97193922783855291  0.97954651000298276  0.98970985553969648  1.00000000000000000
 -0.00453202989600527  0.01298856545982156  0.02763612689696652  0.04025328646315431
  0.05150295901550730  0.06186216070132843  0.07163459437784411  0.08116656735229603
  0.08976663488518075  0.09810025809452744  0.10746513020652806  0.11778524490185820
  0.12834170803364403  0.13976067466533640  0.15126307202671879  0.16253621605196811
  0.17379021485372378  0.18473373078802358  0.19525074556579924  0.20529950279771844
  0.21385776428773717  0.22183108760336703  0.23046422172231296  0.23810878679093686
  0.24525627328056435  0.25235529193298611  0.26142451150350560  0.27152211216131333
  0.28570052645267124  0.29795746058709927  0.30969063197949448  0.32104035878299797
  0.33198060222080361  0.34197186874607127  0.35093607242861846  0.35976652494775657
  0.36868238335423603  0.37841362992735239  0.38908282158141971  0.40062534723595938
  0.41152766846164229  0.42139971201247445  0.42972149884889438  0.43776649281204744
  0.44641809968114271  0.45558451504984027  0.46440203223196241  0.47291755621902914
  0.48257124069160556  0.49372743756660059  0.50588661211185471  0.51815582894684808
  0.52642061470579971  0.53350393240917870  0.54142016427127182  0.55125559297449367
  0.56140778666293567  0.57169369006324477  0.58006571915442862  0.59092792494915403
  0.60280987045281786  0.61426860792306603  0.62550100678957843  0.63708009689649969
  0.64877575042364188  0.66023770857810560  0.67199521946317931  0.68437519666224989
  0.69636768196010568  0.70755482366189992  0.71922907629866006  0.73090040350231922
  0.74154222389215307  0.75175651881455852  0.76173381173090793  0.77243437634208689
  0.78427689292738512  0.79719992248749316  0.81034670746562742  0.82265351812293064
  0.83312911884001217  0.84077317845846533  0.84849390269751046  0.85627695976675156
  0.86387675362248240  0.87226241582160313  0.88113877008001396  0.88925188981115566
  0.90039983134012436  0.91518424088962513  0.93041437628978108  0.94517438365597473
  0.95962544925266990  0.97330110772841627  0.98697985800764254  1.00000000000000000
 -0.04744169486194118  0.82902099746563263  0.91320051291155757  0.94395899323826027
  0.95899729260386901  0.96375598875154966  0.96797830244597372  0.97158607020783228
  0.97463102339839647  0.97740755500418552  0.97970105835144006  0.98156211289475037
  0.98328938058562898  0.98477371206574371  0.98612334789901812  0.98727812767401801
  0.98830970900232085  0.98926113035191376  0.99012039160092113  0.99089508286939976
  0.99159290380894205  0.99222032120666859  0.99279382968417529  0.99331168894417832
  0.99377482987287347  0.99420308869273744  0.99458807848925390  0.99494052627765583
  0.99526101389195554  0.99554882046260829  0.99582537630650270  0.99607009049872564
  0.99630727815927067  0.99652467346463169  0.99672565431711890  0.99691083154639193
  0.99708725896909056  0.99724547019948551  0.99738551425504685  0.99751405543955396
  0.99763670644521085  0.99775501997456661  0.99786893616398165  0.99796556664101865
  0.99805772370057944  0.99814543458376137  0.99822943022579769  0.99831046992640526
  0.99838873670443584  0.99846346536160790  0.99853327612698917  0.99860065576760715
  0.99865858796486184  0.99870903353852303  0.99875739263651930  0.99880590565175675
  0.99885160210440838  0.99889586894392624  0.99893829079212204  0.99897932716173454
  0.99901957715417300  0.99905858011443760  0.99909689983476968  0.99913487571529058
  0.99917254371998454  0.99920950217662485  0.99924562927962113  0.99928006587623142
  0.99931232663936997  0.99934084565334036  0.99936863277229071  0.99939569953380025
  0.99942175951084422  0.99944743167598848  0.99947294527688391  0.99949833892774864
  0.99952347977774392  0.99954785440393223  0.99957152961931428  0.99959483214114975
  0.99961712564735605  0.99963866916241595  0.99966020045060511  0.99968151105409364
  0.99970262982045899  0.99972353520807855  0.99974425362669161  0.99976483866677091
  0.99978637852686769  0.99980771635926879  0.99982884555905271  0.99985331741327621
  0.99987980562988121  0.99990918332478729  0.99994977280815789  1.00000000000000000
 -0.01992165677382442  0.12837851474310560  0.18153531798634312  0.21705488378972643
  0.24774200551230419  0.27300604375870474  0.29256285202603854  0.31072703589749823
  0.32809767229247705  0.34517970005110615  0.36206855787220499  0.37791573739144096
  0.39238204632312024  0.40531734156447141  0.41698253847466826  0.42747839929763448
  0.43735373412217299  0.44709404815988435  0.45674254786829693  0.46608187968170856
  0.47514469297274370  0.48407506278499357  0.49262393812267324  0.50018343805466292
  0.50669658580481114  0.51275213408294951  0.51888550777739451  0.52501121755952362
  0.53068767441525844  0.53595157914680347  0.54122871016399521  0.54592565189712039
  0.55071216030946557  0.55495534620342890  0.55907645630501390  0.56359220947910971
  0.56768304559906035  0.57301533580564645  0.57855441557244136  0.58405532994195486
  0.58939906448393720  0.59454214318211362  0.59958451102291210  0.60476302643347835
  0.61023130116429025  0.61551210165124148  0.62079049089966132  0.62614098181524569
  0.63155496057926197  0.63715574110559392  0.64296058629532582  0.64882662680008274
  0.65472747226383943  0.66057789632832820  0.66670124128310693  0.67309592775748672
  0.67975845048437133  0.68683926987081223  0.69246157066895342  0.69788287741966593
  0.70314739828671047  0.70810298922370229  0.71266115214228598  0.71695367798314347
  0.72082516419172959  0.72445164106002669  0.72800135670990662  0.73156509381517842
  0.73511157463178489  0.73893466197758984  0.74330786560551432  0.74744502621304909
  0.75124827378481185  0.75503813214682414  0.75928227912600832  0.76353728377082786
  0.76739238376678176  0.77162723592242199  0.77678772256451634  0.78248174659520620
  0.78828081962277030  0.79399008987071895  0.79968867259798770  0.80553125959882188
  0.81161826095289069  0.81920300604641949  0.82798187636219078  0.83510974085040868
  0.84179007823343310  0.85002935011974223  0.85920378153140964  0.86810071012520285
  0.87851114661238394  0.89267149068924756  0.92314009602604274  1.00000000000000000
   1.3703313361919379E-009  -1.0000000000000000     
 T T F F F F T T F F F F F F F F F F F F F F F F T T F F F F T T T T F F F F T T F F F F F F F F F F F F F F F F T T F F F F T T
  <DiscreteSampler_grid>
  grouped_processes
  1 # 1 for a reference and 2 for a running grid.
  10 # Attribute 'min_bin_probing_points' of the grid.
  1 # Attribute 'grid_mode' of the grid. 1=='default',2=='initialization'
  0.0000000000000000 # Attribute 'small_contrib_threshold' of the grid.
  0.5000000000000000 # Attribute 'damping_power' of the grid.
 # binID   n_entries weight   weight_sqr   abs_weight
    13   10   3.641401945959399E-001   9.247714251053228E-001   3.641401945959399E-001
    14   10   3.641401945959400E-001   9.247714251053246E-001   3.641401945959400E-001
    16   10   1.055436146178479E-001   7.774420200264869E-002   1.055436146178479E-001
    17   10   1.055436146178480E-001   7.774420200264882E-002   1.055436146178480E-001
  </DiscreteSampler_grid>
