  0.00176959909530359  0.01993064125404057  0.03547013647920859  0.04839143426862867
  0.06025436108828267  0.07188027899683130  0.08341906274819616  0.09498072512446523
  0.10662247328679142  0.11823181758398177  0.12951912823278097  0.14043268631432282
  0.15150174359460816  0.16272940917182988  0.17371202311826159  0.18443986387599023
  0.19542862183647289  0.20660302174372933  0.21742416269778314  0.22777421798563557
  0.23845050365365553  0.24931153100264508  0.26007808178369557  0.27089183251181248
  0.28153427791560237  0.29218624676813260  0.30281078708809722  0.31329753788991621
  0.32352453260202246  0.33357708526122931  0.34385119474137033  0.35427175288504614
  0.36488688294555788  0.37564613341655984  0.38664234490431920  0.39751976681339113
  0.40822596118570476  0.41899963557579900  0.42991190521106715  0.44078493301661009
  0.45132106952528606  0.46176830341816505  0.47226637499313567  0.48277320405158508
  0.49315400926714448  0.50359585017364483  0.51424113758372758  0.52522440971465068
  0.53623483243767278  0.54716274666967901  0.55807708237635190  0.56892960730586006
  0.57967890638416864  0.59008561485072464  0.60031720562873236  0.61039711744127345
  0.62050071766826076  0.63071291631815485  0.64105818746168397  0.65129859369188414
  0.66149294003194237  0.67194157841150126  0.68249287976014161  0.69287698749945204
  0.70323200730385860  0.71343518270342976  0.72361928218777161  0.73349409508894858
  0.74330110193018439  0.75307961108259014  0.76296980411260651  0.77324739495757533
  0.78408633990726162  0.79507177003661300  0.80556084900889524  0.81566631033746939
  0.82553727284918932  0.83544053583394717  0.84525577025308396  0.85481144338309156
  0.86433684236476305  0.87408987169642172  0.88408143927973193  0.89425965420232512
  0.90416293464772324  0.91394281001779554  0.92338036993020522  0.93254520813005570
  0.94170749790177655  0.95079988234160595  0.95960686200328260  0.96803980484835683
  0.97619131473855647  0.98422010761516343  0.99217638485587101  1.00000000000000000
  0.00000063386218591  0.00000071159324392  0.00000077406320779  0.00000084081456311
  0.00000091168164811  0.00000098461056961  0.00000106002395860  0.00000113618356685
  0.00000121549955163  0.00000129497726085  0.00000137555465052  0.00000145905205302
  0.00000154543128280  0.00000163581399400  0.00000173107552518  0.00000183062325631
  0.00000193394967183  0.00000204216595491  0.00000215216970409  0.00000226301937299
  0.00000238176728610  0.00000250283916402  0.00000262859496708  0.00000276223175588
  0.00000290139402900  0.00000303929553180  0.00000318549034938  0.00000333960577401
  0.00000349801604630  0.00000366092759983  0.00000383485770280  0.00000402022915125
  0.00000420738059875  0.00000440504144635  0.00000461441688855  0.00000483596663554
  0.00000505821177162  0.00000530500664813  0.00000556281648858  0.00000582884134852
  0.00000609987395015  0.00000640329700541  0.00000672591270426  0.00000706041391278
  0.00000742322215851  0.00000781082512269  0.00000821052103644  0.00000862412794890
  0.00000909289801357  0.00000959133588146  0.00001011523640700  0.00001070680280886
  0.00001131111224246  0.00001196133669119  0.00001266028629538  0.00001340754684870
  0.00001420716699183  0.00001510433936032  0.00001602990012293  0.00001707850505258
  0.00001822930970927  0.00001947767622181  0.00002084527799658  0.00002233252020195
  0.00002396548667174  0.00002578806562265  0.00002785087887426  0.00003010993611747
  0.00003264201790186  0.00003546385150568  0.00003864501344501  0.00004207564699260
  0.00004589119649887  0.00005038474666257  0.00005546951221066  0.00006132349650620
  0.00006798993464199  0.00007548149460265  0.00008454669311416  0.00009519589051763
  0.00010733793504370  0.00012193938993246  0.00013910696558862  0.00016005364124973
  0.00018514975126697  0.00021467394438778  0.00024975348369757  0.00029142498370552
  0.00033984142505349  0.00040240986848481  0.00048115288966859  0.00057316533438840
  0.00068340700647121  0.00082300199397883  0.00883923670421716  1.00000000000000000
 -0.00167034411544909  0.00703659485757882  0.01431890421239540  0.02177632532774586
  0.02926200575706712  0.03683813915466466  0.04464779167684282  0.05268679728913620
  0.06088724505982500  0.06919590940992466  0.07756293182812535  0.08591649543296585
  0.09418410209917510  0.10233407490308243  0.11041677120147435  0.11878764279640865
  0.12725842856960484  0.13620531131953312  0.14473149372687749  0.15334368685049798
  0.16200674856189981  0.17087376653089781  0.17979920374470987  0.18880158517327300
  0.19801981648218445  0.20751497402424790  0.21748187905552246  0.22731522697527390
  0.23715181983695194  0.24718127713285395  0.25716797053091428  0.26732173501475814
  0.27762752393349738  0.28803589816457736  0.29858696398629614  0.30889501029927485
  0.31959275303594209  0.33061850602101533  0.34182107915115029  0.35318682958845754
  0.36479904195918156  0.37677664341851241  0.38891750972996336  0.40127122395423515
  0.41362884831474056  0.42583112354205266  0.43773422414292595  0.44976728980277891
  0.46203710046992646  0.47443914566845247  0.48665919710240491  0.49888284886910012
  0.51137314952269586  0.52410644511982873  0.53693839790472520  0.54951759812184431
  0.56194583423680722  0.57405402742684786  0.58633927532276409  0.59911625674389313
  0.61233856651783514  0.62549677851964214  0.63850366253093838  0.65138097642801052
  0.66417793803624725  0.67647951987102173  0.68854651378720089  0.70039211958659586
  0.71229027834679381  0.72445281110269011  0.73687828064525951  0.74916586968201671
  0.76130128919552775  0.77326866172137809  0.78514222443104686  0.79686578691749921
  0.80849809143219786  0.82010902110174899  0.83145736960124494  0.84233251247153951
  0.85290987903804250  0.86356091806860225  0.87425428768000701  0.88499517251897342
  0.89564906223514829  0.90610873850349616  0.91637882440938734  0.92618639800940528
  0.93590684525677614  0.94532597384998918  0.95473247679682893  0.96416728437056520
  0.97347792422726187  0.98253960942363150  0.99137468320747713  1.00000000000000000
 -0.00238547685915197  0.00947869759020901  0.01989956422283375  0.03041961385364229
  0.04106339335893693  0.05178894399425198  0.06260574482720868  0.07295137080006656
  0.08344367208143058  0.09383838104611907  0.10454541410998880  0.11541606228796229
  0.12641110718162044  0.13720320905257199  0.14793227457079214  0.15869830168489568
  0.16963972249126028  0.18032994481018380  0.19083198234209428  0.20127635019739698
  0.21182162160074949  0.22243312103368626  0.23299638236405038  0.24340682897296245
  0.25362134244747525  0.26372259938964393  0.27385931653935891  0.28398725295240707
  0.29399290480971768  0.30389472828124020  0.31396337086871751  0.32407195430041802
  0.33425198079342294  0.34464562861811321  0.35527004608092239  0.36597115981428169
  0.37653086871030766  0.38705841975169047  0.39769996955179027  0.40844098616762586
  0.41880619109586115  0.42896357680414027  0.43921252024271434  0.45032812816577372
  0.46133328558166053  0.47230084389113541  0.48349493810669941  0.49465567970982083
  0.50549257130497527  0.51600490710177860  0.52678988261193427  0.53791075660390952
  0.54892621072736447  0.55999818786004418  0.57101095927290912  0.58198266101267204
  0.59268294669679422  0.60338635271995533  0.61439662315322097  0.62556859782061036
  0.63659949371396984  0.64735487393805768  0.65790547411961486  0.66828629118349925
  0.67857012104483139  0.68883167440233029  0.69914884306596037  0.70949249780212242
  0.71987872907753114  0.73020543405393934  0.74090620581090783  0.75179216174654062
  0.76252804431250498  0.77307796466877199  0.78339985341550389  0.79396078260593295
  0.80413892614939031  0.81440859932872878  0.82479409618120603  0.83516157117616885
  0.84524499010978549  0.85514445677811368  0.86550569831459057  0.87600029174521399
  0.88643388780621035  0.89704690970799850  0.90746581990529840  0.91774543499558892
  0.92769709032534831  0.93800876062306848  0.94832663053949329  0.95838505949954789
  0.96859398283955467  0.97901213599081438  0.98943024923883605  1.00000000000000000
 -0.00244418831355607  0.00955627672635622  0.01952613395254381  0.03006273410256439
  0.04034884088578992  0.05080749650179702  0.06122730496035711  0.07147074524667703
  0.08189585197222254  0.09233937004144288  0.10299587501260014  0.11384642686691285
  0.12460098416169102  0.13550769719066291  0.14631437929516591  0.15737569670018739
  0.16851315925405236  0.17951551859372306  0.19031064094885672  0.20112585937227448
  0.21141834219389932  0.22159329784417042  0.23163280484370039  0.24181754022896140
  0.25210351341575199  0.26259129641674589  0.27349707282172581  0.28472493495506013
  0.29602631356924630  0.30720595469729667  0.31802929850299805  0.32856138192366907
  0.33918307262660186  0.34998596521622416  0.36082335845577812  0.37163570027879306
  0.38224913505567598  0.39279703238967351  0.40315157913958649  0.41366130752543384
  0.42417305561549989  0.43446545055461072  0.44447051129364407  0.45460262530282330
  0.46486341985115626  0.47515339322102801  0.48545526018613572  0.49603856597787532
  0.50651931057785671  0.51701706591184093  0.52690774374605331  0.53678303909583269
  0.54679576335533686  0.55690060027016919  0.56691486697908589  0.57688199842890187
  0.58726405733544862  0.59806136660207476  0.60867152588458073  0.61936875240388523
  0.62994982043756031  0.64107898775159733  0.65164479531929420  0.66245289485930325
  0.67333156782711256  0.68421020397811094  0.69485384875200751  0.70573817050042731
  0.71707716255001941  0.72816836672143148  0.73861239366873210  0.74889674110004967
  0.75940604106121268  0.76975931774383299  0.78027868989367777  0.79077935002545519
  0.80149433188977381  0.81190419156062277  0.82248706739686639  0.83322426155593210
  0.84339636850318345  0.85370858147641626  0.86367413029597362  0.87357286707622095
  0.88370968746620726  0.89368678918716471  0.90403978798409623  0.91448836410090584
  0.92470682372998336  0.93542210322241703  0.94639612839261722  0.95757333208644191
  0.96820271191916707  0.97854133369870921  0.98927462929930610  1.00000000000000000
  0.02350387580503993  0.19790495713497336  0.28538536889190907  0.35575763171955654
  0.40519484537551015  0.43898665373217272  0.46325636214864974  0.48018695236844172
  0.49224346154060450  0.50285097535985612  0.51226058814425623  0.52232254264913180
  0.52996978991755983  0.53467086050334478  0.53898687800909428  0.54368177308452248
  0.54805762726036134  0.55251532369469170  0.55630568140768932  0.56011051493578845
  0.56387289600054691  0.56767023813482853  0.57179363899442071  0.57581792480346872
  0.57972951139560336  0.58350984217108304  0.58727635719181404  0.59117220898271050
  0.59482432055746071  0.59831498651230197  0.60170911567319840  0.60503131586418413
  0.60830994339727573  0.61160428413756418  0.61492421678098097  0.61830046985730358
  0.62168786272012910  0.62507420965484961  0.62845786841210161  0.63178894641019223
  0.63517686810018936  0.63856673523689844  0.64194522523037345  0.64539629920172370
  0.64892248711758760  0.65245040341849814  0.65600475775996936  0.65958364941988890
  0.66324388742418394  0.66700626578263011  0.67084053529330012  0.67473780111016135
  0.67869142349445610  0.68269365796165571  0.68676885854377134  0.69096832881093107
  0.69513260144565936  0.69929799453596742  0.70346714183943748  0.70777586125337910
  0.71229798109050368  0.71697756723325834  0.72173854270461180  0.72658601278986001
  0.73157222363701624  0.73672621460126919  0.74196154247358792  0.74729408070639480
  0.75271984803844083  0.75826992743970223  0.76385289973509618  0.76954739415847384
  0.77539928180098250  0.78140186155741220  0.78752961065123206  0.79381692946141824
  0.80031749224385285  0.80702193622055740  0.81397901756524493  0.82119637054169936
  0.82855841251321394  0.83609037572968381  0.84404510788196896  0.85223689503301592
  0.86073396073755815  0.86958962083707192  0.87869305256457564  0.88837955957944115
  0.89831574582816820  0.90897291351284437  0.92027802497874955  0.93259555315344322
  0.94577392051562770  0.96040615328244805  0.97806325501159064  1.00000000000000000
  0.05056476340709037  0.21079816913423846  0.23709782976004995  0.25659118715487950
  0.27125525576324361  0.28387722004375188  0.29551909523439335  0.30706632458379629
  0.31829601292153153  0.32893053593056598  0.33929899912012479  0.34956015465701085
  0.35962339967674478  0.36924676871744583  0.37884081351924265  0.38831754609442726
  0.39753408662833029  0.40643273906572830  0.41539499364165394  0.42450920622048172
  0.43353440315524944  0.44225798556151136  0.45085361318823525  0.45942879906011092
  0.46791379139035116  0.47622501126613964  0.48442242599706614  0.49258072232694561
  0.50064322192823474  0.50850194009926930  0.51626208178502508  0.52376851626075360
  0.53100726407903720  0.53814110893785538  0.54533540001919456  0.55256766212231523
  0.55968791241436677  0.56670188560348056  0.57365201766363472  0.58063987460610289
  0.58784788517498010  0.59528286186625090  0.60265524681463822  0.60988385334210105
  0.61684633856861204  0.62361454272937977  0.63022550028950353  0.63670983468326336
  0.64332350811482031  0.64967914455702502  0.65577843528053847  0.66188584305558851
  0.66793574470491435  0.67394568401089117  0.67992414586850702  0.68588110675179792
  0.69178633241652920  0.69760210517085397  0.70332244349348472  0.70895508009977837
  0.71454121107299917  0.72017344944923811  0.72583335426302664  0.73125695877498953
  0.73647971125792111  0.74169689786986359  0.74687602291287913  0.75206737898128428
  0.75727132694192945  0.76248925177154980  0.76774949249876678  0.77304875656067229
  0.77833899910837578  0.78368535455560295  0.78904349762466164  0.79421979817766253
  0.79948102048844194  0.80479388648077321  0.81025304644561524  0.81588889151937294
  0.82162729168523696  0.82738386683656817  0.83314491060184526  0.83897862123378453
  0.84493533421863221  0.85105558771343359  0.85779703697090459  0.86493143014832397
  0.87222428199166258  0.87979360723566036  0.88806768001986536  0.89767041856181740
  0.90984588899677177  0.92490504713574384  0.94783388423638004  1.00000000000000000
   3.8217669852787276E-005  -1.0000000000000000     
 T T F F F F T T F F F F F F F F F F F F F F F F T T F F F F T T T T F F F F T T F F F F F F F F F F F F F F F F T T F F F F T T
  <DiscreteSampler_grid>
  grouped_processes
  1 # 1 for a reference and 2 for a running grid.
  10 # Attribute 'min_bin_probing_points' of the grid.
  1 # Attribute 'grid_mode' of the grid. 1=='default',2=='initialization'
  0.0000000000000000 # Attribute 'small_contrib_threshold' of the grid.
  0.5000000000000000 # Attribute 'damping_power' of the grid.
 # binID   n_entries weight   weight_sqr   abs_weight
    13   10   4.966402932490144E+004   1.109515063463964E+010   4.966402932490144E+004
    14   10   4.966402932490138E+004   1.109515063463961E+010   4.966402932490138E+004
    16   10   1.529207665479052E+004   1.029186837085559E+009   1.529207665479052E+004
    17   10   1.529207665479052E+004   1.029186837085558E+009   1.529207665479052E+004
  </DiscreteSampler_grid>
