  0.00190958410152619  0.01506096075000312  0.02646766451704085  0.03735284173710667
  0.04621296147332103  0.05428314577863891  0.06325367466435960  0.07177389534763833
  0.08053582338754094  0.08943680707551895  0.09807616417650694  0.10746513275824317
  0.11905253959315965  0.13184611258552303  0.14492577598769316  0.15717815731659482
  0.16804148082911777  0.17849568822202391  0.18907699648075971  0.19964874958467591
  0.21175138798428053  0.22542455703750386  0.23661735366435610  0.24678547858568006
  0.25654746107382753  0.26610390298530268  0.27538076465647293  0.28414419901165816
  0.29426942147831125  0.30739666873693949  0.32042378129297516  0.33055178805527979
  0.34132073423575737  0.35236652954347880  0.36401305322999100  0.37392184252737820
  0.38426132188881218  0.39485943518672845  0.40523336183142927  0.41613821339818635
  0.43074274421478287  0.44364336597826259  0.45667332674016808  0.46964236187934216
  0.48069414966472518  0.48991368553583475  0.49905920572075019  0.50848872024326197
  0.51775445290518129  0.52643031837787668  0.53499180723276785  0.54435927154551900
  0.55487452892105371  0.56696647802275413  0.57690682989911268  0.59042150163081675
  0.60372325348958900  0.61661185279042485  0.62803857756871928  0.63787623154794582
  0.64750981204240921  0.65602061179526328  0.66380082214977554  0.67164977141856363
  0.68049364350424069  0.68931693407446404  0.70202468370452742  0.71448933779620993
  0.72638381302481991  0.73764779115670254  0.74863099015465506  0.75815485988969333
  0.76785628499385539  0.77781154941552044  0.78833729060472890  0.79827538146342714
  0.81171171218001648  0.82058964696004211  0.82890823405704217  0.83828788903579943
  0.84790065791125924  0.85614986230323431  0.86389218214142605  0.87144276067499493
  0.88077014697429579  0.89403234981032897  0.90582815095024938  0.91699216179536680
  0.92750201854874126  0.93724205919039738  0.94701562938233119  0.95691244296549915
  0.96696490593576123  0.97760975599485955  0.98855074907527518  1.00000000000000000
 -0.00004067538486900  0.00099454632072129  0.00386233433893625  0.00735288372098383
  0.01248043100971070  0.01789676305548989  0.02362852820125270  0.02970029279752901
  0.03628668692438473  0.04526704275047370  0.05357531722325065  0.06048465926459505
  0.06765861712472684  0.07617257250279441  0.08595849165766790  0.09548263035000408
  0.10349351324575001  0.11175378727013763  0.11986025551740852  0.12800494934144804
  0.13763490283269622  0.14736676044452254  0.15456087998672180  0.16171006204607266
  0.16875753615893052  0.17615388380472738  0.18435600402143015  0.19198833746835503
  0.19971005894384194  0.20728113109021185  0.21455735996925837  0.22347291118435439
  0.23324077287189643  0.24244291952208144  0.25239522156155292  0.26439347299322813
  0.27609980543253987  0.28791712552263682  0.30013244965721059  0.31280051179196816
  0.32591024673338997  0.33963497990275093  0.35410364769054453  0.36703511804706856
  0.37959527678723837  0.39184723071873384  0.40406111370752856  0.41630701558310568
  0.42845843788533011  0.44033754710734230  0.45188684601504392  0.46321231955042708
  0.47397383013578215  0.48496810786853650  0.49593717616234084  0.50730175879937944
  0.51888428116356700  0.53048327155230279  0.54227476651192230  0.55417622701847147
  0.56603106699749639  0.57786634806519532  0.58968889653963441  0.60141371612757344
  0.61383739364007583  0.62734687822774293  0.64057328642744049  0.65354566165364036
  0.66630005427620476  0.67885123929216451  0.69103634641714118  0.70219955705829640
  0.71414947817706587  0.72657073061120581  0.73931784760571029  0.75195227970633527
  0.76461537171744831  0.77748831766736803  0.79050508159856381  0.80340334689446402
  0.81607243084223380  0.82908817705536209  0.84057651537003664  0.85189015119067901
  0.86376364258128857  0.87634015713832847  0.88897811996222775  0.90090347297577644
  0.91240653881620659  0.92430900650392678  0.93682249229688364  0.94967831922433488
  0.96257820971649133  0.97518253815098377  0.98755800036793195  1.00000000000000000
 -0.00377433075334797  0.01222306845502680  0.02423353238130293  0.03544477450096045
  0.04677194386947377  0.05876006931674296  0.07133847882145379  0.08346199026315643
  0.09436399107232431  0.10447071270316365  0.11430985146110775  0.12384066566433337
  0.13254898950445712  0.14131154281510389  0.15039050954866245  0.16011154152976839
  0.17074291788121887  0.18096544387473676  0.19206739790277488  0.20414364204262345
  0.21604417986627292  0.22778402955628685  0.23988373359067214  0.25219593227283593
  0.26401569589577550  0.27525199438743209  0.28677581480139036  0.29887896632461197
  0.31098009910147373  0.32236347308446289  0.33348521781454199  0.34489205247404287
  0.35697628204084786  0.36958225901101704  0.38323128814965168  0.39795448266034061
  0.41300214648291877  0.42715003987009476  0.43916792389438342  0.44971461243213662
  0.46119907508067648  0.47263755019972514  0.48418273881273194  0.49692126355400579
  0.51079170706658072  0.52396108206698522  0.53622479577550652  0.54850660908936344
  0.56099559041777569  0.57330364002184064  0.58565550674751810  0.59938946976530971
  0.60834135194766281  0.61618859195157483  0.62395304369118865  0.63197432778561602
  0.64008775752025804  0.64869788780748661  0.65727366958306177  0.66377054265284696
  0.67391600859888767  0.68562545588779544  0.69768083206307641  0.70704551829452267
  0.71454326099213550  0.72236769012361879  0.73101500110175199  0.73987803903643612
  0.74847547226728062  0.75630861822391060  0.76339474569952759  0.77016774103011998
  0.78007565461850759  0.78822772256475560  0.79694962936527913  0.80714888522518669
  0.81702077318475119  0.82594633797440065  0.83426183286175504  0.84280025918240842
  0.85225087868613636  0.86164272519190432  0.87025109392325040  0.88049976599528634
  0.89212203469420326  0.90214241630203662  0.91051126573946906  0.91895501610335639
  0.92773646040468194  0.93723413929510280  0.94642446211517295  0.95532015210658872
  0.96544491897043838  0.97680573339176102  0.98877428619199437  1.00000000000000000
 -0.00133323406347904  0.00635586279260462  0.01261359749835538  0.01852114889388806
  0.02463304210250031  0.03125038337928808  0.03879183232402567  0.04677998596238663
  0.05457732957249891  0.06244743362679244  0.07129351035208005  0.08209880260798311
  0.09441787883251995  0.10504437557683818  0.11405978638943343  0.12257227781920417
  0.13121543962761872  0.14033337610781002  0.14944264342482858  0.15809979780966837
  0.16714808811417853  0.17691891021495618  0.18652026121836654  0.19608586308353151
  0.20583470969572620  0.21616261695348893  0.22746664582877327  0.23878965067980182
  0.24971907875465049  0.26093455284052325  0.27198202415872347  0.28163254658121234
  0.29137791878223895  0.30436210363107929  0.31742401752022248  0.33054054813683048
  0.34581144336823239  0.36289789947255163  0.38010543394999524  0.39708824376723845
  0.41377177992311720  0.42908574426047585  0.44291246192905692  0.45613773688970377
  0.46911855267225755  0.48270819625626610  0.49715025745611363  0.51210867439367180
  0.52649442772503485  0.54083619612526557  0.55600711028626215  0.57161934748140131
  0.58826154434819444  0.60541321504051671  0.62094139716489560  0.63668030464064607
  0.65213970583054526  0.66742904578116846  0.68252713122563236  0.69735841404058563
  0.71191678074540210  0.72599015770233188  0.73614551200453482  0.74477739969880619
  0.75326875916105807  0.76249334313649852  0.77184577492119566  0.78031163698118045
  0.78843529494972564  0.79778281954367791  0.80857723599017839  0.81665296754808603
  0.82373496063802332  0.83154872186797490  0.83893447022979151  0.84579905003811040
  0.85261634976344103  0.85963881711093493  0.86698280849871412  0.87522564825367766
  0.88302926619248012  0.89036164052605371  0.89808770194111087  0.90652161975895362
  0.91510416575629305  0.92286064837332460  0.92981900212406321  0.93640150200259586
  0.94296220723488322  0.94976112400475599  0.95684215520596128  0.96402454430810036
  0.97072521122558331  0.97765139817162816  0.98680925042031953  1.00000000000000000
 -0.00302870637911962  0.00992538983234978  0.02280559464391158  0.03550061095025533
  0.04795536255145437  0.06036167572252285  0.07299972171055674  0.08617721134161950
  0.09930055184566050  0.11195479401563797  0.12502770559296858  0.13848379948333775
  0.15211515113988053  0.16570508026502020  0.17866695515416647  0.19061392087011789
  0.20195681786233888  0.21361476289801185  0.22456726985815653  0.23482933329472980
  0.24523929496305885  0.25605822719728255  0.26699219349838793  0.27718265803764675
  0.28743239305292717  0.29925892975975760  0.31272369448552229  0.32700113629566646
  0.34187653919015382  0.35569856792297078  0.36805885257953463  0.37963105370071448
  0.39072592595312783  0.40170209549202651  0.41238897401097724  0.42216159410795306
  0.43138615692781451  0.44115261825530727  0.45061399980965144  0.46017148245177353
  0.47038570387198492  0.48066972781664452  0.49028814255821596  0.50012396726344088
  0.51005376108367406  0.51914678112485224  0.52769871883167641  0.53544178966168587
  0.54352421367337156  0.55340306142886719  0.56399475797479393  0.57309024771238770
  0.58180286200657738  0.59121604165336616  0.60192464767751430  0.61352378552149445
  0.62496510318113996  0.63589155104870065  0.64654923281174659  0.65818623990583491
  0.66841761393364396  0.67723418998301321  0.68689437285065724  0.69717701676163801
  0.70780042992927528  0.71893675267458568  0.72970512850061486  0.73850849740749214
  0.74616746061882289  0.75496889236980591  0.76415308232726253  0.77335311747923074
  0.78255854056861973  0.79159403831996089  0.80180108056263166  0.81264906882768295
  0.82273815785186777  0.83294868697632629  0.84300170966493382  0.85360921420174352
  0.86537464020487498  0.87617883664293583  0.88526900531482644  0.89418718229958849
  0.90303956052667245  0.91213308425285933  0.92142156712211432  0.93185210901404458
  0.94237463936295218  0.95160403272674110  0.95964820041799792  0.96734328225848787
  0.97581338357441649  0.98431307332646556  0.99222088465210756  1.00000000000000000
 -0.05133821445081372  0.82966454939321321  0.91390738342019329  0.94392953749797137
  0.95858594639896744  0.96383791485808734  0.96804988714136198  0.97169069967261634
  0.97491694731741563  0.97767729472679743  0.98001220132098099  0.98185513291644677
  0.98351915878578400  0.98500582102627154  0.98634131638496847  0.98750474104038377
  0.98857754666395903  0.98951821805231588  0.99035361554919243  0.99111614389207980
  0.99180925233609507  0.99244538294511320  0.99300176700953802  0.99350814296874457
  0.99395857096915374  0.99436577680180815  0.99474140334812022  0.99508637538564759
  0.99539991270433992  0.99569131895153595  0.99595894725557454  0.99620414416189107
  0.99643937754291301  0.99663776377380764  0.99682255781334927  0.99700078633385947
  0.99717190307721748  0.99732390980076169  0.99745899029898333  0.99758770056933166
  0.99771010367887736  0.99782766288478952  0.99792783381345429  0.99802312845204599
  0.99811196291407467  0.99819600993584012  0.99827621653977594  0.99835277791678123
  0.99842582567797522  0.99849775764536075  0.99857030051420659  0.99862783125933008
  0.99867737464124429  0.99872788866184614  0.99877759467896932  0.99882555576532661
  0.99887240138183320  0.99891743172474112  0.99896122203799476  0.99900377410177676
  0.99904457294061677  0.99908388226967004  0.99912230994192586  0.99915980244089786
  0.99919635859041933  0.99923201746413903  0.99926539535010728  0.99929729162516856
  0.99932812342344790  0.99935728379279887  0.99938537556170703  0.99941259669887150
  0.99943910280890380  0.99946494982225942  0.99949049027391779  0.99951581426034097
  0.99953948535084680  0.99956283329798501  0.99958597940327643  0.99960766269696766
  0.99962908551773000  0.99965026140407720  0.99967090606218301  0.99969105784657863
  0.99971070706816767  0.99973030054866918  0.99975018457712717  0.99977047841745947
  0.99979118364262343  0.99981193567866067  0.99983268048233731  0.99985739528734463
  0.99988385712384420  0.99991230138391562  0.99995218328498037  1.00000000000000000
 -0.02365363002964416  0.12752919465306350  0.19748306944708088  0.22596340905831533
  0.24590567376734151  0.26296990553317640  0.28235891465493579  0.30419762623279528
  0.32177612066084121  0.33641494909118530  0.34783520883850039  0.36000426276639103
  0.37289381563185225  0.38491180891422899  0.39644367233149097  0.40708563968049938
  0.41640303585956384  0.42569619388371593  0.43501010582261368  0.44360422553583451
  0.45350845532336181  0.46395764593126176  0.47369501884148879  0.48244071797797755
  0.49009782127018370  0.49696540228798186  0.50339120335489940  0.50967927870341778
  0.51558064505939161  0.52081098091900435  0.52601554491305313  0.53056505820359845
  0.53614001306266290  0.54225872949717857  0.54835517284575153  0.55428574240931028
  0.56000561006878424  0.56534890167751117  0.57002519997088663  0.57485621002233023
  0.57956217828985590  0.58427317325463779  0.58961833385817963  0.59472813591413920
  0.59946809823864222  0.60409113330826125  0.60837874637888212  0.61254688735636476
  0.61681731393587957  0.62083039937135076  0.62554809507923503  0.63066335842215471
  0.63601525507409984  0.64145678196119649  0.64681907903821345  0.65206383144024016
  0.65731240157842130  0.66271374163751728  0.66804218267882132  0.67350121947034125
  0.67904695582537422  0.68429388954077486  0.68885870121466319  0.69307548550590214
  0.69747649223134645  0.70227020989314470  0.70730176287275948  0.71208681332047952
  0.71653379526126004  0.72100273808557502  0.72555481485402584  0.73022167010342054
  0.73479161247036506  0.73919595533018700  0.74364030335368125  0.74821249828896863
  0.75295149366822578  0.75782561458638209  0.76255376518327922  0.76778420093368904
  0.77376712009551640  0.78018170796601349  0.78650005946440371  0.79317087600386826
  0.80000570197070975  0.80683938332285898  0.81352820545640181  0.82219111072216033
  0.83165315340133994  0.84188036975831970  0.85270061824633792  0.86520015296257802
  0.87909048924820987  0.89663866157072314  0.92444585821957681  1.00000000000000000
   9.1493308389220450E-009  -1.0000000000000000     
 T T F F F F T T F F F F F F F F F F F F F F F F T T F F F F T T T T F F F F T T F F F F F F F F F F F F F F F F T T F F F F T T
  <DiscreteSampler_grid>
  grouped_processes
  1 # 1 for a reference and 2 for a running grid.
  10 # Attribute 'min_bin_probing_points' of the grid.
  1 # Attribute 'grid_mode' of the grid. 1=='default',2=='initialization'
  0.0000000000000000 # Attribute 'small_contrib_threshold' of the grid.
  0.5000000000000000 # Attribute 'damping_power' of the grid.
 # binID   n_entries weight   weight_sqr   abs_weight
    13   10   8.302421141513826E-003   2.693783574640653E-004   8.302421141513826E-003
    14   10   8.302421141513833E-003   2.693783574640655E-004   8.302421141513833E-003
    16   10   1.274851077784597E-003   6.323242089919036E-006   1.274851077784597E-003
    17   10   1.274851077784598E-003   6.323242089919041E-006   1.274851077784598E-003
  </DiscreteSampler_grid>
