  0.00239811671755557  0.01247406594659022  0.02345698488840579  0.03420477805448557
  0.04566510963358363  0.05809696341420267  0.07122744669681257  0.08492325237092344
  0.09818420649757471  0.10869804637535958  0.11701189788237555  0.12665098291204727
  0.13605330556493589  0.14454471113037937  0.15188581827781086  0.15955405387683239
  0.16753755208619439  0.17618800478301458  0.18562752747665470  0.19572840854239057
  0.20607793391925500  0.21643763505547306  0.22679952261976405  0.23491785940696225
  0.24257455920669496  0.25025362545581536  0.25764863562480239  0.26469227147884328
  0.27233197508641438  0.28110252381975148  0.28940502343930341  0.29831221925128965
  0.30863114519693408  0.31839999578282496  0.32800533830850920  0.33709124770843996
  0.34681772786457904  0.35833478859212281  0.37171562414061166  0.38533426534272386
  0.39845238863536198  0.41103434963908997  0.42192287724578015  0.43316791549941569
  0.44460560045194270  0.45626006614877035  0.46849339623400388  0.48093184600265176
  0.49305353190297663  0.50504736764071501  0.51681944277229652  0.52796821769892111
  0.53992586375107154  0.55206447503467804  0.56287152866214074  0.57389402823900415
  0.58557099790354949  0.59787381901876147  0.61070817840078295  0.62527167491474445
  0.63947202829211591  0.65316536503756628  0.66594643799794107  0.67761545821750302
  0.68859761976568179  0.69935033273279501  0.71007347681159605  0.72117225125309747
  0.73241251487930947  0.74330089357494988  0.75392666870890035  0.76372524751710613
  0.77250464153284137  0.78063517252963099  0.78880525766966947  0.79695156574905224
  0.80487948912986718  0.81355324635671644  0.82321382838115142  0.83394726972143185
  0.84562874878082028  0.85846306765571501  0.87073603134995714  0.88063918551745679
  0.88934931799288874  0.89744921586940352  0.90604457333887911  0.91452208517961042
  0.92337515275690352  0.93188390316561165  0.94128101726958247  0.95232841738218266
  0.96376949623556907  0.97475242112488425  0.98620134226527700  1.00000000000000000
 -0.00003944739943106  0.00096615787229583  0.00352124449071727  0.00741239840008877
  0.01127114127737694  0.01592432735339093  0.02293409134017723  0.02996517267708991
  0.03691369858251055  0.04325063803872648  0.05053366852822948  0.05886747767052077
  0.06781250824303366  0.07616918165175780  0.08337849579273668  0.09053192493984095
  0.09874626927265649  0.10735357810255412  0.11658666841035338  0.12785510537910502
  0.14195410897099106  0.15402165262156944  0.16393719157111936  0.17304895709361989
  0.18130352048235790  0.18955314414211058  0.19664371242695214  0.20441878075359829
  0.21220704803134657  0.21977449173715338  0.22707505833192815  0.23460018903208496
  0.24271317902514628  0.25125133716035114  0.26030922245082466  0.26890758654756602
  0.27805093771441597  0.28786908204010170  0.29787601871744879  0.30832022137711934
  0.31954802320331083  0.33119545250328031  0.34303690509538187  0.35531266872722012
  0.36804599185365194  0.38165272713909160  0.39793342291213846  0.41137880638637714
  0.42182562927110528  0.43151134285229514  0.44133441415184027  0.45073318417490632
  0.46017913642258579  0.46994857034181681  0.47945336480742329  0.48870958963540412
  0.49804672904673769  0.50801863052660234  0.51858842949062189  0.52918795396157514
  0.53968915488571612  0.54979847466490672  0.56005012979504198  0.57016706086334734
  0.58027063875485863  0.59038585011385014  0.60076005433294666  0.61156408926977235
  0.62289467365403761  0.63478410300067623  0.64684165694307116  0.65875755064220098
  0.67060280554597951  0.68251174506753087  0.69460887513651792  0.70696895700793905
  0.71963459229044846  0.73262835603031395  0.74540917568480203  0.75790987415324584
  0.77005358974990645  0.78416722769422764  0.79978736329558675  0.81450448753005422
  0.82916167908334570  0.84376272290243592  0.85847296753908564  0.87323097783537162
  0.88785544294180985  0.90238493674945675  0.91787067534816136  0.93366251262048461
  0.95031647369646743  0.96710124067889480  0.98364321996126836  1.00000000000000000
 -0.00216127722396732  0.00867008643503410  0.01895976855274008  0.02856972881106253
  0.03777571490697872  0.04729108353845970  0.05780694992451977  0.07011259968606361
  0.08353787135915101  0.09625445371523013  0.10852238232685346  0.12209470706727958
  0.13520983699154981  0.14729676390766241  0.15940730575237208  0.17192230985273738
  0.18501742458812312  0.19851919036760435  0.21069517367565696  0.22072459379852594
  0.22868418195484808  0.23548790367109751  0.24252197337065784  0.25158880335333489
  0.26083366244247719  0.27004850838723571  0.27872622903830641  0.28762554123970230
  0.29824257368751278  0.31028722248555834  0.32219330730763901  0.33348578111375915
  0.34461594734796008  0.35520120006906175  0.36562363373525475  0.37626191510687590
  0.38683324660502849  0.39782888060586175  0.40953386164451167  0.42203802666632578
  0.43549060653000565  0.45034249770335177  0.46043115236553633  0.46639415461066219
  0.47252837776111750  0.47947403413779000  0.48811421450912940  0.49712834879323192
  0.50615415260994068  0.51522527764609816  0.52559216441721213  0.53763021738307348
  0.54999890809164531  0.56225436183840061  0.57538605801101428  0.58947532999302332
  0.60270622023324771  0.61332747689607559  0.62362500100868512  0.63424462622923961
  0.64507068611226515  0.65593805863496535  0.66659620479869153  0.67607369043682264
  0.68476173069544111  0.69339033561606067  0.70183815892444967  0.70994918715918442
  0.71782744593009706  0.72672723945521078  0.73552498686643342  0.74471612911381713
  0.75416139459111753  0.76355170902047209  0.77417803328120693  0.78715352621239565
  0.79848827099486785  0.81022932552167248  0.82395319174429305  0.83551212419534282
  0.84467127177281343  0.85317252851963099  0.86149741077233954  0.86964506165030475
  0.87779838054432180  0.88591886228949990  0.89449774404970162  0.90373797715000925
  0.91397521459714914  0.92619454113079214  0.93881498449542722  0.95127332538093690
  0.96368201105001827  0.97570473642384781  0.98801231522975430  1.00000000000000000
 -0.00040331544969498  0.00451614999265548  0.00990918189514604  0.01563999150137663
  0.02072947643028921  0.02575559260363259  0.03165729713967591  0.03759184565303393
  0.04520469844635249  0.05564683074346196  0.06664003878414394  0.07614018258269531
  0.08435783682942354  0.09247993904414155  0.10060967188676194  0.10878594281199069
  0.11793486679628112  0.12735597760324452  0.13709384423684412  0.14782253056534228
  0.15760401280189013  0.16653680196174805  0.17531341457059474  0.18464670069584385
  0.19536892317307472  0.20719540537581838  0.21942325306751179  0.23148141439309355
  0.24304451184646700  0.25363698916119570  0.26295298736713496  0.27294640775217471
  0.28327376981047386  0.29289085934694203  0.30179512547198767  0.31087092331635646
  0.32568579094183481  0.34090597328608174  0.35513814932310545  0.37115583848686262
  0.38721506873844336  0.40348062446317051  0.41960191507477473  0.43442010073323101
  0.44987157173613601  0.46649158634867333  0.48332536226129474  0.49977216177660810
  0.51514853140964312  0.52951496011455734  0.54270952034887010  0.55631900480968488
  0.56979001379409433  0.58219491737008755  0.59395161181416578  0.60562732997292812
  0.61807118885296586  0.63069256414588604  0.64294203887967338  0.65588431747541642
  0.66990137650647752  0.68439295336873518  0.69824526332531145  0.71246323757097763
  0.72600578992521214  0.73808203227077518  0.75016192318174157  0.75920967998032585
  0.76833609576870976  0.77667926355175609  0.78426318118499183  0.79166775864771854
  0.80036021460238538  0.80841239740162174  0.82039420204915192  0.83392789423059033
  0.84646321568055927  0.85735811399761874  0.86690594139533339  0.87674058283776757
  0.88717704918097928  0.89653958683067181  0.90347976093769400  0.91041305321560106
  0.91764321319278008  0.92487309929437755  0.93165521880054636  0.93823311092509010
  0.94479226919496706  0.95113396262778793  0.95711060591780095  0.96321734268054116
  0.96973759319423292  0.97697313254826090  0.98632793442769950  1.00000000000000000
 -0.00115426681323609  0.00586829401752378  0.01377504625933080  0.02108204267846129
  0.02901811487403539  0.03880639795299941  0.04982330469607540  0.06156448176713743
  0.07360766721041206  0.08567798045731458  0.09821047325498973  0.11220333099645952
  0.12735564838331681  0.14071864060520664  0.15388686548292829  0.16678738734351903
  0.17939864350082255  0.19040134756748589  0.19992154212450766  0.20912885390425040
  0.21763902298894650  0.22537726036579991  0.23314481810023560  0.24129453588428224
  0.24902147069212588  0.25833024872861293  0.26992529684110278  0.28297075361260299
  0.29616057447294802  0.30941413789944405  0.32272392565704267  0.33570842756423780
  0.34813408361057813  0.35974002458863147  0.37068119891570611  0.38124334620001116
  0.39074009807585208  0.39932707027810971  0.40790394572421446  0.41771279575428899
  0.42972258673036018  0.44277641886491376  0.45620162716085266  0.46948175263451480
  0.48084453292103307  0.48982115058685377  0.49861825868398718  0.50631609595791127
  0.51382547074788221  0.52140664611919307  0.52876886549934132  0.53669057255067576
  0.54636093648395201  0.55880248533250931  0.57068706687251203  0.58463663867200633
  0.59930484703263331  0.61363732256592429  0.62698381130498282  0.63921281197776048
  0.65059361956665840  0.66097521454712160  0.67103976858441783  0.68157284317214828
  0.69275683769173058  0.70529831378399144  0.71928555809967809  0.73124960075392942
  0.73879654815116524  0.74645272098797855  0.75347066466316037  0.76039616897665741
  0.76781034224739486  0.77606384138200113  0.78402519010264826  0.79157508447940672
  0.80578006191530616  0.81652216065983452  0.82662905968105416  0.83720997703077948
  0.84863545376431304  0.86069743763264461  0.87140092066061592  0.88013324081690236
  0.88853884161590102  0.89733714542387533  0.90804350856879201  0.91873760866203347
  0.92817617340441161  0.93814440788144682  0.94797071695806356  0.95769226667995999
  0.96704453485360820  0.97578754038598425  0.98536091476056420  1.00000000000000000
 -0.06677352447485779  0.83056553397960775  0.91529051314551346  0.94657315213086601
  0.95994508881458851  0.96439686187962448  0.96837185446442298  0.97184250506457470
  0.97481917302439769  0.97743828060043558  0.97970515345252540  0.98158183439506375
  0.98321762800791257  0.98465204485665947  0.98590892796456875  0.98710978462301902
  0.98819659951845973  0.98915050447706221  0.98999155348793799  0.99077393170491679
  0.99149686765337497  0.99214879361892139  0.99273301375689305  0.99325929131304147
  0.99373368162436382  0.99415398970649560  0.99452774634764418  0.99486948665938835
  0.99518622060385475  0.99548164176900122  0.99575657785538774  0.99601358576272048
  0.99625238666629956  0.99647047756436491  0.99668085786318128  0.99686652384870911
  0.99703344012781692  0.99718810040853090  0.99733578674441981  0.99747089196134286
  0.99758761055621170  0.99769772965431724  0.99780711449939397  0.99791268110991094
  0.99801099611045196  0.99810459554497721  0.99818488983121700  0.99826031686407124
  0.99833415962083327  0.99840518871407757  0.99847294143708432  0.99853821698534750
  0.99860125146976830  0.99866179350261242  0.99871906391559895  0.99877186350055358
  0.99881827870171902  0.99886483998144693  0.99891106486968384  0.99895527706422860
  0.99899730325660951  0.99903841253239656  0.99907720455878690  0.99911489090894279
  0.99915132195147283  0.99918648044459579  0.99922057521332064  0.99925350982034189
  0.99928574882416954  0.99931749795630531  0.99934712918383473  0.99937662819074036
  0.99940562201354843  0.99943225217713749  0.99945884516811356  0.99948496264580355
  0.99951006276144228  0.99953450027447621  0.99955857261212122  0.99958221168524408
  0.99960495258750748  0.99962752137075139  0.99965002026838345  0.99967146631621662
  0.99969265412706387  0.99971383252488910  0.99973517854571226  0.99975671971193292
  0.99977893455304945  0.99980110702163427  0.99982342844506700  0.99984979456234913
  0.99987767060219246  0.99990855460042527  0.99994963824934679  1.00000000000000000
 -0.02701840690502735  0.14225010534601945  0.19867664020156378  0.23321515042259960
  0.25835574869544292  0.28169891228426852  0.30433699974243000  0.32322412334377931
  0.33901413238248451  0.35368287525948289  0.36749698507658418  0.37839819672208447
  0.38634021080395042  0.39455657873276972  0.40376349045391341  0.41306699680791431
  0.42139320346395970  0.42884867319057079  0.43594345029593473  0.44344114656649930
  0.45157571077392195  0.46026685211092355  0.46770286771200459  0.47427256832958353
  0.48074817872009762  0.48713259269047315  0.49369086558528108  0.49986248416957701
  0.50535680011846240  0.51052185022680663  0.51575825469425074  0.52050756665377984
  0.52467978775805812  0.52881851077719244  0.53327079341386563  0.53832501474257854
  0.54333154089878632  0.54805003472552760  0.55273962918238273  0.55744087458308955
  0.56213909971466725  0.56702655165245419  0.57188668340424675  0.57651477938765527
  0.58101805796328698  0.58514434156896289  0.58909738886205576  0.59314175164356353
  0.59764020270741713  0.60257804919689395  0.60737688865863670  0.61219250742222042
  0.61679897509964499  0.62163491753742639  0.62652836287745794  0.63170129112950757
  0.63681188337907579  0.64182164844990897  0.64685350693236487  0.65192455004384031
  0.65701835108313955  0.66205981421972426  0.66693556028775758  0.67188002216832232
  0.67720457154865943  0.68267815187529912  0.68804652053930548  0.69318736481371246
  0.69816541777979935  0.70319063249645875  0.70849466471643030  0.71419918613755595
  0.72014047733939146  0.72600284554641215  0.73163299718367303  0.73712866565123147
  0.74260896823911560  0.74822129125725223  0.75427580339992484  0.76056630850714724
  0.76672251516823375  0.77276606430091443  0.77940900424830528  0.78629051467311895
  0.79368838138478481  0.80137702011121725  0.80954429850212861  0.81828115945627011
  0.82716648394684666  0.83773538102351341  0.84985408562212394  0.86171252884067151
  0.87457342159449136  0.89027375123617913  0.91647364903444684  1.00000000000000000
   8.2255025336919877E-008  -1.0000000000000000     
 T T F F F F T T F F F F F F F F F F F F F F F F T T F F F F T T T T F F F F T T F F F F F F F F F F F F F F F F T T F F F F T T
  <DiscreteSampler_grid>
  grouped_processes
  1 # 1 for a reference and 2 for a running grid.
  10 # Attribute 'min_bin_probing_points' of the grid.
  1 # Attribute 'grid_mode' of the grid. 1=='default',2=='initialization'
  0.0000000000000000 # Attribute 'small_contrib_threshold' of the grid.
  0.5000000000000000 # Attribute 'damping_power' of the grid.
 # binID   n_entries weight   weight_sqr   abs_weight
    13   10   1.411476032771824E+000   1.205951693553455E+001   1.411476032771824E+000
    14   10   1.411476032771823E+000   1.205951693553454E+001   1.411476032771823E+000
    16   10   1.149407213371139E+000   7.986261187857691E+000   1.149407213371139E+000
    17   10   1.149407213371139E+000   7.986261187857684E+000   1.149407213371139E+000
  </DiscreteSampler_grid>
