  0.00255690685544967  0.01257224208218594  0.02499213581304690  0.03695882675883076
  0.04825852812702949  0.05877455555670059  0.06953444443735546  0.08081898262261580
  0.09184746068717177  0.10347604453261625  0.11631115442695016  0.12957690263730143
  0.14241794825826132  0.15533316767977706  0.16928854357476328  0.18240732404968371
  0.19417811305580066  0.20494507964180234  0.21663231147004808  0.22850474459385006
  0.23932253341474757  0.25100534245176870  0.26369146393199588  0.27605507943999102
  0.28654380922606099  0.29558166268568192  0.30488063659675496  0.31520757469074268
  0.32597964729033096  0.33654454058995548  0.34733825553417064  0.36023391449046116
  0.37392839744138767  0.38656756879083254  0.39926802460325095  0.41146154513936312
  0.42305962280096232  0.43475591954659926  0.44735140884930352  0.46036783951538873
  0.47198587396694136  0.48432986611294032  0.49580079803825977  0.50809230765279434
  0.52121306750176399  0.53412822171993690  0.54612197108617855  0.55682881274353002
  0.56680207142612116  0.57636539261611275  0.58595695404311010  0.59574258222310350
  0.60560684771763307  0.61496275290458269  0.62375262692370059  0.63248684846612813
  0.64148517995284571  0.65156259949543149  0.66172462048653591  0.67124544462919855
  0.68041879054581589  0.68865887937088810  0.69830647319575578  0.70748266766164847
  0.71523646890594328  0.72327777668181348  0.73204039411900823  0.73990725249271927
  0.74626590930365100  0.75240967697136740  0.75976676443989477  0.76711766449399710
  0.77546683595700083  0.78450448365720571  0.79397489956321288  0.80473251393844003
  0.81556631088426090  0.82609512391600415  0.83655003218455348  0.84746166672420287
  0.85802195825971594  0.86747141643057790  0.87644561721505110  0.88530585392629413
  0.89437981311967951  0.90410653710006750  0.91351141236700983  0.92495665781653547
  0.93712973518318909  0.94863293063635667  0.95901681381085979  0.96753834210343914
  0.97688694900953699  0.98613145776680766  0.99210358800930032  1.00000000000000000
 -0.00003266410012391  0.00078466304992628  0.00299378298653960  0.00630568912032657
  0.01023128456359799  0.01602480127209378  0.02161123227907695  0.02732333207724867
  0.03408996227111048  0.04020012611424376  0.04597942567853368  0.05161140147394060
  0.05760870704812056  0.06405431917779011  0.07059886747272061  0.07825674962866494
  0.08680828256159411  0.09607301426764986  0.10581457212173927  0.11565190421573204
  0.12512630966147997  0.13389357216008843  0.14201028371484117  0.14992404695830006
  0.15767863410162927  0.16539811812165550  0.17195451509616483  0.17854757880957933
  0.18548303638095451  0.19274644826992718  0.20031624547312299  0.20729687598845395
  0.21423122687148338  0.22174668106104983  0.22956567337613024  0.23756807667830046
  0.24583231963573637  0.25517707011472468  0.26374512994920579  0.27190721960186703
  0.27929280078591584  0.28722166086875378  0.29542814805953099  0.30390261016128800
  0.31303923964577229  0.32281820507332326  0.33313175315003951  0.34327004178790399
  0.35362747647296477  0.36536832607255576  0.37814852049815262  0.39104793329552756
  0.40335997844094629  0.41455356824013256  0.42635032368745457  0.43891463918490053
  0.45198474961065199  0.46537965225383560  0.47882431392800823  0.49131405898159619
  0.50386341381094268  0.51696012295658300  0.53083346843998147  0.54500772138153697
  0.55892072449571994  0.57254083716599480  0.58578068800450056  0.59892947672917007
  0.61210609798787730  0.62531045116064954  0.63838162500326368  0.65095923858106597
  0.66423267872875946  0.67775185773783730  0.69176329241030809  0.70616683500446820
  0.72084372112604345  0.73576357543686355  0.75120357800009163  0.76443462124079975
  0.77757280676811424  0.79093297032475030  0.80427138716929225  0.81733481623367099
  0.82995918903384125  0.84260932718595205  0.85571619774042851  0.86933737864919414
  0.88371395042112311  0.89812731110140498  0.91187547728606888  0.92589945836879661
  0.94424121041234954  0.96289164062964006  0.98140254539718452  1.00000000000000000
 -0.00367501987663673  0.01310259985529432  0.02420286416524388  0.03401715605088304
  0.04376609581356099  0.05534975649670269  0.06555547247299232  0.07456262808705023
  0.08366450950857775  0.09303073824946047  0.10193097277097359  0.11089572551832200
  0.12014483753931238  0.13063216486400533  0.14314993440988544  0.15499802138514265
  0.16644119664854443  0.17741623655231006  0.18784986250861843  0.19834502374169624
  0.20943847913864569  0.22386869468382176  0.23637771270993280  0.24762264942216786
  0.25836289167005094  0.26894930365916836  0.28005998152397699  0.29151272033801234
  0.30322932450130285  0.31565576186180239  0.32936152853257383  0.34445078176807703
  0.35986685533931745  0.37182237827761261  0.38337121635793658  0.39418757883923145
  0.40312107810288106  0.41110392634746834  0.41919155835440841  0.42781396451876086
  0.43783649740166680  0.44763464973427164  0.45741226727320733  0.46787175039299589
  0.47812781379413782  0.48693595911079729  0.49530071134025022  0.50479611550253367
  0.51438885988765481  0.52219668540015141  0.52960838340024330  0.53665131833593493
  0.54524787603850899  0.55744153660287776  0.56832707286600459  0.57873156250460067
  0.58988060762624794  0.60152632539509898  0.61355873151279161  0.62339636537021492
  0.63209177782868786  0.64023642575279760  0.64640687837881361  0.65276750895405067
  0.65999381539895607  0.66688351139174817  0.67369891173583363  0.68121346935281557
  0.68952414148956964  0.69965173275841053  0.71038842676872971  0.72059606653497099
  0.73096012111135433  0.74192950538498326  0.75411772230685836  0.76601162899119124
  0.77772698081085034  0.78912070765227782  0.80136733121920678  0.81363040557493937
  0.82561267760777368  0.83733095451160300  0.84903506992919697  0.86111479683269898
  0.87348552123812750  0.88574393252236494  0.89733135943806031  0.90784739352872756
  0.91803241850359429  0.92907852901511601  0.94047458648664872  0.95124648390130806
  0.96182339134592287  0.97277959397763980  0.98446969925442951  1.00000000000000000
 -0.00176364707744278  0.00769473614112063  0.01651876349652680  0.02505058475723660
  0.03367639319617056  0.04236859942307264  0.05127730822201230  0.06064686236250973
  0.07103538671745427  0.08305793518407929  0.09610288084012061  0.10922083643641091
  0.12154475830617820  0.13280499434536291  0.14287815862562797  0.15084557870852283
  0.15850869637929677  0.16761550508413986  0.17683076256650879  0.18550283739366807
  0.19327535362939002  0.20094598598928856  0.21029573022517595  0.22165877663794298
  0.23342099764702182  0.24406299631630976  0.25641284980156964  0.26988011746136997
  0.28333476912193573  0.29479775403596792  0.30530975503963848  0.31627670125960144
  0.32760316080174107  0.34091157471802419  0.35466768424852535  0.36864298740105134
  0.38413845715400463  0.39959477708901214  0.41501733846205857  0.43135146500604349
  0.44710535373647231  0.45935927523510561  0.47202232629781399  0.48436145744024311
  0.49724819661012398  0.50984076277763057  0.52116135710267930  0.53297309549545790
  0.54500280722957040  0.55783772288105116  0.57138854792796734  0.58390219664952492
  0.59539624590108964  0.60714135945191838  0.61891899463555200  0.62970750537786158
  0.64025157463457449  0.65075537723654719  0.66072722720535881  0.67079518499404245
  0.68008770229697568  0.68926722880650260  0.69926706365574220  0.70982155323927687
  0.71999363927364968  0.73083109733074125  0.74542463042468021  0.76010386738761293
  0.77007505487125538  0.78028313479439471  0.79007392138868882  0.79978071736259992
  0.80965550882816772  0.82016727742706863  0.83005477194271049  0.83867809649847447
  0.84686054169433733  0.85619510312576941  0.86466378188977910  0.87235233468900730
  0.87966475885883932  0.88721719701988544  0.89500255474333124  0.90341157228688884
  0.91096564993706219  0.91874571679513495  0.92675369347764824  0.93442293634163498
  0.94153636621631565  0.94816133651011780  0.95457502809108197  0.96091322282336633
  0.96745355353102847  0.97504047464779076  0.98530146629057025  1.00000000000000000
 -0.00121678058703189  0.00524430540953655  0.01446935239349327  0.02333222231547740
  0.03290813187659727  0.04341958697996772  0.05501508071844943  0.06671595455021308
  0.07787924732612812  0.09037151303673975  0.10096200918222255  0.11143463649362040
  0.12154860615754988  0.13198561335254103  0.14177272121083184  0.15260613004638221
  0.16288245204679969  0.17372595065416324  0.18737455012304488  0.20140943989852375
  0.21338353871930407  0.22275251536713919  0.23146996156828814  0.24019760456084058
  0.24895997139702136  0.25747166745691819  0.26489474986830264  0.27378425519278204
  0.28532722842191727  0.29603009600526253  0.30284173423179628  0.30986385292240409
  0.31785777493323242  0.32631132285263237  0.33417904270590776  0.34189558204035730
  0.34935232328863186  0.35726596219833845  0.36901841039859651  0.38142578904817526
  0.39416152327189335  0.40660048325484599  0.41729589545817120  0.42712549038982295
  0.43701193842303132  0.44673133588734198  0.45499444927018273  0.46463385145457914
  0.47657818521231027  0.48748048600067534  0.49804869117879663  0.50896620358450140
  0.52007162280536334  0.53186996840231415  0.54320892795491726  0.55404758287864542
  0.56505971795707455  0.57567804221241059  0.58624276169078648  0.59719375852806122
  0.60792132714337788  0.61924066156486701  0.63060825240381546  0.64196229162149221
  0.65347905100380266  0.66505679788548533  0.67594452467793043  0.68649833166237340
  0.69644035654061331  0.70589576065712589  0.71649806655002546  0.72724069368036814
  0.73832559593278202  0.74996686990732575  0.76124072599260628  0.77156518932906570
  0.78169659658562685  0.79206924773912279  0.80416499921451667  0.81830152039659121
  0.83281240627473485  0.84623557382291270  0.85712975700544092  0.86935607160817185
  0.87944157010947233  0.88912869088604907  0.89875687110731750  0.90899842810737985
  0.91939969671554644  0.92940771351869522  0.93958650593710813  0.95033632463547668
  0.96111106321489725  0.97191196289302217  0.98382741120618034  1.00000000000000000
 -0.07530377563820261  0.83636553168606986  0.90965527440878413  0.94045797840035850
  0.95698861698019577  0.96258373924643337  0.96672357131921727  0.97037558964553750
  0.97358035358339146  0.97642955565295442  0.97887438142566441  0.98084332859514045
  0.98257330085690431  0.98409970256200618  0.98543013680218616  0.98662393590600728
  0.98770770854273293  0.98870800220526078  0.98960104147525862  0.99041039296457667
  0.99114703179699681  0.99181312264823673  0.99242146754220673  0.99297826026593405
  0.99347950407976005  0.99392836976456722  0.99433290743066038  0.99470353995723704
  0.99504522074919377  0.99534661916624922  0.99562061362618759  0.99587989387327858
  0.99612381659287408  0.99635229380580814  0.99656863422979658  0.99675964613618728
  0.99693646790547796  0.99710350787184043  0.99725927200045084  0.99740164321091695
  0.99753143279173706  0.99765715509085884  0.99777697632458706  0.99789113614315339
  0.99799432370340491  0.99808301339939065  0.99816614571268170  0.99824838181443853
  0.99832788827093899  0.99840321989025327  0.99847582687358316  0.99854663173414238
  0.99861063148995810  0.99866669865742275  0.99872016912506900  0.99876722371671167
  0.99881292778461617  0.99885781847202360  0.99890140205865074  0.99894302476307462
  0.99898409078273043  0.99902360958449321  0.99906246013163658  0.99910074788693382
  0.99913817063830312  0.99917474227524472  0.99921051037138842  0.99924541743027084
  0.99927900599479358  0.99931101628877406  0.99934211749721558  0.99937239625533802
  0.99940016179077829  0.99942747590627579  0.99945417208914855  0.99947973478685526
  0.99950540772846996  0.99953053160273664  0.99955492426539427  0.99957893545660692
  0.99960208279375329  0.99962449272860499  0.99964626585447525  0.99966800509013676
  0.99968967883197091  0.99971107184835961  0.99973224498561997  0.99975339477221026
  0.99977536067402450  0.99979749644963067  0.99981985939478668  0.99984497730367339
  0.99987287453202922  0.99990477193586469  0.99994572825689032  1.00000000000000000
 -0.02173035942984936  0.12684946931014704  0.18149986750827171  0.22340875786110587
  0.25627720862046738  0.28102624927646391  0.30394902438765831  0.32473915041110513
  0.34016251672963521  0.35207181581277763  0.36266873187342658  0.37213605135795569
  0.38100513758272325  0.38956277459440747  0.39895680250872345  0.40847318420880591
  0.41723295924959614  0.42654915003604260  0.43580685549652137  0.44534474206919672
  0.45377198799424123  0.46127409425065491  0.46844339835698540  0.47537747922836665
  0.48199572436380683  0.48886605735836719  0.49597181646072958  0.50226036673367669
  0.50862168525725671  0.51476408476580304  0.52078705617100207  0.52708317891237999
  0.53354505181855016  0.53995771297895356  0.54616702178762377  0.55193842474962906
  0.55725706553390941  0.56243986852568773  0.56751117799165374  0.57261866652690319
  0.57771139226304502  0.58280065309659002  0.58783966796840892  0.59276472614439724
  0.59753160843696917  0.60251521357426530  0.60826106749752984  0.61447309500641822
  0.62055601031694141  0.62624953560463603  0.63146235063862333  0.63627450615870795
  0.64087564281175102  0.64559531609135867  0.65072634732626577  0.65579516524990666
  0.66087753336042065  0.66653488607959188  0.67226186115559750  0.67830912757510142
  0.68441678644296189  0.68993723874912771  0.69458177311552860  0.69883995896478479
  0.70237522327508406  0.70571397632558885  0.70900108135492845  0.71233754426389884
  0.71581865670574840  0.72006777737577765  0.72488592594831847  0.72936181441992665
  0.73387339194883894  0.73848576503286822  0.74370072838275481  0.74792521683316893
  0.75414199582459496  0.76129434215806524  0.76841409257435522  0.77507994049275364
  0.78168238063230377  0.78838372164686465  0.79495560595617609  0.80156605834085459
  0.80841472817291971  0.81510952052787822  0.82202445130905244  0.82953331508031647
  0.83757864686796668  0.84643313441735701  0.85687964811779571  0.86778492029923093
  0.87937589097988711  0.89447661229758912  0.92347348833179266  1.00000000000000000
   7.6747193787950752E-009  -1.0000000000000000     
 T T F F F F T T F F F F F F F F F F F F F F F F T T F F F F T T T T F F F F T T F F F F F F F F F F F F F F F F T T F F F F T T
  <DiscreteSampler_grid>
  grouped_processes
  1 # 1 for a reference and 2 for a running grid.
  10 # Attribute 'min_bin_probing_points' of the grid.
  1 # Attribute 'grid_mode' of the grid. 1=='default',2=='initialization'
  0.0000000000000000 # Attribute 'small_contrib_threshold' of the grid.
  0.5000000000000000 # Attribute 'damping_power' of the grid.
 # binID   n_entries weight   weight_sqr   abs_weight
    13   10   1.477374190373799E+002   2.090812236881855E+005   1.477374190373799E+002
    14   10   1.477374190373802E+002   2.090812236881862E+005   1.477374190373802E+002
    16   10   1.921721866395038E+002   3.537286317847770E+005   1.921721866395038E+002
    17   10   1.921721866395042E+002   3.537286317847781E+005   1.921721866395042E+002
  </DiscreteSampler_grid>
