  0.00428482999648781  0.00488636442284281  0.00548789884919782  0.00608056034796919
  0.00666122570344230  0.00725718485516628  0.00798454726699436  0.00876558022734397
  0.00971989771050282  0.01071682563482724  0.01177176969114621  0.01310873390867540
  0.01468146632466133  0.01651407428582532  0.01865983976510529  0.02114186272165043
  0.02404760681005810  0.02737556337052054  0.03082544788160541  0.03437855527690741
  0.03769623043739570  0.04084715158277107  0.04405545111646839  0.04732557378211831
  0.05074040479349741  0.05430045964786270  0.05787869183853392  0.06140645311987675
  0.06488184390999026  0.06845477954922881  0.07215218878705175  0.07608179226929757
  0.08012134822088367  0.08425519502149183  0.08846659283520104  0.09267130652092755
  0.09680984642387466  0.10095908509082618  0.10536225310762368  0.11013811004116314
  0.11519360175344701  0.12030863254646465  0.12555332016314438  0.13158878883185668
  0.13813333376466033  0.14500213086516747  0.15151344934814001  0.15838569830808605
  0.16522432204155729  0.17283379603300253  0.18085734357964520  0.18863110004800313
  0.19573535711260179  0.20271785147192986  0.21039989561100125  0.21845479677993801
  0.22589581807343828  0.23315036749837689  0.24020635227508982  0.24694041739770731
  0.25356404636407798  0.26047609797500842  0.26779347189258806  0.27587637413234395
  0.28431121864646886  0.29500119778904416  0.31105266421100553  0.32366142511437107
  0.33040906417329363  0.33868087749777948  0.34779116914590663  0.35626631750611193
  0.36426061165295259  0.37233955869762786  0.38110146614087437  0.39163835550470721
  0.40255136355769711  0.41254688010444801  0.43994597673006408  0.45609664372845504
  0.46566235675264067  0.47771910724745742  0.49728433794204480  0.50772006270346404
  0.52451046417547720  0.56104119334491065  0.58438654382224586  0.59783564175580850
  0.61195589684680840  0.62562466946641748  0.63751144695352491  0.64930015311347833
  0.66459880113227410  0.67803827396615834  0.70341951772861633  1.00000000000000000
 -0.00250265261275639  0.01261222919194041  0.02459218595988346  0.03630275858234593
  0.04799301834580503  0.05927780724178130  0.07020877803771157  0.08065651455347954
  0.09055414964563098  0.10082280008135056  0.11077801907851664  0.12050457235083425
  0.13107055528190117  0.14134692749521691  0.15203889605971715  0.16256132335041595
  0.17314534283047658  0.18384247262416742  0.19401497933097631  0.20384830935055781
  0.21443876610637869  0.22537108699758393  0.23606928754757880  0.24671707549608571
  0.25737263626547524  0.26818887467622049  0.27843346859917006  0.28821762591006067
  0.29815542235124326  0.30855918481919126  0.31953588624247126  0.33059351737245052
  0.34081277795904819  0.35008657077146799  0.35924101556542593  0.36897939969156346
  0.37925460212856060  0.38952811793525699  0.39887646297167073  0.40835367279999840
  0.41746915870064638  0.42701690398645387  0.43652127486473757  0.44557155813477228
  0.45490036321494320  0.46363698816636273  0.47316668538132040  0.48304799669384846
  0.49331487114300338  0.50383949496448577  0.51440786177203146  0.52510325194854213
  0.53572210925442887  0.54625354097576240  0.55674188650835688  0.56721214097788109
  0.57767153678715522  0.58772520879099543  0.59747770127907740  0.60685180759593971
  0.61594283109929282  0.62480787224593715  0.63425546465316940  0.64335998047332821
  0.65357598589487320  0.66347235694002538  0.67418495896832864  0.68422914910668331
  0.69401427669126670  0.70399276271838807  0.71443765778783386  0.72570519560145585
  0.73590812972763198  0.74641239885233535  0.75745919338004919  0.76787108688564920
  0.77829721522192519  0.78869856575622066  0.79910767210765943  0.80939819568793003
  0.81947516487079430  0.83002217167967696  0.84129489102277033  0.85285255021775452
  0.86414355593655090  0.87516826790800240  0.88604413442042107  0.89749177340103115
  0.90948704566865368  0.92115661587730491  0.93240740074997153  0.94483219513431282
  0.95825661792867856  0.97193503711972884  0.98557397088230059  1.00000000000000000
 -0.00231145602482570  0.01070562475163489  0.02186177662440774  0.03335978179877421
  0.04431051133955549  0.05398470253102367  0.06325282657057826  0.07262597282989058
  0.08258572433660977  0.09259009122210327  0.10294185587797471  0.11409390195978408
  0.12614247323906419  0.13784132579001768  0.14888417231593212  0.15928863069856924
  0.16969972753614501  0.17973730384817566  0.18990380073466875  0.20114825635417266
  0.21229567633314989  0.22299394593540209  0.23375954281530620  0.24426084520493507
  0.25617432862339590  0.26937119375571333  0.28033969304090911  0.29034080542885743
  0.29995401459263021  0.30945588477565622  0.31944659148186177  0.32944944557188893
  0.34104595600087700  0.35292248718956731  0.36367646926834263  0.37342631563712264
  0.38300616682814304  0.39298488704498014  0.40362497207460662  0.41470319396384436
  0.42578236134589131  0.43648381165883110  0.44704057055991553  0.45751474841805739
  0.46760951027994518  0.47824137030808883  0.48934554317287510  0.50104427574173727
  0.51296748819224225  0.52469996107256489  0.53593194116811993  0.54643554454555443
  0.55682554248559668  0.56726074308600349  0.57888610670993512  0.58969869997155189
  0.60089562117913142  0.61181176390838499  0.62305933463288998  0.63376665717061154
  0.64472691909544533  0.65544222642841365  0.66603949546696650  0.67665454543017067
  0.68723112573643752  0.69789117054278293  0.70825363618949533  0.71795202645174072
  0.72749227876934541  0.73681589512709456  0.74592827481410251  0.75547241018762801
  0.76517138466766210  0.77438320211519962  0.78342659321963948  0.79281838745284861
  0.80263149359017216  0.81272409626544106  0.82253699751003906  0.83190332417609736
  0.84218530899086075  0.85369426595696363  0.86571249662763339  0.87666179834052360
  0.88697417741139040  0.89684346695920047  0.90717240989568759  0.91753006634526790
  0.92789233379285163  0.93777400704959679  0.94740703717474584  0.95715212665755744
  0.96753082900009935  0.97805268957481217  0.98908532178500863  1.00000000000000000
  0.03782376357489752  0.04359884221140944  0.04756710420677784  0.05107261680834523
  0.05471243693940014  0.05905516495547027  0.06387793866464626  0.06933588418458862
  0.07488356552763867  0.08056911785101786  0.08689074484938956  0.09401620978881003
  0.10171184918451889  0.11024302706589581  0.11924702625933761  0.12818550348538804
  0.13728284621579112  0.14645964749605128  0.15564607137155909  0.16475674657632830
  0.17375788261169561  0.18281159405733821  0.19191853133404910  0.20082918296310454
  0.21017000312832615  0.21985856091135203  0.23000674410796218  0.23956090954354950
  0.24909873390214446  0.25916367133766427  0.27026813409916994  0.28212144093533931
  0.29464936689359944  0.30792148980303874  0.32204808925256434  0.33629895543109406
  0.35032620538019510  0.36386357780433298  0.37696040459152030  0.38946912839764153
  0.40107348413158284  0.41222850943437889  0.42407029938534624  0.43681758615147348
  0.44934030571382599  0.46177926994361618  0.47448010800372670  0.48718390995860539
  0.49993102131500239  0.51214445950389043  0.52447403768094436  0.53723045486739451
  0.55035832126866435  0.56291935829952044  0.57541581346696946  0.58709573830590878
  0.59825311838599071  0.60939090519568218  0.62110012391482061  0.63358073296342643
  0.64709791176404496  0.66060117757102788  0.67326891160896662  0.68525809898771617
  0.69766294357460701  0.71065063615868906  0.72453725817869297  0.73743374712962062
  0.74948076604362757  0.76087316265550431  0.77215342517073637  0.78305218971563806
  0.79330611719410771  0.80414351473268186  0.81546195206324068  0.82641687690448851
  0.83749656542856066  0.84777104017368798  0.85768840953765080  0.86592203810851509
  0.87430446069244316  0.88288659227779298  0.89182393472279720  0.89985697437758949
  0.90740865015136263  0.91487824516495353  0.92242995971297259  0.93098101250573206
  0.93920877425480309  0.94543164861962048  0.95020489943953113  0.95270147466344823
  0.95584263619056353  0.96052984725670254  0.96521705832284144  1.00000000000000000
 -0.00225723301993264  0.01122939931541461  0.02270389063201602  0.03307557938664649
  0.04275637087822017  0.05219727893025299  0.06171892097254870  0.07165395412231128
  0.08160367183406410  0.09214731401686335  0.10274576256915695  0.11275422589119735
  0.12242711480891556  0.13240882298539708  0.14349362876892111  0.15525759913190137
  0.16714523392817868  0.17804805190689185  0.18778860213056991  0.19688888872697574
  0.20591097633149591  0.21543110485765879  0.22491247516337437  0.23423037119060969
  0.24344923570852742  0.25284805667985050  0.26301656687885105  0.27303353205559111
  0.28301140588295098  0.29284298470941633  0.30321505672763782  0.31406290236180906
  0.32488986364278871  0.33566146812770020  0.34596551408948528  0.35639022003917042
  0.36672616149655635  0.37694824957808459  0.38746478867220940  0.39797625069730608
  0.40923321703465992  0.41985098569816914  0.43098939084918186  0.44230382401987550
  0.45302109036199112  0.46358503256415784  0.47426903390259090  0.48508719294561481
  0.49591718797908302  0.50543809695355690  0.51452469392663758  0.52359361711949592
  0.53309925354601884  0.54227241496517897  0.55176153342808054  0.56082009455795734
  0.57076664959031576  0.58074765385635307  0.59084307536990932  0.60140517269953708
  0.61314388084854465  0.62585651538227671  0.63760556583531081  0.64868977717999177
  0.65878660089885566  0.67022462581255693  0.68167918949795303  0.69325970103937407
  0.70451902300468627  0.71672583677779533  0.72927378027113221  0.74121335220995344
  0.75286997784236420  0.76426304691982994  0.77481842603940621  0.78461172342267416
  0.79419791650425575  0.80413833169938775  0.81429210045159384  0.82446641166592638
  0.83466486618258662  0.84520694512691297  0.85566575071435524  0.86578214429570566
  0.87647913160813040  0.88789046163838370  0.90014022947644534  0.91167089798723722
  0.92297796222412543  0.93439839127399227  0.94526139231168527  0.95621096331953748
  0.96727688540033141  0.97850820510456726  0.98919169210690527  1.00000000000000000
  0.01777643562061875  0.07178207836438688  0.10500890749418253  0.12988028579501620
  0.15151913423495772  0.17162799887124122  0.18973821142633393  0.20724839592770791
  0.22426880306464059  0.24069380038831634  0.25558655041690043  0.26922091740308063
  0.28202866999930859  0.29464503745367554  0.30681532675940909  0.31904030685352724
  0.33148326471571588  0.34421942713802650  0.35707325599101558  0.36928264978037778
  0.38157953465388128  0.39383040952557941  0.40576295377511390  0.41696365709114386
  0.42801186084697979  0.43911820876140412  0.44974102059332394  0.46074215052399375
  0.47147193782467833  0.48130557013616493  0.49097945387849196  0.50073060781322598
  0.51001439308419283  0.51938283698540944  0.52822442900688493  0.53804632839948696
  0.54737195781195269  0.55632001803809794  0.56556306411347179  0.57484622191997181
  0.58418333329794192  0.59303379870720574  0.60160820265182291  0.61012972699254586
  0.61838434240020557  0.62642192235842076  0.63504443392023646  0.64353075652782776
  0.65203241613979357  0.65993375722676317  0.66778338742653942  0.67526993898543797
  0.68236480396007559  0.68977206683850290  0.69751487216241204  0.70597535621105878
  0.71467862621637712  0.72409834823238961  0.73373196283470810  0.74254105708684581
  0.74988302995520517  0.75727132019713483  0.76520998204416435  0.77323627368321524
  0.78096973919637458  0.78779910992799851  0.79452795120531683  0.80143050338865340
  0.80825088236779352  0.81504143511354010  0.82209061709857512  0.82931839182860545
  0.83618360765062649  0.84263573805536662  0.84911052962190403  0.85555582682955755
  0.86152438137967324  0.86715197074723616  0.87265035892548026  0.87821994323627628
  0.88427192426452272  0.89065440970621579  0.89732524822656423  0.90419223233386092
  0.91070800251702777  0.91713118844506158  0.92333491999038064  0.92986885231367811
  0.93634183791471104  0.94295910328021604  0.94972342251399955  0.95634482727181813
  0.96223701953583962  0.96827318401165274  0.97062198049829840  1.00000000000000000
  0.14095105819646403  0.15804945780926183  0.17920233544723665  0.19993247601673275
  0.21793978960458699  0.23389082165759714  0.24845203313324021  0.26192581527004322
  0.27538053413149577  0.28917835372790179  0.30207043695340396  0.31364561730295193
  0.32409174180495776  0.33474536641547070  0.34500540559353343  0.35544033207017861
  0.36558361354860730  0.37541061145759036  0.38452693996614434  0.39347187854062726
  0.40210310733810917  0.41037542115413567  0.41856564843506144  0.42686998088041911
  0.43494088241894102  0.44253197399351069  0.45031249597446676  0.45845865058542934
  0.46719161763910927  0.47551812916100689  0.48392565355205069  0.49244851761163194
  0.50104709407105485  0.50941016607137857  0.51738381810659950  0.52538869420801382
  0.53351035747591691  0.54121546385742680  0.54860568820153599  0.55599690894151987
  0.56346074554942194  0.57074968695086437  0.57784707143755809  0.58472496031474674
  0.59115749502893666  0.59755278814274371  0.60411914273570133  0.61125876831380022
  0.61885135600208485  0.62615832373757085  0.63272434657855836  0.63924969281306565
  0.64563336125262183  0.65228477743304336  0.65846629649088007  0.66443209948053539
  0.67015805582245913  0.67604618387107407  0.68245104327978967  0.68919793169371324
  0.69626980174157349  0.70362421141032172  0.71091322971714144  0.71793059168898610
  0.72461415122965223  0.73154790018183202  0.73941536041240874  0.74685913800261838
  0.75385404051205462  0.76026478077430371  0.76657713747018041  0.77282850881408371
  0.77793958268594898  0.78367521195870027  0.78917850620082741  0.79444706315379532
  0.79965067386709876  0.80492720736032597  0.81024832167478222  0.81543519942211873
  0.82033409385848877  0.82500344973885564  0.83094386327865133  0.83732761273804146
  0.84346722164373922  0.84901617070060043  0.85380488495959628  0.85778837225443527
  0.86140746821726488  0.86396178202027141  0.86455312641542037  0.86514447081056944
  0.87280720422524349  0.88094605379302982  0.88908490336081603  1.00000000000000000
   7.8479621580795846E-013  -1.0000000000000000     
 T T F F F F T T F F F F F F F F F F F F F F F F T T F F F F T T T T F F F F T T F F F F F F F F F F F F F F F F T T F F F F T T
  <DiscreteSampler_grid>
  grouped_processes
  1 # 1 for a reference and 2 for a running grid.
  10 # Attribute 'min_bin_probing_points' of the grid.
  1 # Attribute 'grid_mode' of the grid. 1=='default',2=='initialization'
  0.0000000000000000 # Attribute 'small_contrib_threshold' of the grid.
  0.5000000000000000 # Attribute 'damping_power' of the grid.
 # binID   n_entries weight   weight_sqr   abs_weight
    13   10   2.657145764004123E-004   1.451551623767386E-007   2.657145764004123E-004
    14   10   2.657145764004111E-004   1.451551623767366E-007   2.657145764004111E-004
    16   10   3.367230835503881E-004   2.292974281721807E-007   3.367230835503881E-004
    17   10   3.367230835503866E-004   2.292974281721773E-007   3.367230835503866E-004
  </DiscreteSampler_grid>
