  0.00174221087119578  0.01952870958178671  0.03466891149551515  0.04709457242234656
  0.05860321935944960  0.07006532863063090  0.08150636429611796  0.09268429926225394
  0.10379305352235109  0.11532583185543739  0.12698500732022408  0.13852401778055787
  0.14997961663861664  0.16142923239129958  0.17265318412228961  0.18360297418476337
  0.19462139048086624  0.20565699019841435  0.21681333934801078  0.22793021008477354
  0.23902621788084358  0.25010721488139254  0.26097148225642569  0.27184617813333839
  0.28231700084902284  0.29238359584707807  0.30248265455105966  0.31284548717065946
  0.32350418736297237  0.33403717362048513  0.34425858038573609  0.35446965399272634
  0.36478054661836606  0.37523997863900355  0.38580580894576622  0.39643373876061760
  0.40710940644642657  0.41754260334525900  0.42779063185592348  0.43813673791713026
  0.44872602607162665  0.45954763008707017  0.47031792594304733  0.48112703906825682
  0.49193769236225621  0.50249292391958988  0.51292503544383439  0.52328383569190795
  0.53409554682870375  0.54473106636725988  0.55510405597599022  0.56567342415951083
  0.57638315706364851  0.58696121117360578  0.59720548074729540  0.60732958213721244
  0.61761705221049157  0.62809346845714731  0.63877611047386351  0.64919025234757066
  0.65931830398979419  0.66943976802534688  0.67958993195754647  0.68968254468205226
  0.69988407977552047  0.71016527457987866  0.72046130564797739  0.73041782766152141
  0.74004563085674513  0.74956501463540504  0.75905334799647928  0.76874224264752666
  0.77869204793193181  0.78866663543073245  0.79888230796471615  0.80927176549562652
  0.81983353590625463  0.83020054298715584  0.84034015094490189  0.85026518922559158
  0.86024995486758260  0.87028439184259498  0.87999189353293839  0.88929181161952608
  0.89860810638184085  0.90817001250889140  0.91771084550554227  0.92684322358392945
  0.93571594812258063  0.94437230016946816  0.95287653859447563  0.96111559248365563
  0.96918636946773484  0.97676327916242789  0.98421419183914172  1.00000000000000000
  0.00000056261296911  0.00000087203601972  0.00000100897737236  0.00000110660630089
  0.00000121552398824  0.00000132996514905  0.00000144819759500  0.00000157035140008
  0.00000169509745400  0.00000182145576950  0.00000195101858843  0.00000208411867657
  0.00000222073770925  0.00000236556023081  0.00000251553305941  0.00000267086684334
  0.00000283480394598  0.00000300542271625  0.00000318529204841  0.00000337366652242
  0.00000356697698886  0.00000376179613387  0.00000397972503395  0.00000419628631276
  0.00000442429809012  0.00000466514588865  0.00000490671499899  0.00000516451074765
  0.00000544015700038  0.00000572919005393  0.00000603148246024  0.00000634936780313
  0.00000669025624633  0.00000703519882352  0.00000740811317040  0.00000782545565801
  0.00000824247884128  0.00000869421360080  0.00000916715021975  0.00000965499986154
  0.00001018603314284  0.00001076022846223  0.00001136752346892  0.00001200856934902
  0.00001272342657845  0.00001347069824194  0.00001431950006424  0.00001525085888144
  0.00001624944040147  0.00001734345800132  0.00001853546117681  0.00001978833830992
  0.00002121343739372  0.00002272663373014  0.00002439522156006  0.00002624429815755
  0.00002825964227486  0.00003050171678348  0.00003296695430907  0.00003569703211600
  0.00003879842131214  0.00004222934255017  0.00004606997299945  0.00005031095210105
  0.00005485635186204  0.00006024289362821  0.00006599782897444  0.00007233475045803
  0.00007926118168950  0.00008685120078184  0.00009537530562887  0.00010510236972696
  0.00011586833744333  0.00012817145002823  0.00014196699962770  0.00015709261744165
  0.00017395144443616  0.00019248524716063  0.00021344574584445  0.00023733296787786
  0.00026432182920164  0.00029268516179423  0.00032463636171901  0.00036204944457790
  0.00040710702256438  0.00045420192759212  0.00049768537380557  0.00054143106879684
  0.00059332331709237  0.00066015973082206  0.00074814053000452  0.00087821047598440
  0.00104122785766640  0.00130875380830592  0.07307809738215174  1.00000000000000000
 -0.00185847161795710  0.00643119505713903  0.01406212011564342  0.02161841340228646
  0.02921343176782291  0.03681882061111677  0.04444631709515141  0.05209842738682968
  0.05975313956149543  0.06737614829686053  0.07497142255508486  0.08269085427381530
  0.09071450642629308  0.09901813323323812  0.10729891415079512  0.11587796337042981
  0.12431480376008880  0.13249504212964186  0.14087339982464459  0.14922587296258111
  0.15788504321492025  0.16663190895167093  0.17565994395350956  0.18508159305782682
  0.19456253408131199  0.20411500243797426  0.21358207001821161  0.22337086901417552
  0.23321577617804279  0.24348292163344132  0.25372118961997109  0.26410524170623512
  0.27438446447844561  0.28510692814321170  0.29583880398500251  0.30669033883515701
  0.31743115895340601  0.32855321139663535  0.33987559488358093  0.35146517244123487
  0.36274155549104398  0.37382418718747962  0.38450263365992299  0.39535144580231701
  0.40658776609695224  0.41819239245854606  0.42988408458551169  0.44189169662005040
  0.45424556263977928  0.46693628947030513  0.47962828388896267  0.49227428573928284
  0.50516805359089456  0.51828559071054825  0.53062642205041588  0.54268707369993718
  0.55527188589296839  0.56783175997369728  0.58022455762280822  0.59289538839336864
  0.60597490376671026  0.61910173797415025  0.63244274323662342  0.64526898884425454
  0.65739650686807172  0.66918172212350524  0.68101500142102156  0.69295926285737386
  0.70494914733499270  0.71686215446377333  0.72887316248380218  0.74109541797970335
  0.75342351584365330  0.76579296126662821  0.77814951304446867  0.79056902355027070
  0.80239094224272878  0.81423613328810385  0.82597401281080185  0.83745020760148337
  0.84858576604175517  0.85930507356719543  0.87000219192327000  0.88059162207404695
  0.89084243140086783  0.90073909979158384  0.91049999586291797  0.92032318606081864
  0.93007529477225370  0.93976015503860821  0.94993555195794011  0.96004840728887830
  0.97026756777685019  0.98012893650477251  0.99020744872791278  1.00000000000000000
 -0.00271343125187227  0.01039996927372217  0.02182452145276421  0.03339921665609966
  0.04501947842334207  0.05617491769126751  0.06686474856428755  0.07747058643056445
  0.08811935924922762  0.09909779570239974  0.11026880588162570  0.12145397274643542
  0.13273479095870502  0.14381065435001292  0.15454202458730484  0.16516481140429379
  0.17595538359466778  0.18667627817788535  0.19711814746949211  0.20712516981142146
  0.21763498938654630  0.22819712019316937  0.23878712269008295  0.24929758412703698
  0.25962821117999990  0.27027356071857028  0.28040774068548774  0.29101378180836479
  0.30142424279518681  0.31162314827585469  0.32176346400293565  0.33220604164641476
  0.34239996988891419  0.35246675078569817  0.36238258321754890  0.37255277547853666
  0.38260902032714983  0.39250059804068838  0.40233620877397502  0.41231129632189284
  0.42227848740233798  0.43233903047572808  0.44266002753919093  0.45330822544823901
  0.46426852159095050  0.47523756142474854  0.48596519821913448  0.49650934420754650
  0.50689381548075541  0.51720407277636227  0.52757723169227944  0.53824477359992973
  0.54914113906393780  0.55996689217174911  0.57071087433076273  0.58137092278224178
  0.59205828794832194  0.60274311955288162  0.61337493636530827  0.62374075878196078
  0.63391329054745216  0.64421853269228324  0.65455969332542974  0.66483980897647954
  0.67488148997089825  0.68515059660526523  0.69593853708316378  0.70700867771587106
  0.71801860780693616  0.72877730879655878  0.73991858796632171  0.75125822685941201
  0.76238173028020140  0.77314078410427678  0.78369195395989721  0.79384288922217450
  0.80366790239984554  0.81354438180315991  0.82349454040851489  0.83394611631509552
  0.84474338066230592  0.85567372084862714  0.86615736118159259  0.87668872679331034
  0.88721318494819479  0.89781671562767451  0.90827642564881750  0.91877575992222238
  0.92910833858679798  0.93921992688531386  0.94933768672784136  0.95955342483008277
  0.96954316561951415  0.97974941616519495  0.98983103754945734  1.00000000000000000
 -0.00226471521226986  0.00893481685360236  0.01880619979549216  0.02886033930067167
  0.03927522229856979  0.04973224613597053  0.06012532832420789  0.07020614809953267
  0.08022441581308726  0.09065451339434331  0.10113987749670707  0.11168377740460046
  0.12235555810388818  0.13306904272900247  0.14375916240661532  0.15427136750421239
  0.16466590574791379  0.17502542011427683  0.18551027072399345  0.19633079399123038
  0.20737354307398806  0.21864594571018769  0.22991912495662889  0.24097093864301242
  0.25172399903050441  0.26222687101979597  0.27248503000541352  0.28280017325736295
  0.29326267513452192  0.30397076730215583  0.31445159292950509  0.32497354932823136
  0.33538087687055501  0.34594029318632874  0.35675680936323118  0.36757878803820893
  0.37807630221510197  0.38844634717614090  0.39873201953237836  0.40884172603948610
  0.41901881383396916  0.42921671288372765  0.43948324238840403  0.44980214012204311
  0.46030543799924856  0.47113702581345557  0.48174379337195317  0.49208160912302867
  0.50263719604005008  0.51323533539737964  0.52355814549950530  0.53356721724431400
  0.54377491567127001  0.55425573986242094  0.56496247834561042  0.57559337403825872
  0.58614340249245578  0.59666728025184979  0.60738350684498832  0.61820592268078500
  0.62891111450558013  0.63947090640769311  0.64998162705719575  0.66049958861704394
  0.67106776549803426  0.68169367978925621  0.69263646126669065  0.70373640849397323
  0.71496310110986150  0.72599583061764872  0.73680398724222085  0.74733223409234961
  0.75810034189585696  0.76882571763794638  0.77961472102884544  0.79023932108825268
  0.80075981553414666  0.81099246815444781  0.82121218149273345  0.83183649013575856
  0.84266940843080673  0.85340069553755682  0.86407452797673945  0.87483728037287511
  0.88556824905433573  0.89621397937386427  0.90689677119782519  0.91759037283780476
  0.92830975027557039  0.93900104741909840  0.94971828150843918  0.96028258393564880
  0.97019892306566347  0.98024982665775062  0.99008161301838504  1.00000000000000000
  0.05845673267415776  0.20048150015974966  0.28054771652549881  0.34893499526111182
  0.40054185143215565  0.43664141014629060  0.46395096353836646  0.48210457292202247
  0.49660102378119886  0.51725329873345871  0.52546917536221494  0.53206817336389445
  0.53908693653790385  0.54423797547232100  0.54847220509214445  0.55226661657576182
  0.55602373465360411  0.55981913923778870  0.56348974708411659  0.56731358266380250
  0.57074370850046874  0.57431900118885593  0.57793296676689654  0.58154155407179031
  0.58516298761247265  0.58853677258115233  0.59182381495903291  0.59502549347769895
  0.59824084175422787  0.60143670504954594  0.60455626372783233  0.60761083089039158
  0.61067104766036062  0.61364592214139702  0.61663299997837351  0.61961433616178307
  0.62266253040766573  0.62574075933860773  0.62882559189325737  0.63195085595859768
  0.63511074976824000  0.63826340826442673  0.64143091281680664  0.64463362084070164
  0.64793305412953173  0.65127647783537024  0.65465396875839565  0.65807229376296994
  0.66152716851179028  0.66503002101353892  0.66864144601046838  0.67239825001933740
  0.67618632325703587  0.68005006403281365  0.68392702665936067  0.68782202777886237
  0.69191989540537957  0.69606824883532059  0.70030396218538227  0.70463748413354810
  0.70906685353918364  0.71359017303791727  0.71817152974636655  0.72280691022430876
  0.72760436848390520  0.73263178032286513  0.73777583257617119  0.74295474517697646
  0.74816078754082238  0.75345159808414486  0.75893724645328575  0.76457169092926336
  0.77034138820067832  0.77639731034881454  0.78248202414342072  0.78867081422224883
  0.79519059421677063  0.80213893357081090  0.80916188673251888  0.81647483675266552
  0.82411962496449198  0.83184850593301052  0.83984107526073926  0.84796457861905739
  0.85642109201986427  0.86545466302005225  0.87475318003711255  0.88456031695671833
  0.89485352719817646  0.90584532220939207  0.91762735264951090  0.93006635133682736
  0.94346577247205299  0.95830493170664810  0.97656072354040035  1.00000000000000000
 -0.01646586468796683  0.11611465730103904  0.15914085567196840  0.18516734457038653
  0.20620105563601576  0.22415891941768673  0.24061701973202226  0.25586114132200932
  0.27023343492564583  0.28338884694274080  0.29598723155193396  0.30788819283831731
  0.31942455342904880  0.33023378653095942  0.34073585863031591  0.35109632503735921
  0.36104100126837019  0.37060071932403704  0.38010077514569585  0.38951426823571772
  0.39880321047519990  0.40793459384277375  0.41700624836908268  0.42604647597423745
  0.43490923473988596  0.44345593625355700  0.45176306744136552  0.45989100847258846
  0.46754292859385188  0.47499513974234542  0.48232552571259757  0.48949208703604363
  0.49670055574846250  0.50398175551801749  0.51124570914099821  0.51833978859565666
  0.52535810561114160  0.53230554340282710  0.53918381901755874  0.54596059877181258
  0.55264622384341489  0.55925929472597313  0.56577174073353587  0.57221478997655106
  0.57871649958986382  0.58515543509154155  0.59150817355738916  0.59779587200197426
  0.60402878499955848  0.61000735501452752  0.61596297399287181  0.62189455129042548
  0.62784320214263167  0.63378981330287465  0.63968218755174444  0.64547947733690281
  0.65115293985341838  0.65675292795286166  0.66237280574528568  0.66791629922875884
  0.67340595227742872  0.67879382788916265  0.68408617188850052  0.68926447238650534
  0.69443879235310801  0.69961843473692542  0.70476206395427488  0.70985838954965819
  0.71492265924531606  0.72001195026381226  0.72524696636579689  0.73061176440445619
  0.73578954250281736  0.74102879507448693  0.74635029074250514  0.75189234477117817
  0.75782098059796954  0.76389900514099462  0.77008566728438177  0.77640478559436155
  0.78293625191211114  0.78916753805591433  0.79593090725013260  0.80266072956567258
  0.80967768900543535  0.81711799828666010  0.82447057101218513  0.83149870203689036
  0.83809170858144955  0.84553209418168429  0.85383032412212900  0.86466250862383831
  0.87664410245492030  0.88958896993936432  0.90550086125306739  1.00000000000000000
   2.6967490798431188E-005  -1.0000000000000000     
 T T F F F F T T F F F F F F F F F F F F F F F F T T F F F F T T T T F F F F T T F F F F F F F F F F F F F F F F T T F F F F T T
  <DiscreteSampler_grid>
  grouped_processes
  1 # 1 for a reference and 2 for a running grid.
  10 # Attribute 'min_bin_probing_points' of the grid.
  1 # Attribute 'grid_mode' of the grid. 1=='default',2=='initialization'
  0.0000000000000000 # Attribute 'small_contrib_threshold' of the grid.
  0.5000000000000000 # Attribute 'damping_power' of the grid.
 # binID   n_entries weight   weight_sqr   abs_weight
    13   10   1.155944801117616E+005   7.963827287351791E+010   1.155944801117616E+005
    14   10   1.155944801117641E+005   7.963827287352228E+010   1.155944801117641E+005
    16   10   3.851948005352310E+004   8.948554218352844E+009   3.851948005352310E+004
    17   10   3.851948005352394E+004   8.948554218353340E+009   3.851948005352394E+004
  </DiscreteSampler_grid>
