  0.00231175578295720  0.01342656940223551  0.02572209425500612  0.03808465073955369
  0.04931219337799361  0.06056886138258580  0.07222458380185234  0.08472858526945955
  0.09792934032466884  0.11159424483262716  0.12550282367415608  0.13900141299649718
  0.15278773946385105  0.16347102265712132  0.17501050907943061  0.18503635755721146
  0.19548632856662823  0.20494060858230040  0.21480661819363731  0.22683413693386978
  0.24005243862547160  0.25166700714940055  0.26104647293564259  0.26974863609645483
  0.27789381499069971  0.28650028800470262  0.29557297087328993  0.30364901791212590
  0.31166697875901889  0.32107394837751857  0.33310036151007311  0.34276457720447029
  0.35190488738208753  0.35913253773738779  0.36617498405595889  0.37416493895382863
  0.38194124091676684  0.38985822269520243  0.39746947551560136  0.40473055880631109
  0.41183383499948051  0.42110833738775583  0.43371651837982089  0.44774077759716752
  0.46169121653190520  0.47546740130687593  0.48881604537961076  0.50089543437434969
  0.51021279782141016  0.51909851962740494  0.52994095127160246  0.54216788340363409
  0.55303541582001559  0.56450631153060482  0.57716812849430277  0.59029976980846766
  0.60283260682195972  0.61497543825143575  0.62780538113782036  0.64129267890138253
  0.65429662652705101  0.66726405907966946  0.68002758018926601  0.69261463398104073
  0.70519116444453922  0.71741466510278862  0.72913389503523141  0.73891870186712016
  0.74914413070872521  0.75953464604414500  0.76934619226346235  0.77896489967412275
  0.78907965123246093  0.79855864009747968  0.80718129723781973  0.81585374413114931
  0.82439437222491618  0.83233984807876049  0.84018024107951039  0.84864317338800266
  0.85770807095512669  0.86673305773725218  0.87519735257065534  0.88349880356237587
  0.89174180432127303  0.90205625147903201  0.91211348744981546  0.92382875314019575
  0.93667089728999386  0.94809002788556274  0.95865512609827208  0.96834601904231465
  0.97781194578335562  0.98767928840083130  0.99194580758827966  1.00000000000000000
 -0.00003820271290488  0.00089290877638740  0.00373947880021779  0.00746354972293822
  0.01243107724745531  0.01808397281585270  0.02319726579633574  0.02898506740915496
  0.03617432359042277  0.04429568598618081  0.05274972503962507  0.06214723381327891
  0.07159547757506785  0.08138677243146400  0.09180313519322064  0.10280205728435068
  0.11363075302289057  0.12473022350543796  0.13575194574250277  0.14737967464063700
  0.15905386442148922  0.16842783025199057  0.17610475921065433  0.18357327661216441
  0.19177304993680344  0.19989848392033557  0.20783068778424699  0.21576701815152333
  0.22435417289268822  0.23332901454020846  0.24218231680648597  0.25175183484729152
  0.26211746180278761  0.27303863703929276  0.28436703322075563  0.29587008377274338
  0.30754435976641520  0.31898206153949532  0.32950827013782297  0.33983001115072170
  0.35069175404110564  0.36194917599482823  0.37335645864805733  0.38618870418669649
  0.39861905901420081  0.41110188917117574  0.42377831805020916  0.43673005081950927
  0.44989763073426936  0.46305902980171465  0.47762541139859288  0.49239232987313875
  0.50672958048976857  0.52110536457248657  0.53456397795109301  0.54375489529913412
  0.55366018988504107  0.56412448191158548  0.57493551295125911  0.58582066492554707
  0.59568300998642199  0.60610262275871252  0.61604097716676021  0.62583181430415213
  0.63644792467908673  0.64756280565341051  0.65859328926656957  0.66978848356212939
  0.68105370667443388  0.69212813446371479  0.70302596637112580  0.71412126134165443
  0.72547744167736083  0.73691324902261390  0.74837088718060363  0.75930759875178266
  0.76976077212665617  0.78148918874101958  0.79436859138827265  0.80705518740463267
  0.81902510494778924  0.83048324859349576  0.84328712190272859  0.85610669459500588
  0.86902041364420046  0.88162307690246511  0.89320650011715041  0.90385618685307501
  0.91437645175519577  0.92522878442427181  0.93644228930799367  0.94791002014740844
  0.95955533412289662  0.97153952744819005  0.98460733427947666  1.00000000000000000
 -0.00102049319010103  0.00544962030589273  0.01220723323888612  0.01981556376076478
  0.02852341764312186  0.03659388483627818  0.04571140024708323  0.05813899153486231
  0.07108386713150761  0.08321061432635049  0.09450110881694260  0.10613137306674797
  0.11773727835284892  0.12937691916472122  0.14217348162465540  0.15552254282599248
  0.16676178006719525  0.17414236310186251  0.18037781411554696  0.18726732245679520
  0.19497684902859966  0.20233458312341404  0.20917411201036701  0.21594082304052412
  0.22312977987337293  0.23341684047013997  0.24616177511607421  0.25852675261323682
  0.26924849377825144  0.27920521013385513  0.28953260754397953  0.30129158395282118
  0.31426313454158655  0.32597306234580908  0.33592292448160188  0.34594220985161017
  0.35577260719739967  0.36557572133352639  0.37598546699411500  0.38806863993494356
  0.40138542394192506  0.41431450382160273  0.42610031713130936  0.43777135529838518
  0.44868181603103385  0.45915859939464310  0.46959141964956680  0.47999350637092220
  0.49103936127816228  0.50612434929013528  0.51787314599087486  0.52943334622003280
  0.54087944606623672  0.55183904375224802  0.56366930028773199  0.57683596537533932
  0.59018291370038245  0.60270262925218709  0.61460613553806798  0.62583178248052784
  0.63860949186080629  0.65068466990801643  0.66291608189255369  0.67300969048995340
  0.68235664107041372  0.69026438607215523  0.69816020649798460  0.70653842034499637
  0.71536669145100251  0.72380263991156635  0.73405155919787635  0.74682674062994248
  0.76016018053395085  0.77200602715156119  0.78474542488861387  0.79776281051068854
  0.81083142171111200  0.82380403369244926  0.83652472985148629  0.84897597701608241
  0.86069296625986047  0.87141069138193683  0.88064446007965846  0.88897956696424063
  0.89820803156821338  0.90733459232281877  0.91567427514914368  0.92320248053347864
  0.93110311555764136  0.94123674186887252  0.95186228137324425  0.96182757367333249
  0.97123112750921414  0.97973665619568118  0.99005378983341596  1.00000000000000000
 -0.00110223035509775  0.00631630201881491  0.01251864581235307  0.01880708820806124
  0.02469947479128256  0.03037290923739054  0.03564775956950923  0.04059517431490280
  0.04688899320870722  0.05343702673514176  0.05981362986170508  0.06671766285843331
  0.07396558108015532  0.07988762543857912  0.08678551952664286  0.09546751557210495
  0.10457168329728433  0.11577869251127770  0.12725016218535673  0.13950499271785607
  0.14976978235042696  0.15783833577221240  0.16583048926381994  0.17395289824041379
  0.18244890614205583  0.19155784126815212  0.20059047624942336  0.21083036604946559
  0.22275050146404460  0.23559736497342398  0.24882953021077500  0.26152873659989156
  0.27580098384304957  0.28938469278860146  0.30081689944540252  0.31127712817797443
  0.32275453800823173  0.33433666809301343  0.34402164896499488  0.35409679410156253
  0.36612074310206888  0.37895964546590560  0.39265149982646586  0.40952978511837457
  0.42853240058459796  0.44567018321040769  0.45756357808177678  0.46989672641364971
  0.48198389600829916  0.49431067671096035  0.50753691715261007  0.52102410856660486
  0.53459093834917870  0.54927011066188269  0.56462764618705275  0.58052962450240642
  0.59833861087937845  0.61271947110591440  0.62544726062943723  0.63879792382602529
  0.65210350574151799  0.66679017180685030  0.68277003444387674  0.69858982922669821
  0.71177400932795665  0.72277432944979714  0.73339576752096869  0.74383770944678651
  0.75465216653647349  0.76534897657575351  0.77669717709607378  0.78706281759829211
  0.79496653752015856  0.80168874229798504  0.80867126456379956  0.81588617006629538
  0.82423175796756709  0.83218560841813516  0.83957580658439879  0.84659746447494932
  0.85279434499810436  0.86328659825174126  0.87494262746536833  0.88549914424221687
  0.89543869341475124  0.90443930235276460  0.91270670401653609  0.92042198055226609
  0.92770697005263536  0.93491985887867946  0.94318202155863007  0.95082847016925520
  0.96021376805842951  0.97158238549741816  0.98487181260062939  1.00000000000000000
 -0.00250462073882787  0.00980686832997524  0.01923671003681721  0.02817648562516744
  0.03776567117822616  0.04701371318342727  0.05654797106759472  0.06684737474683476
  0.07766779001065209  0.08904041433955909  0.09768842930645341  0.10751219315657093
  0.11745466269419436  0.12734031432203557  0.13805692971569797  0.14746347048445352
  0.15644392215069339  0.16639876920761879  0.17648265092385612  0.18764972880959352
  0.20002877395743696  0.21242057981141380  0.22473361185362947  0.23736344140097251
  0.25109089071615914  0.26552720052893314  0.27980661961141756  0.29317804667402847
  0.30529391677584572  0.31678528016009833  0.32769432604570509  0.33997016264355578
  0.35149028055761794  0.36287363184710902  0.37379436301619495  0.38383706986399452
  0.39449341776653651  0.40640509298725630  0.41858480622180833  0.43105530482553167
  0.44434587957514959  0.45806590772907302  0.47200978686292627  0.48700314064013878
  0.50190369506330368  0.51574200034513129  0.52806471059926430  0.53978770546059474
  0.55127160274341569  0.56256096310035220  0.57441423493433696  0.58608874427899760
  0.59687715597624658  0.60829338554882317  0.62031408500635299  0.63301227719994624
  0.64475915916483140  0.65344502428374363  0.66113783915587609  0.66915242454742485
  0.67716185928400141  0.68557581610834861  0.69258283965696998  0.69894917009794377
  0.70575598265260275  0.71373129090861698  0.72182602766408821  0.72771409709224488
  0.73296065333081428  0.73850643984384690  0.74590924939950620  0.75408672570851798
  0.76284817246531922  0.77175395185229334  0.78076147199579415  0.79005996105746001
  0.80024383317645920  0.80918603312976867  0.81919441820967798  0.82984953506244974
  0.83970064399538558  0.85002793770596274  0.86034663574381054  0.87198196283060692
  0.88484035947070583  0.89673243926053980  0.90657687366648243  0.91638095192963176
  0.92582942381246847  0.93522731607937826  0.94473559735752133  0.95521405354667976
  0.96477494839795352  0.97733961168739958  0.98854799367728663  1.00000000000000000
 -0.06646295553713467  0.83821193408126826  0.91449665498810517  0.94485142644042319
  0.95944004020733820  0.96387925370008409  0.96790899612313241  0.97140502894809422
  0.97444732039321447  0.97714772410567874  0.97940155773978255  0.98126062299231809
  0.98295919104597906  0.98448482224294254  0.98581216095466206  0.98701163852423390
  0.98807293016248565  0.98904005037448339  0.98992476486614633  0.99069627789612669
  0.99138637106123984  0.99200724837871346  0.99256712075212539  0.99307433930922573
  0.99353250902759038  0.99395425887978617  0.99433830243842281  0.99469582412514768
  0.99502242431236854  0.99533455227737488  0.99561180077130640  0.99586721366115505
  0.99610629047672572  0.99633127044193526  0.99654282720468546  0.99673824606699224
  0.99691903841861229  0.99708818677025157  0.99725071601843718  0.99739920906549528
  0.99753116562334798  0.99765646181374967  0.99777555822453035  0.99788998910386661
  0.99799407287474040  0.99808725609948279  0.99817108830098200  0.99824900229848268
  0.99832517180327796  0.99839851789110590  0.99846960378946237  0.99853936768417695
  0.99860659523752204  0.99867050924857081  0.99873145606389901  0.99877795334030650
  0.99882364405399959  0.99886833359098781  0.99891167959556249  0.99895380000911438
  0.99899478610449399  0.99903417225139102  0.99907295510875638  0.99911142581061885
  0.99914927131591114  0.99918620474782660  0.99922214471607185  0.99925702458368315
  0.99929053458342532  0.99932286154669181  0.99935395585670572  0.99938342356042886
  0.99941001195953627  0.99943619834285036  0.99946213766717995  0.99948721153553810
  0.99951211082550762  0.99953636620039621  0.99955934359460541  0.99958220883169768
  0.99960470341390373  0.99962670301354006  0.99964845803386904  0.99967006537427627
  0.99969151672189149  0.99971233750485589  0.99973305821044500  0.99975368491798711
  0.99977553361071936  0.99979778289275367  0.99982049256998873  0.99984582113407516
  0.99987361745249326  0.99990514599493585  0.99994720803456905  1.00000000000000000
 -0.02202125155798953  0.12530756249440850  0.19263767910674981  0.23684807716779852
  0.26355555648170814  0.28327881593670662  0.30047299614832101  0.31613938688636456
  0.33102091213516932  0.34462153575463317  0.35674132165028416  0.36820816722879840
  0.37995733738863485  0.39064690090111037  0.40038412122662276  0.41036153872771536
  0.42021394623571134  0.42921916092389822  0.43752035476801593  0.44538794542281357
  0.45297056610803571  0.45972757294758426  0.46483451424166083  0.47035221239998742
  0.47644996300850528  0.48256305147097622  0.48851162046649005  0.49407753411055522
  0.49889286187007820  0.50336938075503634  0.50771988665394874  0.51236334882834977
  0.51738249380884282  0.52280143584742911  0.52858261318599287  0.53431593107593522
  0.53960930219664716  0.54517028761633612  0.55051929157352431  0.55628498885622513
  0.56195195945122212  0.56731716536237675  0.57230471159836871  0.57706723807816562
  0.58183452655559131  0.58700876408224789  0.59274980987741710  0.59878072750644706
  0.60497160393946947  0.61121030624859618  0.61748288506225335  0.62412187919860640
  0.63111070011839976  0.63817631883536707  0.64524750554411592  0.64993517646508836
  0.65398438252350055  0.65809037946474847  0.66217743808249918  0.66635239937580515
  0.67056089400471908  0.67469322623940009  0.67888002449473395  0.68320069300443886
  0.68755404871397896  0.69200580475306206  0.69666448605381037  0.70159321256710350
  0.70693745152992304  0.71258255248559244  0.71829409287035639  0.72449169597957108
  0.73098599365617611  0.73742580619982590  0.74336977094896095  0.74944863599944822
  0.75575143358003860  0.76211284253549560  0.76849247366016105  0.77484461675665650
  0.78140160624785515  0.78835987152616860  0.79461078634293181  0.79983912925902678
  0.80555951219545929  0.81232022089466349  0.81916644591735921  0.82613416039020449
  0.83334247273894579  0.84113155130195771  0.84924110323088697  0.85867649831873127
  0.87034635470903221  0.89170986726753654  0.92385379117604516  1.00000000000000000
   7.7320421712317845E-009  -1.0000000000000000     
 T T F F F F T T F F F F F F F F F F F F F F F F T T F F F F T T T T F F F F T T F F F F F F F F F F F F F F F F T T F F F F T T
  <DiscreteSampler_grid>
  grouped_processes
  1 # 1 for a reference and 2 for a running grid.
  10 # Attribute 'min_bin_probing_points' of the grid.
  1 # Attribute 'grid_mode' of the grid. 1=='default',2=='initialization'
  0.0000000000000000 # Attribute 'small_contrib_threshold' of the grid.
  0.5000000000000000 # Attribute 'damping_power' of the grid.
 # binID   n_entries weight   weight_sqr   abs_weight
    13   10   1.889072177401457E-001   3.297098513099048E-001   1.889072177401457E-001
    14   10   1.889072177401455E-001   3.297098513099042E-001   1.889072177401455E-001
    16   10   2.482694573732384E-001   5.693341750469946E-001   2.482694573732384E-001
    17   10   2.482694573732383E-001   5.693341750469940E-001   2.482694573732383E-001
  </DiscreteSampler_grid>
