  0.00233937457123400  0.01344728098517242  0.02524696019997483  0.03566698272064148
  0.04607866360723629  0.05714628208413437  0.06922764426868676  0.08216716416321468
  0.09552752551238154  0.10851080689268894  0.12035153494627734  0.13077250061042620
  0.14059002072673296  0.15092125615815724  0.16166399141520194  0.17223165443189004
  0.18236642684246893  0.19344707114041354  0.20595710459876310  0.21716313651960326
  0.22788785874254749  0.23664008108864198  0.24467935184297562  0.25138672449570615
  0.25832411731770105  0.26636702927744554  0.27446526366926338  0.28267700316098016
  0.29123340449079727  0.30256312474389407  0.31643453294141832  0.32929174043149495
  0.34179276490944954  0.35426543186492709  0.36779645704905650  0.37989117951525930
  0.38974637170111404  0.39948781967486857  0.40940425693526439  0.41909092197840825
  0.42805339199876608  0.43733456765516210  0.44672611758749459  0.45629158782774271
  0.46609265659549681  0.47514533153981309  0.48892615034850062  0.50203746577249808
  0.51523285472227487  0.52896305079209505  0.54337628902124468  0.55859156450475944
  0.57408783336771596  0.58722655138479374  0.59958552602564053  0.61158234657060540
  0.62366903365952342  0.63584053737721480  0.64746679493504611  0.65856898762616789
  0.66870494495801480  0.67813848562951051  0.68794338431423874  0.69749961450244657
  0.70601290459112964  0.71366961780122540  0.72109439675429232  0.72835510539873327
  0.73610219595252357  0.74540705617224090  0.75471354541264835  0.76348771856023878
  0.77221992295509989  0.78114379146402857  0.78989336232306295  0.79855207354729540
  0.80748325481394168  0.81713345941881976  0.82614632179012581  0.83432296781544646
  0.84260665063594120  0.85130507134346101  0.86151761634231272  0.87067529276991218
  0.88276135404444300  0.89415598632503301  0.90355032405498581  0.91359846350475493
  0.92403874433880784  0.93495950559932195  0.94559956355078956  0.95544293197269148
  0.96607325464537919  0.97690516858887511  0.98802080178928686  1.00000000000000000
 -0.00004763714116972  0.00092160391873386  0.00339921062421148  0.00628077675130688
  0.01029213242427697  0.01529293940809673  0.02131996544473605  0.02705061528999653
  0.03314643833153994  0.04120392999026514  0.04723919193524387  0.05327114169510621
  0.05968511407520377  0.06580741651735186  0.07237788625860649  0.07812427059738446
  0.08364541568993715  0.09025765735223208  0.09856107555226594  0.10767552703790030
  0.11841150352104007  0.13010997385369744  0.14155637659403414  0.15288913936213577
  0.16413505060096384  0.17423121577235307  0.18500435014947145  0.19436934479113027
  0.20339020871238694  0.21206393120765693  0.21999271224162537  0.22815293569650597
  0.23624268099445728  0.24535164237773907  0.25554434366685796  0.26543564369487654
  0.27440887014412230  0.28411009623635852  0.29487908966992887  0.30536347939700714
  0.31582556153997565  0.32585731602944096  0.33780941548143434  0.35041430645774224
  0.36302006870870390  0.37647316009904463  0.39012273041104795  0.40317820274577715
  0.41497482848369827  0.42511856130750614  0.43526002176627332  0.44573866275968133
  0.45618678405039392  0.46619877902680590  0.47634404214914811  0.48679082881613428
  0.49738655639570217  0.50800847431895735  0.51854141174763202  0.52923012176701678
  0.54056154736280226  0.55257058027007300  0.56469442903060163  0.57641359351952814
  0.58808398562736253  0.60034041882724276  0.61326784963822090  0.62664150470329116
  0.64007584398179029  0.65348504476387959  0.66667607384019756  0.67950056376377366
  0.69238690343946585  0.70542554735958674  0.71853976162169286  0.73238488138510549
  0.74680806513700715  0.76139272071540243  0.77565330300991386  0.78909062226146898
  0.80228746815150398  0.81469917761444544  0.82667509498042391  0.83893130999845666
  0.85158036293766304  0.86428388460030103  0.87722633330117339  0.89043745693157650
  0.90392459736877884  0.91735898188691345  0.93115820615528866  0.94503780609127752
  0.95883737634720045  0.97252155442841326  0.98615790005271875  1.00000000000000000
 -0.00238506698369367  0.00908298455320371  0.01865818759043196  0.02826489262258568
  0.03750062283864285  0.04713753134642688  0.05766671738544164  0.06835085711701823
  0.07969032027735895  0.08997108131035088  0.10002402105428190  0.11053075957391889
  0.12025650814382181  0.12886882752873458  0.13698392903048506  0.14643955966920649
  0.15655115262440283  0.16559960015718234  0.17429437264863440  0.18237520115488143
  0.19058954510583873  0.20021687538489524  0.21088986814542449  0.22246870813388223
  0.23451300258245650  0.24646802503036555  0.25794150301029928  0.26903039269146550
  0.28017279782930748  0.29149935027511897  0.30280365897779105  0.31365035976858729
  0.32408118383814316  0.33487806064921044  0.34610534119963959  0.35695727596801963
  0.36766814561517758  0.37827296244869923  0.38986227150790448  0.40026740903315838
  0.40965302694491901  0.41874583570363466  0.42849070064638256  0.43902607447361963
  0.45012147595476137  0.46209062660977179  0.47369286860128423  0.48405885871923315
  0.49440984252819831  0.50599897999537657  0.51583225404709132  0.52571249482029181
  0.53601622363696921  0.54757053498853248  0.55828554776698569  0.56993044677157823
  0.58138214895310070  0.59215465868507455  0.60312397924796235  0.61481087670515377
  0.62752950439388011  0.64191122259903588  0.65771567230171346  0.67410228069652267
  0.69035557598417929  0.70625371743015253  0.71793491670027576  0.72932007850420177
  0.74137221202587122  0.75397076385591510  0.76618542047882576  0.77747524028868387
  0.78808003168569496  0.79817685026134633  0.80819595351109064  0.81709158843130636
  0.82425173056884715  0.83086610855527776  0.83817052484521837  0.84552781413929101
  0.85347687097951419  0.86100377582410681  0.86876122900896580  0.87799192113923574
  0.88879825770390486  0.89976227534206199  0.91024487865607495  0.92128633701253360
  0.93259052117473862  0.94284162298327301  0.95233591513601379  0.96146138819205407
  0.97094070139386701  0.98091122073705572  0.99045872921945932  1.00000000000000000
 -0.00040514591389637  0.00378405178454734  0.00980455027028430  0.01562250851609740
  0.02170938915947671  0.02977416940392013  0.03933869028718641  0.04846606477997866
  0.05760221047478160  0.06670118160569574  0.07610169317265225  0.08578484161867722
  0.09551549824326785  0.10568713277968138  0.11636397944540031  0.12697599075454502
  0.13673211348572062  0.14588200270489096  0.15530103232885423  0.16465311723157597
  0.17456890085476301  0.18474932995536045  0.19598731912554435  0.20745036467550335
  0.21795824909799535  0.22869272001592097  0.23994513250511887  0.25203273093515438
  0.26511372607755967  0.27977375530718818  0.29256162935772018  0.30200309972213757
  0.31126943941619939  0.32167535451683626  0.33034732182093057  0.33784179525123886
  0.34558897538325178  0.35656822920743908  0.37108498136312251  0.38561405681015665
  0.39918443959755190  0.41268007029397880  0.42642455140652408  0.43826239680256063
  0.44997054733529285  0.46193152108015978  0.47470118864739524  0.49119443931725709
  0.50516003891983285  0.51656153475968825  0.52963441529139987  0.54218309262344266
  0.55348756221571549  0.56673978767968036  0.58340772987503375  0.60172093663879977
  0.61759087957428804  0.62965818303172294  0.64082511710941781  0.65275627375724621
  0.66300015893205888  0.67358411646366578  0.68449031044790221  0.69452685460232155
  0.70374793502403266  0.71432709524528459  0.72702969594009748  0.74035822512276606
  0.75408846932720430  0.76798420569773251  0.78036192321321662  0.79090392044361824
  0.80068473834735920  0.80969221518916690  0.81827350123051779  0.82649037333944697
  0.83451525773070523  0.84392943240495966  0.85376290373840635  0.86322100587099615
  0.87283199490291075  0.88341908070976027  0.89327802645620169  0.90362702946920292
  0.91427563978110826  0.92495288825821687  0.93461082506588689  0.94264516656984376
  0.94976486790122239  0.95692811579130332  0.96413503928840660  0.97078387460873283
  0.97747942586522063  0.98403060743006643  0.99123392621480022  1.00000000000000000
 -0.00193402315980286  0.00838269694651670  0.01590705818793472  0.02370242684018815
  0.03149139391345990  0.03961940267368647  0.04859497481726827  0.05769414567948142
  0.06747282910261033  0.07776813085876312  0.08804891254382630  0.09844378175502651
  0.10841026738523681  0.11799110913490932  0.12797604873288329  0.13885047587284524
  0.15025321000115041  0.16105062279740548  0.17091672560347912  0.18050453236632469
  0.19058541582114297  0.20066291894533730  0.21024967929269578  0.21862902783584828
  0.22580985004005436  0.23483034137712094  0.24592556990045994  0.25695881520921315
  0.27040283306209684  0.28407910802233871  0.29504761140152758  0.30466218784407040
  0.31472317626262614  0.32557268433574749  0.33689692081077377  0.34740154714006172
  0.35763254487999091  0.36850494841200099  0.37894685593990945  0.38970952701491007
  0.40063964897607057  0.41187886741057933  0.42295718427821544  0.43420930307445954
  0.44548534716779425  0.45621086606441724  0.46960439051523956  0.48218154855395140
  0.49316261955469376  0.50406461657045809  0.51510044675967304  0.52593789367075128
  0.53693917101593214  0.54860359549447180  0.56083494885256557  0.57295899665857486
  0.58459577672598984  0.59641667892261085  0.60780183463755388  0.61760918502410111
  0.62749955042011651  0.63760657182874392  0.64694228328299930  0.65723889182896222
  0.66733407886990881  0.68147177553742444  0.69236911800708489  0.70058490619163372
  0.70984981289827409  0.71826764588766479  0.72630629497073484  0.73465506261769076
  0.74436269118268816  0.75570844378001656  0.76817268980435360  0.77985186640176407
  0.79097582869515071  0.80169726524083529  0.81219359161368365  0.82363153669843936
  0.83564462747063306  0.84646000736567450  0.85695561843705892  0.86701981371298198
  0.87746780805033264  0.88887467196921066  0.89974784300604227  0.90998003789675408
  0.92048130958628449  0.93146608234555495  0.94284997436568219  0.95466607994902875
  0.96647043151546919  0.97767781498324591  0.98912903954574316  1.00000000000000000
 -0.05922033096236181  0.82984666675786378  0.91213834965285423  0.94278989112932599
  0.95796348301187484  0.96355815859043858  0.96774641956388396  0.97151023059979325
  0.97469071542175767  0.97748465935722251  0.97984365493007908  0.98172710526600981
  0.98344138913974866  0.98496175523420759  0.98627013128398677  0.98743191966993715
  0.98849451167848967  0.98943371022666604  0.99030332216334449  0.99107829407949077
  0.99177101715729865  0.99238733112483468  0.99295130503665374  0.99346367107705735
  0.99391631502647515  0.99432012137058223  0.99469268688144841  0.99503738827811139
  0.99534687478318495  0.99564270404467614  0.99589700841217599  0.99614159967443128
  0.99636715535764564  0.99657358448615985  0.99675980438039391  0.99693814247132961
  0.99710323914942345  0.99725552879022528  0.99739597178630035  0.99753230959812722
  0.99766356146584212  0.99778866149946943  0.99790026529108988  0.99799147070739114
  0.99807994701249847  0.99816514764368669  0.99824610697177796  0.99832483762297575
  0.99840166056953894  0.99847398221019845  0.99854086544641518  0.99860505068259064
  0.99865720730663898  0.99870941457714502  0.99876058967187797  0.99881038070605088
  0.99885876746892022  0.99890581239162968  0.99894994600516940  0.99899325301618291
  0.99903550688775022  0.99907648312821773  0.99911617165896105  0.99915469480693275
  0.99919200598691338  0.99922802326283289  0.99926089760327419  0.99929337473847091
  0.99932468924858842  0.99935295795465084  0.99938113804270634  0.99940854412477498
  0.99943498780824469  0.99946117500718634  0.99948635331971858  0.99951069475536725
  0.99953422764184241  0.99955724381523980  0.99957975606348148  0.99960103307735149
  0.99962217211628923  0.99964319370018451  0.99966392037826735  0.99968439289451616
  0.99970468981277705  0.99972483196116768  0.99974533711397817  0.99976612306100099
  0.99978721212417621  0.99980839061209403  0.99982966324210987  0.99985546089425636
  0.99988256498134676  0.99991130532746253  0.99995122506827505  1.00000000000000000
 -0.02112241681710337  0.13676263188271778  0.20669966026226161  0.23949405388345496
  0.26642535155859137  0.29013167768620596  0.30931992426147675  0.32353654986778452
  0.33686606230922334  0.35190242029621577  0.36304758692025091  0.37227868461229324
  0.38175553832114478  0.39063401800601599  0.39840272097466428  0.40565410211658781
  0.41326528733575063  0.42301526252038696  0.43415156887244444  0.44328322237852136
  0.45003125580035036  0.45607885610737686  0.46207975074499230  0.46828719028319682
  0.47465966839718632  0.48104419913622509  0.48721048175083076  0.49336398599215026
  0.49936693871517607  0.50515631364492264  0.51088114594320011  0.51666391249139942
  0.52272775842025732  0.52900910684752911  0.53513842757130059  0.54098454907829685
  0.54689790595549737  0.55275675522250733  0.55779102314957152  0.56302912377713199
  0.56893203882190546  0.57502031213752325  0.58092616079745818  0.58661880115939780
  0.59217347154382238  0.59776188596504032  0.60323261081509882  0.60862053230294511
  0.61387419295644652  0.61940544361434224  0.62579756660572716  0.63156789618573039
  0.63693331643089979  0.64222734547720306  0.64753785125476970  0.65280932072247244
  0.65802153673318753  0.66327947883319849  0.66859759475790459  0.67394792084861566
  0.67929200403410472  0.68428963842936641  0.68925227904550113  0.69425807483346247
  0.69917213991236171  0.70399600576658339  0.70887954202030079  0.71391563459098084
  0.71901008645621900  0.72402825960545980  0.72896251858332284  0.73393969461635677
  0.73897712975202012  0.74383327639376762  0.74897550797324042  0.75457555797080300
  0.76045787831051070  0.76658698508227985  0.77258455401228410  0.77879067598019813
  0.78567819346289780  0.79312716088335589  0.80065426927608896  0.80806107769754121
  0.81540269715382163  0.82303909801007047  0.83108499026836347  0.83920349917662818
  0.84724906045495485  0.85576713760875422  0.86398680396141680  0.87359385011284374
  0.88524240382741637  0.90068803392649643  0.93100707791403681  1.00000000000000000
   9.0541794239053266E-009  -1.0000000000000000     
 T T F F F F T T F F F F F F F F F F F F F F F F T T F F F F T T T T F F F F T T F F F F F F F F F F F F F F F F T T F F F F T T
  <DiscreteSampler_grid>
  grouped_processes
  1 # 1 for a reference and 2 for a running grid.
  10 # Attribute 'min_bin_probing_points' of the grid.
  1 # Attribute 'grid_mode' of the grid. 1=='default',2=='initialization'
  0.0000000000000000 # Attribute 'small_contrib_threshold' of the grid.
  0.5000000000000000 # Attribute 'damping_power' of the grid.
 # binID   n_entries weight   weight_sqr   abs_weight
    13   10   8.674949906437437E+000   6.113144319552791E+002   8.674949906437437E+000
    14   10   8.674949906437430E+000   6.113144319552780E+002   8.674949906437430E+000
    16   10   1.341757028616234E+000   1.463010161743847E+001   1.341757028616234E+000
    17   10   1.341757028616233E+000   1.463010161743844E+001   1.341757028616233E+000
  </DiscreteSampler_grid>
