  0.00187908919959758  0.01442144821028846  0.02794784617556370  0.03945481518266016
  0.05029016419364934  0.06102267844660805  0.07129821255684497  0.08208885415709466
  0.09391569371720211  0.10602599577058505  0.11781452825300319  0.12935497979710758
  0.14059857611913201  0.15076588442470054  0.15981999818480452  0.16922941134074157
  0.17973679560411482  0.19016015707140355  0.19915448527997470  0.20845840916462482
  0.21915164859426298  0.22990414400531389  0.23999292883466919  0.24987643839863680
  0.26162724268401333  0.27459214222343981  0.28698813436398463  0.29964666675335278
  0.31290366957467719  0.32604046739100057  0.33855858834416319  0.35185260772773130
  0.36527919585602608  0.37882721818068965  0.39271805371319496  0.40669101715275990
  0.42041938000708656  0.43267956827400000  0.44166970706526554  0.44899394508505241
  0.45641320415923881  0.46346503299243574  0.47097448494030697  0.47958079112422491
  0.48875991653417367  0.49677837861996993  0.50494322542114078  0.51620550664968023
  0.52924898316903701  0.54131188676472430  0.55051306711170467  0.56003932912162213
  0.56958704409471661  0.57935669516266541  0.58990688380944911  0.60094428172770886
  0.61179272339851432  0.62232210271439048  0.63258915613487654  0.64291324941178873
  0.65450101314729137  0.66742345700948258  0.68039018900248527  0.69231362826435672
  0.70362327001801772  0.71451330465600682  0.72520551993058968  0.73661943955397469
  0.74790110128080900  0.75825926794427789  0.76811707018064534  0.77774708170205098
  0.78761316830821848  0.79751892552837300  0.80643967140932149  0.81551102015359411
  0.82481159625769529  0.83495031088685767  0.84489351475455221  0.85392462524250279
  0.86245849432455657  0.87125924942068922  0.88094835421901097  0.89152163213522106
  0.90320600190966549  0.91553947317335027  0.92562603734022453  0.93420685110968049
  0.94269917594853103  0.95159942839351797  0.96087711726797664  0.96972258703126435
  0.97695137800078569  0.98508491589441816  0.99255826943122738  1.00000000000000000
 -0.00003694147739395  0.00082623247353361  0.00339191475563300  0.00774959431201005
  0.01318822502676157  0.01807125750230479  0.02269452374989120  0.02750585535754640
  0.03268427715579632  0.03852880553304276  0.04381206523017021  0.05047247993001194
  0.05890589444905982  0.06818524568269124  0.07731644408200188  0.08627126866418072
  0.09438853848270576  0.10206109766672737  0.11001423920918739  0.11822071235506139
  0.12603062715951069  0.13510438091275295  0.14548438606183317  0.15470333469927677
  0.16286621757916558  0.17112317478667619  0.17974142815784502  0.18888620916812951
  0.19887486997010614  0.20850534774569807  0.21854141075128522  0.22903433943378534
  0.23985885892017500  0.25125541125549017  0.26340610168130468  0.27594306178006994
  0.28865346308109963  0.30170497666008350  0.31470857060695145  0.32455729310750447
  0.33239985473596972  0.34018493764070634  0.34790897575315921  0.35567804359855881
  0.36463127851093330  0.37453161995859541  0.38359827891346338  0.39251216210389106
  0.40149019660451829  0.41129132558879627  0.42199720696565451  0.43208086474923862
  0.44077308818086186  0.44921808818232978  0.45755862101166711  0.46589223744335223
  0.47584947646008530  0.49180818601619924  0.50532746677882756  0.51833649102689783
  0.53127393915526400  0.54404989072885912  0.55675800629530869  0.56949062003236373
  0.58144159735223633  0.59271195863322401  0.60412726265660210  0.61609736648759317
  0.62809436385546769  0.63910666102649971  0.64944284501424654  0.65986155608338493
  0.67080453241106841  0.68234660804941338  0.69437372804887310  0.70668767735326354
  0.71919822935694522  0.73207774234375933  0.74548224712777800  0.76046798907025759
  0.77564395480183923  0.79072312403267664  0.80566257029112298  0.82025740541017389
  0.83454042319575683  0.84887156332505231  0.86325507165556559  0.87756108503380215
  0.89178749308788219  0.90620990724220618  0.92087117571235433  0.93591049892538780
  0.95143314436154758  0.96733245845459537  0.98349422154506749  1.00000000000000000
 -0.00306265509666654  0.01054865690624882  0.02289193164396853  0.03408028589471402
  0.04421145380419511  0.05363386386665388  0.06382209953991387  0.07461045560483578
  0.08498932630097826  0.09471635687157606  0.10457616042995313  0.11510546570802707
  0.12625481862224683  0.13803661995980723  0.14978869494366381  0.16080926330038403
  0.17074424455339809  0.18046822264324847  0.19058788201492252  0.20126790848877205
  0.21255077521667570  0.22375093180954203  0.23495192669054837  0.24662564651472874
  0.25857751218129044  0.27016823046190502  0.28112776920414873  0.29189235944040992
  0.30288280177719695  0.31376749759543721  0.32344201469459583  0.33176573261732595
  0.33969106200474758  0.34900472927642068  0.36008472703089928  0.37135335753267290
  0.38107486242575433  0.38986703946703449  0.39856596532362498  0.40848813186961286
  0.41938908042621731  0.42960100232357529  0.43808745908280439  0.44924650627518808
  0.46109391195318233  0.47096260015341374  0.48153573144811579  0.49101671477402747
  0.50000383022656036  0.50965685584048448  0.52025699247269774  0.53291586732002083
  0.54547821187803702  0.55666262926999777  0.56803885100285556  0.58029533146828072
  0.59190753086517056  0.60408826394538229  0.61759285915759776  0.63191172820538233
  0.64547164639195820  0.65718665148967581  0.66805254954935911  0.67940900110139979
  0.69045570064706763  0.70051207506627000  0.71013686629719874  0.71970181086055429
  0.72911496510543206  0.73825263549374309  0.74755996068122132  0.75869567074166377
  0.77183398132388537  0.78517167876542471  0.79794967808105066  0.80984900333930376
  0.82178083475016173  0.83308526007572181  0.84447074006291123  0.85525085111219090
  0.86436851672204118  0.87419688739486134  0.88207177793767877  0.88871761607417055
  0.89526418617225034  0.90292707972543929  0.91069833624529495  0.91808165870723391
  0.92624907167311210  0.93407993342070617  0.94255129553033756  0.95380293300781127
  0.96591894676456203  0.97737107313741989  0.98864639288291134  1.00000000000000000
 -0.00060717481702699  0.00534245699075105  0.00955417154130052  0.01381237174026519
  0.01896795339552716  0.02497945672455770  0.03073175016268260  0.03642476436143054
  0.04159828659754341  0.04816337845327935  0.05466120109221578  0.06281161977678285
  0.07195366533347707  0.08151858435967577  0.09070850283979011  0.09943911474723488
  0.10847946940446879  0.11786323275992031  0.12585170974094981  0.13245889127081850
  0.13957122489845247  0.14685439983814938  0.15479289749992509  0.16302917404526787
  0.17046587272623187  0.17739532131050517  0.18437599133147406  0.19272626799147852
  0.20203467763488830  0.21095631641230711  0.21966669759183083  0.22827594941391402
  0.23762457858879574  0.24738281507477483  0.25916604468231930  0.27150843105733724
  0.28409227353355992  0.29684197823110031  0.30930502336226617  0.32202059363058361
  0.33456452743986254  0.34734195006355351  0.36014358012643893  0.37278480658436691
  0.38583662131605229  0.39894789802661129  0.41308247623452143  0.42815783898272608
  0.44349723682242792  0.45956464400977931  0.47569016998778674  0.49253914591546627
  0.50794820431773080  0.52332770958998509  0.53859874115291395  0.55391187233535888
  0.56988549339030103  0.58618816847665367  0.60174858467895997  0.61583277028426864
  0.62938756315147004  0.64361111316196162  0.65903812820762875  0.67364614374041643
  0.68668047893881512  0.69840598477996174  0.70999027906397583  0.72267810709463465
  0.73403603459125411  0.74260610884570677  0.75017052127772677  0.75832121664388707
  0.76673087431613163  0.77525166638678766  0.78348205996023113  0.79147745089620769
  0.79997239140142085  0.80930486475375130  0.81898920305417333  0.82896586036810949
  0.83961492530753923  0.84941469665494884  0.85870897988570505  0.86791475659458717
  0.87789656642688230  0.88878960588346390  0.89939795604979855  0.90965645155266062
  0.91973064100165047  0.92973908540572381  0.93971520925516316  0.94955496163976105
  0.95974490414882330  0.97189192991042639  0.98542108534715234  1.00000000000000000
 -0.00222347714696115  0.00885386824899339  0.01847997144458638  0.02932465882597709
  0.03899101145639158  0.04857399971758172  0.05808437779409024  0.07168197765721755
  0.08531266655299330  0.09859219052728081  0.11121077802199629  0.12388681122521163
  0.13663056938711660  0.14907167041875960  0.16107506846838868  0.17256142866698621
  0.18335305100479651  0.19352941320950781  0.20384947579451390  0.21314867841986532
  0.22228863532068030  0.23191191041229434  0.24178890310995851  0.25084348656392769
  0.25836081370758124  0.26580822902110468  0.27342630934159101  0.28104883553762405
  0.28926829258071474  0.29764671231847961  0.30501462623290815  0.31292428467389255
  0.32392158449697750  0.33753711519517376  0.35161032239238349  0.36378759281187112
  0.37690894320677459  0.38988848082655825  0.40158753165657990  0.41365610094299265
  0.42665009447126045  0.43937689134789393  0.45094645451655530  0.46273752383091116
  0.47497966721379009  0.48756781059476956  0.49959652842328506  0.51033076871152938
  0.52043332466202230  0.53043833327796719  0.54040619198327278  0.54994129393445657
  0.55959453651131685  0.57009336268978572  0.58116005101786661  0.59169847726447466
  0.60138489087446068  0.61156026661804475  0.62253056400597984  0.63291891979004722
  0.64247541699827448  0.65107374518389649  0.65964654776080667  0.66916699450535111
  0.67854348618094151  0.68805805318842350  0.69832808872607732  0.70892970178743175
  0.71972885219197724  0.73077669009774393  0.74198184670647638  0.75310374659045942
  0.76387204175624623  0.77371319747525247  0.78240732052679252  0.79143526033009304
  0.80090813037074371  0.81019803211301333  0.81918857602355810  0.82780130524908269
  0.83668065756533871  0.84633502160922014  0.85848286936435669  0.87004444230255273
  0.88121923626988030  0.89166365183564544  0.90161827384570015  0.91208143844208356
  0.92252667538879918  0.93338255242418622  0.94431471600841188  0.95720733580391548
  0.96994234185491712  0.98143326397919395  0.99108346061752628  1.00000000000000000
 -0.07192237701074723  0.83324800143432820  0.90939509794682927  0.94047167818453636
  0.95719567201711142  0.96268870046434263  0.96684627553863156  0.97041198937874518
  0.97357671274440039  0.97634508092362937  0.97878325879386985  0.98068783214271849
  0.98236681613873489  0.98387852675304821  0.98523373619634658  0.98645744207219233
  0.98754705711410062  0.98852791166822551  0.98941461407714471  0.99022579973661218
  0.99094590788331038  0.99160662040362724  0.99221366496515295  0.99276918940355807
  0.99327318592884883  0.99373441399855933  0.99416165584564609  0.99455406950204650
  0.99491796807917210  0.99525180551363457  0.99554444239296447  0.99581179831169742
  0.99605646926566871  0.99627846761840821  0.99648421536351262  0.99668648181204123
  0.99686628195716509  0.99703546029149470  0.99719376787720515  0.99734386414517584
  0.99747854742365893  0.99760071205821355  0.99771971420047123  0.99783433223598306
  0.99794462977914156  0.99804411287565575  0.99813309666376204  0.99821719811212550
  0.99829851112821788  0.99837626537606083  0.99844903752266623  0.99852016863627646
  0.99859165628794178  0.99865611676251043  0.99871105855138953  0.99876037982228827
  0.99880817742345285  0.99885466082128638  0.99890035744165895  0.99894514263434875
  0.99898871925740829  0.99903016251417254  0.99906971293452429  0.99910836147553217
  0.99914620130052978  0.99918188376182260  0.99921694292008245  0.99925120202823992
  0.99928438469830683  0.99931685038206408  0.99934723715216434  0.99937552090670601
  0.99940271321165197  0.99942941815407016  0.99945563718933561  0.99948117294667915
  0.99950584131243392  0.99953007152033824  0.99955383989188451  0.99957735157937122
  0.99960027068796919  0.99962245340387956  0.99964436724159134  0.99966613207815025
  0.99968771146124591  0.99970925432790358  0.99973088443925828  0.99975268474652668
  0.99977549284259215  0.99979845889398500  0.99982134790664368  0.99984720111237357
  0.99987505754204298  0.99990559925300782  0.99994738859757792  1.00000000000000000
 -0.01997032946943248  0.11972106087292347  0.18131685166491529  0.22172081074630146
  0.25140774113813003  0.27041144795387545  0.28560972278096380  0.30042733445108305
  0.31335027415447636  0.32570531347627424  0.33628226559886937  0.34530367641507037
  0.35449545088429640  0.36343486670311753  0.37118330866250993  0.37905078941682158
  0.38757833998051028  0.39577216703142198  0.40426359741314660  0.41328826072801456
  0.42183347709555702  0.42990805649662200  0.43777326677266126  0.44517310910123864
  0.45226673540681606  0.45932144459001345  0.46646943253068385  0.47376703838655732
  0.48120075870706436  0.48865143052213600  0.49594356865615069  0.50294470186952422
  0.50937513696719094  0.51537045689558947  0.52127585817938304  0.52727961730086748
  0.53305650676481142  0.53846968821463170  0.54371830425831413  0.54893420078642952
  0.55421409007197509  0.55958504779290641  0.56415722805303714  0.56875917017157707
  0.57335612364692567  0.57781223328962961  0.58221909809475425  0.58680658325110968
  0.59243639220298794  0.59809650994875785  0.60353301353000310  0.60887265191962137
  0.61411343993257883  0.61921962356383209  0.62454472226306279  0.63046339910676297
  0.63622717851337929  0.64184427686279844  0.64732360720356441  0.65281034227516033
  0.65840408012277885  0.66413673861204858  0.66996303980137017  0.67573920953140776
  0.68158755758998435  0.68723773286276435  0.69309481371633097  0.69912538330573459
  0.70510382255938664  0.71093381634190500  0.71640556247973008  0.72225822926078620
  0.72837031644578487  0.73363180956172613  0.73885012479796230  0.74475637139750361
  0.75099748523895482  0.75726767411243079  0.76338573534996468  0.76968148424277727
  0.77570450382410305  0.78161227596266669  0.78727719175436361  0.79314084647996153
  0.79930384979311420  0.80575325692810595  0.81256168687764274  0.81988658409139947
  0.82804177314741167  0.83643410520096262  0.84533875016779614  0.85568720435554035
  0.86998408657243231  0.89205154315400437  0.92316021552400540  1.00000000000000000
   4.8454633414622240E-009  -1.0000000000000000     
 T T F F F F T T F F F F F F F F F F F F F F F F T T F F F F T T T T F F F F T T F F F F F F F F F F F F F F F F T T F F F F T T
  <DiscreteSampler_grid>
  grouped_processes
  1 # 1 for a reference and 2 for a running grid.
  10 # Attribute 'min_bin_probing_points' of the grid.
  1 # Attribute 'grid_mode' of the grid. 1=='default',2=='initialization'
  0.0000000000000000 # Attribute 'small_contrib_threshold' of the grid.
  0.5000000000000000 # Attribute 'damping_power' of the grid.
 # binID   n_entries weight   weight_sqr   abs_weight
    13   10   2.811822878627300E-001   5.052409737241323E-001   2.811822878627300E-001
    14   10   2.811822878627303E-001   5.052409737241332E-001   2.811822878627303E-001
    16   10   4.271105317142629E-001   1.166961532802894E+000   4.271105317142629E-001
    17   10   4.271105317142633E-001   1.166961532802896E+000   4.271105317142633E-001
  </DiscreteSampler_grid>
