  0.00004533740864370  0.01722409977150280  0.03411873496870711  0.05010976074532335
  0.06483130081465201  0.07859422792919529  0.09168429510664400  0.10199560467863904
  0.11120210373049680  0.11986250587080803  0.12869716456966893  0.13765252861187691
  0.14680472412522536  0.15631858712980665  0.16656118772040415  0.17634840407449329
  0.18530782395180911  0.19418497054561260  0.20340119138755025  0.21197938607631292
  0.21899002208497320  0.22557613470656177  0.23387034770713597  0.24229033655977236
  0.25039443242785586  0.25819516279572702  0.26672129322055577  0.27801449953822766
  0.29204518541845270  0.30650426758516491  0.31981228074813506  0.33250716874789643
  0.34466962245365834  0.35580244197105509  0.36640930827509871  0.37624304212312776
  0.38779452180580271  0.40067087096817233  0.41398783856529336  0.42745422926175475
  0.44050755626895105  0.45227344042148998  0.46255410810844960  0.47250567971449620
  0.48264123044508317  0.49226720558877063  0.50123843867480400  0.50942393853672308
  0.51806244621251163  0.52923639394788935  0.54249828531607058  0.55636307169703891
  0.56992042379711305  0.58293736305964305  0.59548967234536587  0.60761491465152562
  0.61865324337458183  0.62887663554625151  0.63806590165758426  0.64790410227742135
  0.65725093348911889  0.66659086670930900  0.67551599373112814  0.68384307544854506
  0.69334857039499997  0.70544913161444245  0.71689692027183927  0.72816049485363987
  0.74089809594629508  0.75184864221835090  0.76303845383670676  0.77302975268149521
  0.78163723103309379  0.79011466025936228  0.79883609844050796  0.80719226354575557
  0.81609418949840051  0.82621039147852549  0.83563808812477991  0.84496669515680878
  0.85509741300304776  0.86583094850294284  0.87742420262955201  0.88971582600839871
  0.90206502410648015  0.91379194398526775  0.92349128294884619  0.93205560486011718
  0.94174750880276992  0.95107852069647336  0.96012249175297393  0.96900087486380226
  0.97719875514154386  0.98531637505585679  0.99245575922413820  1.00000000000000000
 -0.00003944057068120  0.00087867919661360  0.00323588319641541  0.00604759697722253
  0.01060688633801443  0.01506895591220239  0.02093651613843264  0.02745648568086356
  0.03362087187770919  0.04013299378757150  0.04639356448361417  0.05242435654952624
  0.05872273642740422  0.06556258792809704  0.07270373722096111  0.07969486487991335
  0.08689360290221620  0.09488395256456000  0.10337900211491965  0.11226434422081479
  0.12177181793862615  0.13058397985355796  0.13737403850380636  0.14354425994406708
  0.15084819533944022  0.15962252696260404  0.16824417101403713  0.17607205323102060
  0.18393855146908569  0.19325552128196913  0.20439586265171153  0.21630846287435318
  0.22794223419944221  0.23877868166513999  0.24912339008000559  0.26234332823439577
  0.27418977199195160  0.28560908635617138  0.29653258122883119  0.30697783815125201
  0.31710471404220941  0.32738936839436178  0.33784944572342179  0.34823567644566211
  0.35837172794223582  0.36823273214569396  0.37796128572013121  0.38761205986065711
  0.39714563328829028  0.40642920074618855  0.41547260495753896  0.42469763031453117
  0.43436709061612311  0.44422298558123496  0.45431585598238877  0.46436735862662731
  0.47361931136175744  0.48293239874302563  0.49273503012319225  0.50310465695576589
  0.51365901399572644  0.52359643917273657  0.53345093733816473  0.54269715664250961
  0.55117782431792817  0.55969722030811198  0.56807859392863036  0.57647378931622162
  0.58505678970815433  0.59578198696971718  0.60746423482521217  0.61954390176848739
  0.63138969948033630  0.64263437936798040  0.65325678388923603  0.66352189998472777
  0.67319588618368875  0.68444085480800620  0.69812782064226386  0.71314700952247878
  0.72871876385696888  0.74528147956679658  0.76194466657900917  0.77862904252687137
  0.79541092074025499  0.81310501934143120  0.83176852247113797  0.85072927373821905
  0.86869258174008612  0.88599891222959315  0.90403165945222252  0.92283954817894887
  0.94202123362970680  0.96123548491405364  0.98054354711477387  1.00000000000000000
 -0.00276321922622426  0.01032633099617314  0.02176781003784419  0.03072713941077103
  0.03973937679300062  0.04936531912449912  0.05956960042337615  0.07235467609750557
  0.08550048451889859  0.09867233173899224  0.11102992960535694  0.12305177577655579
  0.13556303904452927  0.14630506508780405  0.15379064925900948  0.16033418714746056
  0.16756703549473578  0.17489787266391219  0.18194252155543267  0.18960801036970137
  0.19732665800674101  0.20403006669421017  0.21212015478228866  0.22331277435506430
  0.23492262374171349  0.24579041284473285  0.25670798735727923  0.26727076528950422
  0.27823099491450881  0.29065063141164893  0.30344989561652752  0.31489473837847021
  0.32474105824023269  0.33439191362077075  0.34407450686549612  0.35364956229594829
  0.36320510853318783  0.37257210102166105  0.38497219812350375  0.39724371969183675
  0.40734420845109731  0.41701137398292037  0.42820849364221925  0.43931480470990464
  0.44908242227608308  0.45859376490632059  0.46982795584957321  0.48066755883046836
  0.48990011467330230  0.49879620282412301  0.50719125954092759  0.51636841610532180
  0.52746286833630618  0.53694475486334514  0.54590268407024234  0.55478876171046632
  0.56462637147129058  0.57651257610090689  0.58917936641143953  0.60164316402296458
  0.61327828308711674  0.62348149428327371  0.63481399571700370  0.64571092698493626
  0.65533356614560834  0.66464114834232901  0.67394474807716553  0.68308814984162747
  0.69255108847336888  0.70294402076963458  0.71365789163281546  0.72486428054179186
  0.73774279515512209  0.75097827383763049  0.76398857193239600  0.77629631353536810
  0.78754343278022787  0.79789401688756323  0.80949777088387587  0.82184009565031324
  0.83323323280496375  0.84349522051130721  0.85344507565377448  0.86352685189640632
  0.87348397143618983  0.88300590138542179  0.89165925435063664  0.90010580630776382
  0.90919004298137851  0.91866240267220212  0.92895619553153364  0.94071311548640923
  0.95410040371404492  0.96881493698828036  0.98430758580350552  1.00000000000000000
 -0.00116791319907579  0.00599680094968620  0.01339481510950282  0.02080751437408806
  0.02843183211200665  0.03653951001988367  0.04470735912479259  0.05202532595051079
  0.06048251083244434  0.06959616409746441  0.07923449763194940  0.08677519708365633
  0.09249144285663673  0.09822980262329953  0.10536550259230518  0.11281524937257476
  0.12011004924204274  0.12629676427564956  0.13181999419953325  0.13828268233206137
  0.14719502703985038  0.15858211693016494  0.17016928654377333  0.18099609263439459
  0.19194953547176527  0.20389393013465729  0.21666778357293026  0.22905650907331562
  0.23934866276728947  0.24865228695926969  0.25807455682372848  0.26644859329135318
  0.27491646971632644  0.28377810043547375  0.29346683906376075  0.30704481140965728
  0.32097054379255718  0.33361581524413525  0.34485854904045288  0.35714746717640572
  0.36915465874838616  0.38105643975860570  0.39376403425949685  0.41102759806970129
  0.42816320429610022  0.44382097088901673  0.45980903035390569  0.47662165499779391
  0.49392518892381754  0.51003560756215072  0.52675657461112335  0.54294245868946645
  0.55696709956875723  0.56886684879915206  0.57938522528643521  0.58983808865274701
  0.60126806198212479  0.61371535581124204  0.62456367109063615  0.63752057321272704
  0.64991207667607198  0.66093916665897467  0.67192487616136287  0.68300658634345002
  0.69468486446835587  0.70635950194483532  0.71771907302578131  0.72824679355065502
  0.74029281820617232  0.75303223018219123  0.76562870936810612  0.77802103186890448
  0.79052024277111110  0.80322313259397315  0.81560716373232101  0.82665029942301260
  0.83670586132376146  0.84636675090120539  0.85573392292858519  0.86480120479939959
  0.87391089856363091  0.88348491243025939  0.89290830200569038  0.90142960560335905
  0.90990495204402932  0.91871530063973583  0.92797831237819206  0.93730355352344430
  0.94872058382438618  0.95895110421784369  0.96646321867447016  0.97342882297474309
  0.98033689701118587  0.98634437911339967  0.99275307092328047  1.00000000000000000
 -0.00267938940288837  0.01091677903681939  0.01935913985231715  0.02892767853937701
  0.03920601030623354  0.05093601998079454  0.06164113296281187  0.07139985670180062
  0.08085494065934634  0.09065196660123442  0.10077541195880363  0.11056633086747859
  0.12019072280545279  0.13087492581448129  0.14093938622294835  0.15106688826582446
  0.16190389877593769  0.17290779619300448  0.18282440219635004  0.19203578738644006
  0.20056303190120878  0.20933069625666301  0.21850721418375932  0.22901117267180560
  0.24105501605303614  0.25417869183223257  0.26749576724306351  0.28020351188880777
  0.29316385256085342  0.30629502095435063  0.31839747681172154  0.33045430323741792
  0.34256865632725397  0.35441617229376110  0.36629008767545645  0.37906035119758985
  0.39228822485328119  0.40509920892823092  0.41741365847367595  0.42888549792751157
  0.43997113607834731  0.44983458858024872  0.46090222916793239  0.47242333170983819
  0.48304678829413028  0.49314529435914672  0.50384893880927151  0.51694984228729857
  0.52920522678870940  0.54112418328145850  0.55275097116643690  0.56340618516428698
  0.57227154727509622  0.58057142179920640  0.58888254490924874  0.59931053029248860
  0.60993374888510077  0.61811542518072760  0.62589229662305357  0.63526022441314178
  0.64579407821532109  0.65599852385648005  0.66635730112833180  0.67723953917378854
  0.68920029848869979  0.70224390540140624  0.71531593895021506  0.72733687381275813
  0.73889355803226342  0.75031986113598792  0.76090601113759992  0.77144584798271665
  0.78230114684237595  0.79333732625552345  0.80428145015333186  0.81502346702517880
  0.82567474105399907  0.83703494842290460  0.84887812676171415  0.85777192915842004
  0.86463876950885554  0.87188572053762670  0.87955135042607002  0.88734672217536392
  0.89504158362941166  0.90274067496410415  0.90977264182661544  0.91703930066003136
  0.92750222526169346  0.93930816873078737  0.95092285299014190  0.96099664392759909
  0.97055121521197329  0.98190677076568156  0.99143149198650982  1.00000000000000000
 -0.08562056331295956  0.83735611025881951  0.91255195613371687  0.94257105368552563
  0.95818123494332186  0.96302738100488749  0.96722709737050194  0.97078063239753010
  0.97391860216461634  0.97655317385287943  0.97890049126201495  0.98084175317543576
  0.98255039835650060  0.98400776677434387  0.98533044067494768  0.98650328776886698
  0.98757072823836400  0.98856140239500334  0.98942179404825115  0.99019901142872846
  0.99092138253317930  0.99157136141397173  0.99216451462172672  0.99270956558003554
  0.99321158021149514  0.99366809753388607  0.99408022042870992  0.99445845457037596
  0.99481420164247658  0.99515140388933621  0.99546583510275788  0.99575079102875119
  0.99601713691651916  0.99625089581246140  0.99646918003455276  0.99667371845780484
  0.99684501252301561  0.99700524555205450  0.99715918112300128  0.99730906323360857
  0.99744007308173521  0.99756297845055364  0.99768168792201395  0.99779559204237245
  0.99790232436301740  0.99799953519479145  0.99809013047598549  0.99817330379757840
  0.99825518068214614  0.99833505346794471  0.99841060315348340  0.99848175346174339
  0.99855032720877990  0.99861219173876947  0.99867201126222438  0.99872569806824862
  0.99877438103505856  0.99882352264285368  0.99887197839509101  0.99891899970982667
  0.99896465579960148  0.99900854996839994  0.99905006596628332  0.99909052475790794
  0.99912961139640444  0.99916752281488763  0.99920444079914505  0.99923978432895388
  0.99927436539646142  0.99930819985106178  0.99933756728775791  0.99936691784136822
  0.99939585421067179  0.99942236220036496  0.99944913457378270  0.99947574619122437
  0.99950133942674213  0.99952673436012851  0.99955168697741348  0.99957586339219695
  0.99959900413925507  0.99962186936032627  0.99964455168225763  0.99966681585181871
  0.99968892363440998  0.99971100032705540  0.99973311294489631  0.99975526560072381
  0.99977777777062615  0.99980030210733950  0.99982283969487817  0.99984959104266979
  0.99987787726576904  0.99990807060797093  0.99994921738414844  1.00000000000000000
 -0.02209372817017371  0.13071437319547771  0.18521361046995508  0.21706620138406241
  0.23996909829747182  0.26000484628430393  0.28175547641420406  0.30695980321894262
  0.32481833570410090  0.34019409286515462  0.35270190984852284  0.36107356231373261
  0.36950653466203526  0.37731199602180521  0.38449923251059787  0.39121328070616790
  0.39805042897478760  0.40453046480219385  0.41074353626375926  0.41797161805830368
  0.42800752955350413  0.43754339041038770  0.44546049562497653  0.45271055205896577
  0.45997077862980884  0.46722992540543029  0.47425543202018228  0.48055604935415519
  0.48621118555283199  0.49148271474770955  0.49656911309064228  0.50223745794321828
  0.50838440821808140  0.51473220042811985  0.52108896744234978  0.52730572675207943
  0.53318489784388223  0.53884813088949779  0.54374959280469182  0.54792021578221350
  0.55206534359011572  0.55655332061972929  0.56157733106510943  0.56693295257784482
  0.57218443784465767  0.57707145499438939  0.58181178994513238  0.58659369251223492
  0.59128158376803164  0.59654000935140794  0.60119670081367238  0.60590616146266185
  0.61046406955182242  0.61493146758586636  0.61942181935426477  0.62393199333781524
  0.62838780416128626  0.63268600707844935  0.63692649757917552  0.64133352168069746
  0.64573423044616696  0.65003791889350027  0.65443965552997097  0.65924464578049491
  0.66436493279204045  0.66990397916662792  0.67616937472020322  0.68262915878262642
  0.68906535856574480  0.69546629198899923  0.70180909616133147  0.70819501855103806
  0.71448702002568620  0.72066374145074785  0.72672079269920120  0.73294544022976105
  0.73961012849213181  0.74612551356123669  0.75256219266455160  0.75864934914523086
  0.76420872981240684  0.76978022621684328  0.77540492752528434  0.78121388396636615
  0.78706034402409208  0.79387360639781124  0.80162900744087928  0.80987598950416806
  0.81991512347108597  0.83131191451369824  0.84398101654963875  0.85748700041508052
  0.87286981674587272  0.89348533425085053  0.92696456024871488  1.00000000000000000
   7.6559543437564461E-009  -1.0000000000000000     
 T T F F F F T T F F F F F F F F F F F F F F F F T T F F F F T T T T F F F F T T F F F F F F F F F F F F F F F F T T F F F F T T
  <DiscreteSampler_grid>
  grouped_processes
  1 # 1 for a reference and 2 for a running grid.
  10 # Attribute 'min_bin_probing_points' of the grid.
  1 # Attribute 'grid_mode' of the grid. 1=='default',2=='initialization'
  0.0000000000000000 # Attribute 'small_contrib_threshold' of the grid.
  0.5000000000000000 # Attribute 'damping_power' of the grid.
 # binID   n_entries weight   weight_sqr   abs_weight
    13   10   4.016814344962897E-001   1.567114210996935E+000   4.016814344962897E-001
    14   10   4.016814344962901E-001   1.567114210996938E+000   4.016814344962901E-001
    16   10   5.277294763712109E-001   2.704418119728490E+000   5.277294763712109E-001
    17   10   5.277294763712111E-001   2.704418119728492E+000   5.277294763712111E-001
  </DiscreteSampler_grid>
