  0.00131345337381819  0.01595361515896179  0.02960072076162591  0.04312297705011385
  0.05590152813870729  0.06765260109681388  0.07897113976285006  0.09062470258077295
  0.10271094128694384  0.11496375374794088  0.12711295749170054  0.13834367628019592
  0.14814089642412781  0.15701334802548000  0.16583989313364433  0.17477185777413815
  0.18441221352642323  0.19564870474546278  0.20802717270485133  0.22104529075050056
  0.23153479788032316  0.23901611914438728  0.24669072166084371  0.25484576518102520
  0.26298720244560198  0.27022239089552513  0.27568986091762776  0.28102998081703634
  0.28773138508371815  0.29694471872877964  0.30758139459655787  0.31805699558095146
  0.32803324014566865  0.33767791739486314  0.34676808644820184  0.35635130899806422
  0.36677129460847430  0.37772780655815141  0.38993507321382703  0.40314213579652386
  0.41629890490115679  0.42894694198521160  0.44158051768732753  0.45456184603873823
  0.46653576934240443  0.47784369507934427  0.48861460163323678  0.49976345447451320
  0.51232177270638712  0.52456450631571894  0.53543127902704313  0.54633534742948120
  0.55870728542801440  0.57156096169750858  0.58347299431272892  0.59451628954298319
  0.60518829084716097  0.61591434075066176  0.62676588392462551  0.63763770194382052
  0.64905193481433898  0.66107949369638941  0.67341489674802435  0.68558220126880487
  0.69676747357394953  0.70731116755804657  0.71749595134173350  0.72727989304455243
  0.73715729307337752  0.74761956569699806  0.75822095255482669  0.76789661231146955
  0.77706958160264528  0.78673369713889618  0.79786514628677607  0.80917065773800900
  0.81987323808104595  0.83008008320117521  0.84084910721236228  0.85258219483906739
  0.86401270939713670  0.87434654034521220  0.88395404566994495  0.89360349804850425
  0.90431472605678431  0.91549496377021389  0.92556819838847348  0.93437407436420716
  0.94392315039151220  0.95357769253045677  0.96231732764781286  0.97080716757453123
  0.97950880820051001  0.98870766485550587  0.99173467265173809  1.00000000000000000
 -0.00003629685254289  0.00082652907629284  0.00307979331621527  0.00648194533649449
  0.00972194568464537  0.01480041920151030  0.02054520277279638  0.02576641679670328
  0.03104604343027151  0.03803817523409247  0.04629593385671249  0.05441966435508150
  0.06234396005162392  0.07017622174799164  0.07823267291610550  0.08631222313602996
  0.09559147280674220  0.10412581514473429  0.11381840843880396  0.12297731165953840
  0.13360559344600653  0.14443011034559394  0.15373899509118824  0.16201078090219878
  0.17046053489763402  0.17934471362372198  0.18871759379339764  0.19846780819307719
  0.20832541146300673  0.21911059678765055  0.23099908851366879  0.24339928200927460
  0.25596313950464467  0.26792149530435794  0.27971726361717142  0.29207079011179060
  0.30454480290379432  0.31651822508573868  0.32781630325095468  0.33877005003743532
  0.35002173534415854  0.36144643919860375  0.37119625050335986  0.38095175109766966
  0.39132776238815697  0.40148648327161551  0.41023451444367459  0.41801892212666586
  0.42762659992252011  0.43788906793421617  0.44750445465322375  0.45673783088806064
  0.46624570422620659  0.47592073350545733  0.48519620243971362  0.49387501720989097
  0.50221598170437565  0.51036498595735968  0.51896810360883217  0.52844689424009605
  0.53855781819673854  0.54876866320071294  0.55897206142690692  0.56969157225166656
  0.58138024684228795  0.59178834594414320  0.60204847319002774  0.61366864031668045
  0.62615712315759386  0.63885160678740838  0.65106488743216562  0.66244556917520880
  0.67345165271636720  0.68473887588077731  0.69642259962859976  0.70858409492087726
  0.72111970320455432  0.73415399862176822  0.74696712097875884  0.76043350253904207
  0.77428861078672018  0.78845607438271925  0.80320012004407382  0.81903140185705359
  0.83468626184283301  0.84993265435939291  0.86458406124267018  0.87886857191329215
  0.89314478425117450  0.90755324865458287  0.92239960287796963  0.93760474700085494
  0.95312212344825942  0.96875474668995820  0.98437362374796478  1.00000000000000000
 -0.00224348249590144  0.00887656829147311  0.01849371333772477  0.02903025603218155
  0.04096044058023600  0.05503502441870048  0.06545771576260206  0.07303690477607605
  0.07933685218691598  0.08552856513061383  0.09209412788277499  0.09948410135625352
  0.10709449565230901  0.11377181869805605  0.12022073269949551  0.12800112160034835
  0.13813657730352932  0.14890503528525356  0.16034226842670835  0.17293598189903947
  0.18661701087234406  0.20093741539001594  0.21484774266846648  0.22559931649647699
  0.23645520936605216  0.24677565863595133  0.25697751475378922  0.26715920929293668
  0.27736262088717023  0.28849703390148007  0.29935419691353610  0.30937856410096998
  0.31965493778181847  0.33073630633909734  0.34238251485467075  0.35389895762875695
  0.36475207087753125  0.37555506802695782  0.38697631144343414  0.39828366073168037
  0.40911677138974922  0.41990104614720775  0.42988928355441774  0.43974012771771431
  0.44935361951155772  0.45783992474339752  0.46571236078911327  0.47363445514627761
  0.48356797981731892  0.49482145671434757  0.50426894640861630  0.51309303382953153
  0.52168408855211601  0.53012766984569704  0.53869478607612964  0.54783098119259255
  0.55748757169043217  0.56868677233579012  0.58156266958811265  0.59522210023995836
  0.60852460946283815  0.62162587682104486  0.63303132260650874  0.64345378792861863
  0.65380473563565156  0.66235890576529810  0.67058350756140084  0.67956021048517568
  0.68977903301314403  0.70070254585906810  0.71248613071625289  0.72496340829894901
  0.73858530281233936  0.75062195949154198  0.75998042746352612  0.77020602738942412
  0.77944660369907270  0.78791870225157234  0.79638879280223973  0.80594637593020169
  0.81515114160111224  0.82446097155589537  0.83526525084207592  0.84657203111214019
  0.85877908160386662  0.87187733652725641  0.88380444732338881  0.89499300066894327
  0.90644861348098726  0.91771850688537371  0.92919841222344113  0.94132368652755316
  0.95432321328040459  0.96870866128648103  0.98430541034169627  1.00000000000000000
 -0.00258777451909209  0.00821937386982634  0.01870526807491154  0.02865126330443744
  0.03801863824366420  0.04696805445935948  0.05520415122141427  0.06324686650911959
  0.06997424504464386  0.07684514684035131  0.08368061875841365  0.09047257362580305
  0.09769435278167664  0.10552381421661844  0.11456489344849183  0.12492050628350689
  0.13488880838254572  0.14426066110417934  0.15397565168555105  0.16430917481783788
  0.17491293223757146  0.18601663697005469  0.19859561629986944  0.21183099477523357
  0.22391183366650388  0.23595168684479975  0.24846895019475565  0.26022470382690582
  0.27128121412065265  0.28244529494753090  0.29316889594445172  0.30369530169630998
  0.31462589110843375  0.32595308392513167  0.33830697983892211  0.35111499451601885
  0.36392485348799231  0.37586168399708558  0.38796479294744990  0.40021505531094737
  0.41175465317232324  0.42345722715896583  0.43519515102762113  0.44579439305638874
  0.45616289765507034  0.46801920507141243  0.47987773273603873  0.49138863861045173
  0.50378173499559598  0.51799995264069698  0.53319293567570591  0.54830945452228363
  0.56381909055619239  0.58015532481640597  0.59598810556554305  0.60955920838141309
  0.62099082848480458  0.63263172842624726  0.64439779576210088  0.65545124898102047
  0.66616840341090333  0.67813056841005126  0.69101904866031361  0.70412446933311457
  0.71660110154714562  0.72743815018453473  0.73550124468788580  0.74310052722465858
  0.75071676468361470  0.75756643709116389  0.76411802138804052  0.77074512828139530
  0.77702261832437636  0.78327626656785332  0.78968263298021946  0.79898561297324222
  0.81069786371673835  0.82220457508699019  0.83369865784273212  0.84624614314895141
  0.85929068757746974  0.87125969131737258  0.88114989409021771  0.89018632985540980
  0.89929890296245518  0.90844717052166690  0.91760760840839994  0.92684815118072217
  0.93593342168571847  0.94544674367650960  0.95460272897844911  0.96225648307423550
  0.97032727059178503  0.97948386203731541  0.98945237657128360  1.00000000000000000
 -0.00218921168686243  0.00907859218288606  0.01837802790791856  0.02751477579683648
  0.03609070674089832  0.04495024736596780  0.05348117912529676  0.06174788022597326
  0.07020214458737496  0.07935113030668282  0.08911146748899702  0.09917444053538590
  0.10921528616543347  0.11975381159483764  0.13123973122550162  0.14351642545851084
  0.15714214834475837  0.17254778111746097  0.18712153927021527  0.19607419980024882
  0.20523124244160082  0.21456633677542980  0.22352146130696726  0.23141920879221037
  0.23923850494765553  0.24654469690471059  0.25464089326261058  0.26424692642449765
  0.27402659072111857  0.28535241626404301  0.29888803574599998  0.31361488886106903
  0.32806440718432051  0.34107978306166314  0.35211613654800411  0.36321833219598471
  0.37385481604620624  0.38421868948564969  0.39412733959799073  0.40443633329042994
  0.41481477565309333  0.42248805853051208  0.42969241712736495  0.43571392529808400
  0.44107936596778208  0.44786515562025897  0.45587076726155046  0.46365844081146140
  0.47121087527935007  0.47931081551440080  0.48921468804143453  0.50029444303122339
  0.51119145969974433  0.52319981232044765  0.53684560905081813  0.55089490211114112
  0.56367941082887885  0.57457387715658204  0.58460032100668924  0.59355924246422043
  0.60301425055096958  0.61182717727698288  0.62136821047173207  0.63280570024516236
  0.64532926970727544  0.65550427248585896  0.66337540018918906  0.67162990194807881
  0.68009344348779222  0.68937939914698543  0.69879917157020688  0.70956713105964464
  0.72275441939502438  0.73682508416171755  0.75107147448381339  0.76551664566024913
  0.77915929492706459  0.79140557066627326  0.80312629689057125  0.81469228057276843
  0.82607512031458397  0.83715928369291259  0.84817309680339936  0.85934048778799033
  0.87087909405300334  0.88196622350302278  0.89223192258302220  0.90373540645840156
  0.91729029568492360  0.93055622505921609  0.94209040593393834  0.95361338420041408
  0.96495531902323173  0.97570182804910122  0.98611412378250052  1.00000000000000000
 -0.07305926731368635  0.83504620796009721  0.90998218400640940  0.94052359355761650
  0.95720682260180689  0.96268090340417545  0.96683645119367845  0.97052654774981206
  0.97362902992255285  0.97631128362882280  0.97873367180620086  0.98068978346225599
  0.98241704131033236  0.98396837426694206  0.98536858495427848  0.98661853735537219
  0.98768544699894156  0.98864667542026297  0.98953197029474871  0.99033515027040186
  0.99108155351909577  0.99178225091933492  0.99241509082408885  0.99297590626601007
  0.99347271387227754  0.99392373563717640  0.99433556153029889  0.99471343899509512
  0.99504993614677073  0.99535563370856928  0.99562631373355770  0.99587749546048709
  0.99611263744425849  0.99633276450933883  0.99654533100792830  0.99673985181008884
  0.99691658380721282  0.99708220877794007  0.99724099002807021  0.99738951623534366
  0.99752156343407350  0.99765015146325964  0.99777322043746997  0.99789576205819308
  0.99800482844241645  0.99809542300737308  0.99817543415270071  0.99825518837238225
  0.99833107835865409  0.99840268124672948  0.99847047567780467  0.99853646155077280
  0.99860134490924513  0.99866349520809683  0.99871744875725965  0.99876534317335508
  0.99881319611848240  0.99886062732971537  0.99890726586476364  0.99895285524800870
  0.99899560722529379  0.99903735453504749  0.99907740852888938  0.99911528486699652
  0.99915346507209790  0.99919011850893236  0.99922596611971815  0.99926175444963727
  0.99929384718703140  0.99932590768907759  0.99935768091507049  0.99938544259843265
  0.99941281761446643  0.99943968931162341  0.99946589468453739  0.99949134784899651
  0.99951638107068996  0.99954101269722495  0.99956535803400692  0.99958940331927693
  0.99961302797159424  0.99963542895769875  0.99965751614389520  0.99967926398623663
  0.99970007384866533  0.99972084400293793  0.99974159230773119  0.99976235411105241
  0.99978343356869759  0.99980478590398902  0.99982650480229129  0.99985112981641544
  0.99987858927361561  0.99990902899787037  0.99994915970899845  1.00000000000000000
 -0.02230234370996631  0.12972433498024138  0.18877947719410043  0.22298456395720051
  0.25126694377875169  0.27638198009532577  0.29947853933757873  0.31924286714957256
  0.33695867000069701  0.35351147415554679  0.36789021140674144  0.37924445286359953
  0.38821107842644975  0.39570675510676084  0.40278845672652019  0.40973713767388781
  0.41721491548431799  0.42524474355566144  0.43320605153864156  0.44178527749344282
  0.45093524027665899  0.46032457690110140  0.46968800402442029  0.47881929536124240
  0.48677190482302929  0.49418427486393796  0.50120366516910131  0.50791018951220901
  0.51436471373079518  0.52035418847800896  0.52651073778629964  0.53237047256152681
  0.53829298749198551  0.54446662536217494  0.55060631682661965  0.55646711207914379
  0.56212597617976123  0.56781641880964018  0.57352499328132422  0.57937812211478323
  0.58511166745292564  0.59069057248119217  0.59613496938415056  0.60141770750432699
  0.60647276216046209  0.61113973023556589  0.61594305447118791  0.62075764809290757
  0.62561525862410405  0.63069894257777326  0.63671124017266689  0.64309944557577048
  0.64871979400533020  0.65381355180201728  0.65863676954906103  0.66341446812307825
  0.66835571250521530  0.67357273695766073  0.67910034071373770  0.68472595755953702
  0.69010236118901169  0.69498316053181730  0.69945945663749309  0.70419860092985798
  0.70858326801649996  0.71253170540142374  0.71649590029492127  0.72045883041601866
  0.72446601290647583  0.72844520994975892  0.73241833304132375  0.73654043357402788
  0.74118313326800433  0.74584436754845329  0.75024068233860897  0.75464785945771817
  0.75932928617934459  0.76414992793771752  0.76913174183929900  0.77508427401491664
  0.78212867594112490  0.78956665470744591  0.79744533289171993  0.80600577339006341
  0.81414667843314781  0.82111859914418084  0.82861338185080169  0.83539305954197363
  0.84273647873611157  0.85152993454062020  0.86039811408168809  0.87018218452094620
  0.88146210384310564  0.89504407281433107  0.92422256573082961  1.00000000000000000
   4.8384098784405407E-009  -1.0000000000000000     
 T T F F F F T T F F F F F F F F F F F F F F F F T T F F F F T T T T F F F F T T F F F F F F F F F F F F F F F F T T F F F F T T
  <DiscreteSampler_grid>
  grouped_processes
  1 # 1 for a reference and 2 for a running grid.
  10 # Attribute 'min_bin_probing_points' of the grid.
  1 # Attribute 'grid_mode' of the grid. 1=='default',2=='initialization'
  0.0000000000000000 # Attribute 'small_contrib_threshold' of the grid.
  0.5000000000000000 # Attribute 'damping_power' of the grid.
 # binID   n_entries weight   weight_sqr   abs_weight
    13   10   5.661661934115252E+001   2.157239097973680E+004   5.661661934115252E+001
    14   10   5.661661934115266E+001   2.157239097973689E+004   5.661661934115266E+001
    16   10   8.598068619695006E+001   4.974842215993118E+004   8.598068619695006E+001
    17   10   8.598068619695024E+001   4.974842215993133E+004   8.598068619695024E+001
  </DiscreteSampler_grid>
