  0.00115258800825362  0.01600688994063091  0.03016635988514064  0.04500068756031796
  0.05884053387717859  0.07073087233205499  0.08152680332282189  0.09177390465393759
  0.10177895347940985  0.11229227022361794  0.12232077882893133  0.12991666633299748
  0.13705358781928259  0.14448086208327854  0.15181361634725674  0.15952947804366840
  0.16720731437832775  0.17485273479242494  0.18139946334226298  0.18914874003467805
  0.19824910007674951  0.20665446409347094  0.21718185386221392  0.22814354820713889
  0.23924707790900734  0.25184548818254804  0.26129282282749877  0.27164085254866588
  0.28278724143485073  0.29449679612848967  0.30597448554875722  0.31614029895923518
  0.32502270303997222  0.33405246210080425  0.34326817756908806  0.35220102201903641
  0.36014643730738649  0.36812230849608996  0.37730656348431130  0.38768557639328605
  0.39711157726648882  0.40610085511925831  0.41496435386520847  0.42442394837775693
  0.43541769194304303  0.44651549357089820  0.45732289509234747  0.46803399049682998
  0.47847076214524176  0.48814426326029814  0.49751842002236052  0.50816002261560278
  0.51985729952882842  0.53058156749165586  0.54081264015312602  0.55221021930388370
  0.56404107438851825  0.57477749481196594  0.58528672057193287  0.59719508503467755
  0.60844946377000608  0.61825573638245734  0.62808254799454255  0.63827089677864102
  0.64895734704579344  0.66037991397002060  0.67261375837666804  0.68548459256867234
  0.69826835385372399  0.71071363315675373  0.72291294493015290  0.73533976569380566
  0.74637016665989597  0.75643707431423879  0.76585456906069105  0.77675128739330845
  0.78825676749546170  0.79998270862999366  0.81076470728008021  0.82110598316445449
  0.83181276349718736  0.84285594943832920  0.85439922259822021  0.86670041971376499
  0.88019173777429405  0.89602652924025239  0.91254503121719033  0.92811831763451014
  0.94242391570288819  0.95473176082229394  0.96379647935751844  0.97159769398321327
  0.97955844438945194  0.98719978877849646  0.99196168611542634  1.00000000000000000
 -0.00003732306679303  0.00090117267184386  0.00357206052506227  0.00751753704474694
  0.01099253251079690  0.01478798785399028  0.01986685843554222  0.02512567707075410
  0.03038212769244641  0.03621806369317378  0.04128269258192205  0.04808089388480038
  0.05590399965846846  0.06345192921860809  0.07089430736417109  0.07865789298368607
  0.08903783137251672  0.10091578337353858  0.11014192534696837  0.11801875023183818
  0.12593704705894981  0.13361048256274660  0.14101898727180318  0.14860487551611068
  0.15772341131331144  0.16670674245106501  0.17577919205418205  0.18451765012755275
  0.19408150337754282  0.20432426549057725  0.21502357622432608  0.22612331875518882
  0.23728419925435684  0.24732479354986306  0.25440771308784565  0.26174492464970833
  0.26913726580858310  0.27661880936723876  0.28460036446822712  0.29270790025930488
  0.30086931808128309  0.30909583853575240  0.31754484590770959  0.32656214718958082
  0.33571500362583373  0.34460987414353733  0.35379677429029854  0.36407278472253157
  0.37475075872754110  0.38542441873357913  0.39611290841947050  0.40707458825839588
  0.41893258592797578  0.43202754291617379  0.44596815430319059  0.45952049952604829
  0.47348755580385171  0.48761803148323091  0.50191429549335631  0.51641352276928021
  0.53098471861520591  0.54765076466269125  0.56288592273566107  0.57616320797031029
  0.58769103160107694  0.59838002126376078  0.60918774414365717  0.62024740303672066
  0.63150213164512903  0.64269611937252458  0.65400229885437844  0.66535956780510463
  0.67679773773322172  0.68837448076577090  0.69990985046567100  0.71219984310583306
  0.72731957712729622  0.74313501708549790  0.75910347483642782  0.77348891993992719
  0.78671951901099468  0.80005669560535864  0.81352944791109316  0.82790826673955720
  0.84241223426365319  0.85689578362372743  0.87117187106491500  0.88523287623238911
  0.89953719261115261  0.91407524928743122  0.92858319156262559  0.94307127290398918
  0.95753300687658593  0.97188877005551677  0.98603997541430477  1.00000000000000000
 -0.00070215459191860  0.00419822053548701  0.01133868592965297  0.01823487306978262
  0.02454407591513505  0.03390891071476813  0.04325114272547120  0.05308585299199960
  0.06446855607777961  0.07740519550955119  0.09030080699646177  0.10244069843482519
  0.11305744141701596  0.12292078758588339  0.13316513179720055  0.14355974794214740
  0.15326982270774553  0.16153508817769269  0.17064684855229964  0.18109558761179939
  0.19252013358066403  0.20458864913411143  0.21729074919386107  0.23103345944910580
  0.24396169660643885  0.25589329225467528  0.26740657713255611  0.27933391750838482
  0.29158031485350228  0.30331926129203912  0.31447635243813160  0.32539588605154213
  0.33566865631818937  0.34489094215671057  0.35364046687781242  0.36211867827724448
  0.37078529135253169  0.37975473858673547  0.38838938979269755  0.39758252348185208
  0.40806365299989039  0.41954759655037455  0.43016262353136514  0.44045978184507750
  0.45162228779635349  0.46258356728528605  0.47306423731727215  0.48388062057915482
  0.49463279314013192  0.50444322258591867  0.51366793353720497  0.52370574687910509
  0.53481684058067347  0.54644517893090183  0.55736532579911757  0.56646609969331130
  0.57626405513361889  0.58531502032334670  0.59608902509634210  0.60802886162470360
  0.62160910316676554  0.63558467263651119  0.64863039074249784  0.66046027663203311
  0.67153277290072033  0.68250427113025280  0.69400947365894738  0.70569398263079686
  0.71716346786894936  0.72854698246844707  0.74013937200656799  0.75199083498475672
  0.76347324590449339  0.77676150183146431  0.79111023130902847  0.80473457684169258
  0.81803863351241535  0.83118135890519318  0.84442161732974697  0.85587703985279073
  0.86244431456766901  0.86862542884544880  0.87504991885760652  0.88226564324075163
  0.88969354838885195  0.89809776878076875  0.90621857945037809  0.91359696425686721
  0.92302481864985186  0.93443759185723629  0.94606212597530193  0.95726961542889155
  0.96818734422791197  0.97882395309564241  0.98925863435232253  1.00000000000000000
 -0.00154240830227578  0.00657509094296531  0.01510742767708763  0.02338731701027943
  0.03138550535574957  0.03986970547383083  0.05036154565090906  0.06236301044986851
  0.07354529817095776  0.08398616966269870  0.09449579789806151  0.10403100611034774
  0.11242764771153892  0.12098747766849111  0.12984287329832467  0.13913658003657545
  0.14872091149274527  0.15790759540271429  0.16731707654156375  0.17817974661143110
  0.18795253966282541  0.19576533944275681  0.20370364675786251  0.21222632602452118
  0.22009278680627997  0.22759712280088548  0.23577978326962251  0.24360814091119010
  0.25144590059751282  0.26240348729373542  0.27346070903338010  0.28424982115133035
  0.29597716426186127  0.31176607520805011  0.32987588607901430  0.34569836565330453
  0.35867175154528297  0.37042917009444981  0.38151759636475341  0.39536146326670890
  0.41007678564636302  0.42407829379896106  0.43701262277766401  0.44980367702533408
  0.46397154985869188  0.47609187119562996  0.48796554664317060  0.50045900476772909
  0.51401185646390624  0.52745134949387940  0.54069267834671508  0.55592525278782867
  0.57141014367723075  0.58580227586432099  0.59881312997315461  0.61168926393174849
  0.62474759665204282  0.63758077687500458  0.65039484668790859  0.66304393182988197
  0.67612173788512631  0.69021068335665980  0.70382936828407905  0.71802966431357373
  0.73098240933408887  0.74216476230086303  0.75315297488147681  0.76446811425268524
  0.77575381064114635  0.78532920368573556  0.79574245649323760  0.80667753695481947
  0.81712845691869840  0.82720028984967742  0.83756877833401544  0.84804567977530232
  0.85837548126519303  0.86861399254803651  0.87798194004021890  0.88558092204919792
  0.89238808031067018  0.89926698136610594  0.90614994713511410  0.91270449616201577
  0.91884650333555362  0.92509404696702136  0.93148632633240680  0.93789944636033840
  0.94383252117088279  0.94854591093384377  0.95415975362338856  0.96153147506393966
  0.97023845141798093  0.97903915203523362  0.98914097467772288  1.00000000000000000
 -0.00264566248705926  0.01022617544601266  0.02080165863762436  0.03159247755157228
  0.04251821035511269  0.05344063135163337  0.06549813164797781  0.07806937402083527
  0.09115692572044448  0.10251523598180087  0.11023811399251440  0.11666491337734824
  0.12385916584336412  0.13185944330979435  0.13866190237793130  0.14550385137628438
  0.15310568511789965  0.16051227356671913  0.16820663438533295  0.17987966805058525
  0.19254424852201965  0.20507001072067996  0.21754295093955847  0.23020716390758475
  0.24319684112755932  0.25644207852792239  0.26963669518544181  0.28217644223104599
  0.29296285704025776  0.30181866727613482  0.31086283113605717  0.31984583816029505
  0.32859502368268978  0.33792009196095896  0.34702529484204125  0.35637955084449285
  0.36570543755431134  0.37415893741836526  0.38242253743652443  0.39100719987150118
  0.39987841775143856  0.40842142143596349  0.41628748950324573  0.42467724671247387
  0.43531876748771364  0.44743151552593174  0.45900315295603528  0.46891922490347460
  0.47762128343258548  0.48684283668761164  0.49653164667210670  0.50680017972774150
  0.51758307743929310  0.52896727778393060  0.54180810282543324  0.55659578252691133
  0.56645000392693678  0.57619922348311303  0.58565967609696490  0.59503028085666543
  0.60510345067164495  0.61619998550103783  0.62690795500934693  0.63788373135276610
  0.64844160402133466  0.65877680688118045  0.66986304990379542  0.68123604426650086
  0.69177521993584257  0.70211489993842724  0.71402957504981013  0.72631450705682676
  0.73869330661860033  0.75021943450358408  0.76065212994342413  0.77082127358188213
  0.78062025323577822  0.79008244233198321  0.79972464343568783  0.80945559910596665
  0.82212415045411324  0.83745713538419775  0.85148507731889778  0.86440405263290265
  0.87640852176264061  0.88741422664603786  0.89815701588336461  0.90949733264253318
  0.92065040080744986  0.93156775596499863  0.94256425434542201  0.95389580963854104
  0.96457220135082422  0.97549522566729874  0.98701337184509907  1.00000000000000000
 -0.04476816851872421  0.83582934310635704  0.91491604233773427  0.94432530326172148
  0.95857986502843262  0.96383766043787822  0.96813714104728743  0.97181942185491399
  0.97507406532373875  0.97787144474453724  0.98011808500145059  0.98192825455737331
  0.98354640974108043  0.98498067006122914  0.98631281435438833  0.98752702043396789
  0.98862435294278561  0.98961156457882204  0.99045805078879035  0.99119748578096056
  0.99184716884766255  0.99243735738617977  0.99296812212833541  0.99345939205456002
  0.99391385363308737  0.99434404423901146  0.99474826704382613  0.99511309626871347
  0.99543472588168724  0.99572280671070756  0.99598762166614763  0.99623226169898083
  0.99646154253448949  0.99666134870462331  0.99684995122555675  0.99702840887081756
  0.99719044569531479  0.99733463964282532  0.99746723549503413  0.99759580143903070
  0.99772020964034980  0.99783709322526626  0.99793986573110260  0.99803315143640559
  0.99812314624476550  0.99820969988181996  0.99829329357770691  0.99837467509146305
  0.99845217473345627  0.99852332837034741  0.99858706642446948  0.99864330753218733
  0.99869403440058802  0.99874359583222949  0.99879322010262594  0.99884096327787286
  0.99888713730375212  0.99893176505515391  0.99897516609345505  0.99901777910850731
  0.99905684168914743  0.99909514809104150  0.99913242075298436  0.99916866010957051
  0.99920399228803891  0.99923823811449441  0.99927151145667914  0.99930339799024526
  0.99933098974448253  0.99935864693490850  0.99938571357641059  0.99941195920172510
  0.99943798242023330  0.99946299162543151  0.99948740207271902  0.99951135997002827
  0.99953469895682290  0.99955794575644130  0.99958122856692044  0.99960401476686056
  0.99962649391290170  0.99964862038527513  0.99967049098872063  0.99969168744468606
  0.99971198007141326  0.99973194478369898  0.99975200362042738  0.99977225663879377
  0.99979316285319020  0.99981422672534404  0.99983539201234717  0.99985959807289182
  0.99988533613055552  0.99991303528312403  0.99995185680733945  1.00000000000000000
 -0.02759549534216305  0.13962154120704984  0.19776892649195763  0.23966237643842767
  0.27214413338373517  0.29586396653426839  0.31350487518875109  0.32775369349038053
  0.34020995474430915  0.35152122766630645  0.36300886746467581  0.37490912442839386
  0.38735912239731418  0.40028957539053123  0.41286247014004940  0.42330687002726242
  0.43128123131590340  0.43853660340926287  0.44507237634964558  0.45038745082337817
  0.45514780487133794  0.45987588107904243  0.46436350880582533  0.46870939267241879
  0.47381164976820850  0.47901880276792586  0.48410796662969369  0.48951414545133137
  0.49483961648657621  0.49976340436078692  0.50445835787416071  0.50911743348245453
  0.51383190365649978  0.51915667128013154  0.52400101652216713  0.52908030585079868
  0.53314138599987626  0.53732296380296674  0.54149328487958448  0.54722899215401555
  0.55451137632482173  0.56139267590268982  0.56811698534391253  0.57478936567091987
  0.58155628422657091  0.58802426920144113  0.59383815804779494  0.59913066524336378
  0.60428298904866540  0.60967584736216107  0.61498333965166829  0.62010084585496039
  0.62530343628855500  0.63042574090578352  0.63549253639067238  0.64065672205745017
  0.64590348188298985  0.65114445171347679  0.65694682842005525  0.66351744500822740
  0.67010687109796385  0.67681149955024655  0.68363829066985859  0.69017694138097307
  0.69537596002947655  0.70080567697101204  0.70641893209937257  0.71193251611476438
  0.71714938845893483  0.72212954808189189  0.72711138140362108  0.73213470314551321
  0.73716951691565302  0.74290368587771882  0.74852599864158087  0.75407914225873640
  0.75950481086410271  0.76472747205980152  0.77016372544189038  0.77598872574356825
  0.78206559644523355  0.78852414783414349  0.79484725131535894  0.80115135616830990
  0.80754457858882056  0.81381100298678200  0.82041494720276653  0.82788399100061350
  0.83650452485962568  0.84626599740685227  0.85728014423124455  0.86968987539856224
  0.88321889525937503  0.89921433678634188  0.92764628047538411  1.00000000000000000
   9.1086047759183293E-009  -1.0000000000000000     
 T T F F F F T T F F F F F F F F F F F F F F F F T T F F F F T T T T F F F F T T F F F F F F F F F F F F F F F F T T F F F F T T
  <DiscreteSampler_grid>
  grouped_processes
  1 # 1 for a reference and 2 for a running grid.
  10 # Attribute 'min_bin_probing_points' of the grid.
  1 # Attribute 'grid_mode' of the grid. 1=='default',2=='initialization'
  0.0000000000000000 # Attribute 'small_contrib_threshold' of the grid.
  0.5000000000000000 # Attribute 'damping_power' of the grid.
 # binID   n_entries weight   weight_sqr   abs_weight
    13   10   1.410440520799324E+000   1.506436565119847E+001   1.410440520799324E+000
    14   10   1.410440520799321E+000   1.506436565119841E+001   1.410440520799321E+000
    16   10   2.178564582379539E-001   3.597842594804451E-001   2.178564582379539E-001
    17   10   2.178564582379535E-001   3.597842594804436E-001   2.178564582379535E-001
  </DiscreteSampler_grid>
