  0.00055522967067513  0.01715379855320667  0.03075544892659571  0.04226416985840025
  0.05322560928285144  0.06418648222354303  0.07539556136540775  0.08707781549489535
  0.09841732645271729  0.10800142563735537  0.11582543809338143  0.12422674406187507
  0.13375519388368598  0.14219330852774095  0.14999212456361166  0.15806891058987899
  0.16801691583107634  0.18155820126713837  0.19292443284426530  0.20300473056222140
  0.21228594925040684  0.22251886406107108  0.23325523274923257  0.24335159012260560
  0.25311907798650546  0.26318621617180232  0.27377022492535946  0.28516329754888553
  0.29666671793760152  0.30814223305530053  0.31970116279420796  0.33000052805053171
  0.34113183345270071  0.35100906862931186  0.36149929975033518  0.37183027928475826
  0.38151841470283171  0.39146995356868691  0.40190072983195724  0.41359950226774761
  0.42470069704716362  0.43467742090915118  0.44505341702644058  0.45569798463872346
  0.46676950827418684  0.47845535342777973  0.49040036756277194  0.50171722129695595
  0.51206636469883904  0.52145077294316433  0.53001704728272969  0.53914195138472099
  0.54904165176224129  0.55929984128411880  0.56879313320821279  0.57792483307674758
  0.58648575795011715  0.59609320792618603  0.60447853954130093  0.61327739577187279
  0.62273588796732982  0.63211148965658515  0.64185529446288347  0.65263928358405199
  0.66517133067815348  0.67957262466722301  0.69428712090853928  0.70781827063740799
  0.72019324644634730  0.73163927052300470  0.74220535154847889  0.75255958895433961
  0.76276329970929824  0.77310480343294441  0.78393204206643319  0.79515809760726452
  0.80676207899152863  0.81824194874042855  0.82955029883005671  0.84224200464977295
  0.85422396152059565  0.86348613017267106  0.87114654121295632  0.87826588976243247
  0.88616079086403454  0.89516392843494796  0.90369410811131867  0.91187806096011548
  0.92050303100934117  0.93147440728158315  0.94282728058929199  0.95427211933918210
  0.96512778729333482  0.97541427166180905  0.98641911212664057  1.00000000000000000
 -0.00003791822294721  0.00087791008294414  0.00293916114567339  0.00610307025651516
  0.00937669358363129  0.01377880787436262  0.01863637150693017  0.02361667209286886
  0.02948310063326234  0.03655179402796472  0.04262661817783013  0.04844685860121216
  0.05442593487912628  0.06108625741179786  0.06818823567149505  0.07606730690413945
  0.08405637780237796  0.09167686711687802  0.09937908739177936  0.10867938382935012
  0.11769908902433684  0.12613589559987631  0.13459041368971006  0.14290819598508278
  0.15113266492228086  0.15918989380129955  0.16697222197184783  0.17446911158525821
  0.18219224129724956  0.19033005600493264  0.19898891276275363  0.20808245931085534
  0.21691402475428564  0.22555533595382457  0.23400840131800035  0.24243015931486855
  0.25159231197481002  0.26255893801360480  0.27460142446278624  0.28589273294877049
  0.29707907003474876  0.30847301696291773  0.32049328134600402  0.33183648724561343
  0.34309788401303798  0.35468095994811483  0.36656722878000264  0.37840546640467121
  0.38990536520823166  0.40113147222276935  0.41257201308216351  0.42552755975389567
  0.43834432167711268  0.45067946453832192  0.46247408048394401  0.47555077185397698
  0.48972350645113427  0.50352461294764672  0.51677023460634042  0.52902592457165276
  0.54172514291209439  0.55454281659729432  0.56741260095336521  0.58049118994133719
  0.59366774382785081  0.60607074236012748  0.61802363946500483  0.62983459071959025
  0.64242113779295940  0.65543978738763864  0.66858326911184329  0.68181896707500578
  0.69529359700631732  0.70900581694211373  0.72390779569203889  0.73839083657080118
  0.75225977917333187  0.76573268807497186  0.77890966558366659  0.79130936986920553
  0.80350880884358167  0.81564345857765297  0.82722365562230060  0.83902613173740648
  0.85122828699508835  0.86380027212231347  0.87617606996364528  0.88843899129667048
  0.90229643025239592  0.91622069791560712  0.93038913078547003  0.94460209697083164
  0.95865620213091707  0.97249606152147439  0.98624378980653360  1.00000000000000000
 -0.00255319794901039  0.00881973766126461  0.02064354559601216  0.03318189218315623
  0.04743545726039151  0.06271838364397238  0.07715651622865950  0.08890123830848480
  0.09849511610689113  0.10869474939951214  0.12046346623451434  0.13170495106360608
  0.14109404626308134  0.14911101872121210  0.15727188507635620  0.16564332433286949
  0.17488955198522466  0.18428408460449913  0.19311242628147093  0.20163034212113073
  0.21037479793605324  0.22125649883194554  0.23501285331822550  0.24892111289234473
  0.26192618078610863  0.27412567656545467  0.28490373304460714  0.29415370491894682
  0.30255170325227543  0.31093700010704667  0.32103418254208771  0.33216522633674328
  0.34317133171593700  0.35609170831269815  0.37039348178615250  0.38492241370666547
  0.39924822209310046  0.41323971932528875  0.42591613986349042  0.43812192978171588
  0.44704234196020254  0.45635080862531202  0.46594138723632766  0.47621139282481534
  0.48740275177044817  0.49787307346872289  0.50879036745133854  0.52012208999307441
  0.53222392763859472  0.54448139043934252  0.55658721871474193  0.56915461930766786
  0.58221544402102887  0.59026322276728627  0.59833446538111090  0.60639465870959230
  0.61600349207672667  0.62527638360388238  0.63385732990314403  0.64190561009829850
  0.65082481039991247  0.66078637800550166  0.67071559578132123  0.67982505786131664
  0.68885713171578999  0.69772734492481092  0.70653997292367066  0.71544316613967829
  0.72315680936738136  0.73240560212670280  0.74365940066394776  0.75410538379786629
  0.76352170329085112  0.77239962300068898  0.78115526032870397  0.78973842973674191
  0.79878344840438120  0.80786199477004705  0.81799561147337096  0.82976501911403511
  0.84145232611763499  0.85341129491285261  0.86546582856289322  0.87718953724800164
  0.88636468580125305  0.89586016399921375  0.90590800580736319  0.91635411984748494
  0.92673079460288232  0.93764400573206730  0.94928066391158783  0.96011019708584144
  0.96968432384678249  0.97942745720755231  0.98905665974957513  1.00000000000000000
 -0.00133092377618784  0.00809090346795402  0.01535780474154004  0.02245453138718434
  0.03021701053463993  0.03863610393457898  0.04804850260465163  0.05877653424190222
  0.07074862739914339  0.08357027169074710  0.09674146442948695  0.10947900744634916
  0.12112564952981240  0.13224497174630137  0.14322792718819297  0.15423920531212673
  0.16540492668509113  0.17667171471675214  0.18796371004519885  0.19912301664536713
  0.21009255823477196  0.22101843164603452  0.23279181832608750  0.24546158405900356
  0.25810600432078057  0.27075327751418299  0.28408240276179714  0.29791314103711164
  0.31085154840458601  0.32156618945667043  0.33104225521784197  0.34017266197044166
  0.34921579820992610  0.35838621682524835  0.36763462882242837  0.37733198685219110
  0.38792925447194659  0.39862670017115043  0.40962374913293675  0.42087915316340663
  0.43210664281747418  0.44249030707991599  0.45246190617030158  0.46209579938633577
  0.47366579870797410  0.48670642052534274  0.49989076256338733  0.51311747460786883
  0.52652237203381080  0.53961492460798643  0.55245148343281170  0.56531207429472285
  0.57781761245957508  0.59024678081505422  0.60376791764815785  0.61840455465169430
  0.63162613481513807  0.64364911571865879  0.65581169730328437  0.66817100753300507
  0.68065044339155190  0.69362430367305283  0.70688586287839983  0.71995791667095677
  0.73229833089623408  0.74333962116084629  0.75386383795782341  0.76414647882278786
  0.77388218558437560  0.78263217831859133  0.79136623164710018  0.80121918813704329
  0.81084318648084264  0.81879094415589337  0.82603064440481722  0.83360539482260343
  0.84169182188374148  0.85050338623453003  0.85979307564257212  0.86853840724129805
  0.87654763566112570  0.88492586271369555  0.89382909429518720  0.90121979247248230
  0.91034056117494000  0.91844587148203283  0.92587703071347827  0.93355251647144677
  0.94094615935832970  0.94858837007632102  0.95690063251623236  0.96550726925562491
  0.97401227893421993  0.98208325000457941  0.99088385687319136  1.00000000000000000
 -0.00357455194177570  0.01093822691812900  0.02500150780136681  0.03895258972598623
  0.05286623311251325  0.06543638109410543  0.07557510905273988  0.08526546599404519
  0.09541301310956696  0.10580216297615137  0.11680320466532512  0.12869657534633633
  0.14138620202567148  0.15266849855690828  0.16376221861655879  0.17406262541969120
  0.18489193405253801  0.19623102575983226  0.20501711099505726  0.21396157157135082
  0.22253803487524529  0.23168891019927781  0.24160933299895562  0.25240643925918493
  0.26328901891666245  0.27354753004182952  0.28328250765461843  0.29329987770950605
  0.30342959903331795  0.31332919705213391  0.32283790684809432  0.33230845667877407
  0.34266592267027862  0.35327532573775738  0.36327089851728256  0.37371032783370683
  0.38539332993445141  0.39638998484067306  0.40629074749347505  0.41568177535070644
  0.42536652800788372  0.43518100498560047  0.44469319385649170  0.45481285356116907
  0.46850422647053624  0.48024989697455489  0.48929731744515026  0.49831518050620094
  0.50698133347429375  0.51539889602144917  0.52372533655406550  0.53187886087836178
  0.53974169120651483  0.54797966361163120  0.55661355277822055  0.56637657164956245
  0.57802450609369960  0.58973993711995742  0.59993066351709134  0.60927262043858310
  0.61886218438737417  0.62898904292261959  0.63858357671556965  0.64867614309070409
  0.65997715331137352  0.67148675546018932  0.68273735598348673  0.69339770823560909
  0.70330233565135580  0.71293188486841130  0.72307699280758764  0.73431053946144609
  0.74610400359721685  0.75735010929388391  0.76806261983417656  0.77886420152577407
  0.78975887645547871  0.80164687151456515  0.81661252349963676  0.83163029163600888
  0.84472521210487173  0.85689784143838665  0.86888060226591801  0.87909100992642430
  0.88823687896658032  0.89757531439482674  0.90692363820412469  0.91573583614677734
  0.92560000018959787  0.93679613359473435  0.94895853593218782  0.95971605899143309
  0.96952403006090737  0.97917918133154169  0.98918485378286769  1.00000000000000000
 -0.08879679677780195  0.83071260591752549  0.90832222123181350  0.93889516466567635
  0.95576996819595783  0.96232141392857806  0.96657604694177801  0.97021703422273819
  0.97336089832465256  0.97618683142026530  0.97876650085207439  0.98075726166890864
  0.98251124001042212  0.98404044729833184  0.98544111398177725  0.98668401706046605
  0.98781145877675602  0.98879414431813006  0.98966117810039311  0.99045993292061296
  0.99118796064112413  0.99183366704208320  0.99242287500431914  0.99294494385234244
  0.99343342584482641  0.99387751316462281  0.99428162613177740  0.99465041073189453
  0.99499688881858028  0.99531307115605760  0.99560514420504898  0.99588039358037406
  0.99611941832478001  0.99634338361015840  0.99654900762839227  0.99673882930530322
  0.99691296673794128  0.99708077035979348  0.99722930922084141  0.99736924788331638
  0.99750002298694351  0.99762549807806211  0.99774573144804701  0.99786009198182990
  0.99796662565452499  0.99806061561476112  0.99814969295214495  0.99823330160959589
  0.99831389920606983  0.99839268346254340  0.99847031137997255  0.99854673508587888
  0.99861526367743891  0.99866927046399323  0.99872079935282310  0.99877204410525089
  0.99882166294619923  0.99886825632131970  0.99891348536241353  0.99895763548507432
  0.99900036035524931  0.99904132755604680  0.99908074327220731  0.99911923737857622
  0.99915704531473515  0.99919433103546884  0.99922940487364054  0.99926378639792957
  0.99929723828945316  0.99932800491663432  0.99935712937344723  0.99938532734704710
  0.99941285157541782  0.99943916408536426  0.99946507596781353  0.99949066083479565
  0.99951465547460905  0.99953849258687033  0.99956215480351207  0.99958502710188168
  0.99960770916186159  0.99963022005729674  0.99965230159276242  0.99967400174584486
  0.99969529996722561  0.99971654142233501  0.99973778143860903  0.99975902388045546
  0.99978060166365501  0.99980236277627632  0.99982442271458605  0.99985010418822007
  0.99987781705229262  0.99990739581771371  0.99994958487998464  1.00000000000000000
 -0.02318126190966557  0.13350668264842674  0.19506960937856802  0.23435821986879918
  0.26561926745678349  0.29028653715568786  0.31052500132984662  0.32757550603515484
  0.34286742610692350  0.35679674419264762  0.36988706898625545  0.38327386944760494
  0.39707444438621742  0.41061491795337635  0.42277728985971169  0.43285788012822557
  0.44066327231287439  0.44630570368474404  0.45152413778500933  0.45688158049678568
  0.46217365036679559  0.46790095683246496  0.47436548938489831  0.48040275365918617
  0.48573424901565887  0.49101746096974985  0.49651925258437202  0.50211606034469147
  0.50766497731273519  0.51298325844079184  0.51807844714464590  0.52343482041571476
  0.52931257026711498  0.53537784391053655  0.54142143378387375  0.54755988754479945
  0.55353214594414479  0.55929142927722253  0.56505454998913529  0.57091498324004120
  0.57658634247707052  0.58209267838056378  0.58742045450098335  0.59268591424574291
  0.59824981842156422  0.60387590202272812  0.60917174083844550  0.61398111718154524
  0.61917068259074393  0.62417152317233360  0.62953228491804447  0.63482003896696737
  0.63986452527713344  0.64475870310829264  0.64949288685712214  0.65395849479214807
  0.65822431806828441  0.66232562395317396  0.66648169878685348  0.67111161263319352
  0.67596530988585246  0.68113290999416254  0.68660916298160324  0.69203439159137936
  0.69731176854152688  0.70251773056270939  0.70823334951546324  0.71384170718033735
  0.71920821657182155  0.72442617497060124  0.72949849128845912  0.73435376779123052
  0.73939578133460360  0.74489985259339619  0.75011571579209313  0.75546451266289061
  0.76101346102774736  0.76629360569262117  0.77129879353696829  0.77630107251684721
  0.78127408209546367  0.78621626631424280  0.79171726106165774  0.79938765710373283
  0.80842710747589730  0.81764812247740781  0.82698858919694074  0.83659965783227153
  0.84630041189042104  0.85577233716132395  0.86519165499989126  0.87521165169682891
  0.88714053899988088  0.90160503945188042  0.92319439557488558  1.00000000000000000
   8.3062492735389417E-008  -1.0000000000000000     
 T T F F F F T T F F F F F F F F F F F F F F F F T T F F F F T T T T F F F F T T F F F F F F F F F F F F F F F F T T F F F F T T
  <DiscreteSampler_grid>
  grouped_processes
  1 # 1 for a reference and 2 for a running grid.
  10 # Attribute 'min_bin_probing_points' of the grid.
  1 # Attribute 'grid_mode' of the grid. 1=='default',2=='initialization'
  0.0000000000000000 # Attribute 'small_contrib_threshold' of the grid.
  0.5000000000000000 # Attribute 'damping_power' of the grid.
 # binID   n_entries weight   weight_sqr   abs_weight
    13   10   4.256037654031779E+003   1.670568084575621E+008   4.256037654031779E+003
    14   10   4.256037654031807E+003   1.670568084575645E+008   4.256037654031807E+003
    16   10   3.421305587977010E+003   1.079497395481646E+008   3.421305587977010E+003
    17   10   3.421305587977035E+003   1.079497395481662E+008   3.421305587977035E+003
  </DiscreteSampler_grid>
