  0.00240263310710520  0.01277494797614915  0.02456323666783816  0.03624706192429911
  0.04836184550671625  0.06105616868726738  0.07416955053033818  0.08752955766958442
  0.10030113281294574  0.11029004758755671  0.11846193341480235  0.12814670214773857
  0.13751761635922033  0.14599495132134427  0.15346991813200841  0.16208788363619012
  0.17050029329212626  0.18029775930354078  0.19043046139515354  0.20092882968838124
  0.21089931042000887  0.22091226448933193  0.22998262075452774  0.23775976716459421
  0.24579722158677822  0.25378729419524221  0.26180437747712926  0.26913414633780602
  0.27624269479871982  0.28361481464362637  0.29218689132488818  0.30152548867098139
  0.31152249364168433  0.32116203592185938  0.33024762249588924  0.33885587003751227
  0.34813479782165052  0.35956837772614375  0.37320818172093823  0.38725683855445209
  0.40065173332325826  0.41339095069223547  0.42438769986143127  0.43592118001937252
  0.44753544027142139  0.45928099664040695  0.47204932308373654  0.48501770256690524
  0.49780795402184563  0.51019826028370363  0.52196747008901989  0.53394664845537954
  0.54670882729608594  0.55818570377302590  0.56937624251427321  0.58087273986895482
  0.59298278408431671  0.60604057741986117  0.61905387059246442  0.63081340838393785
  0.64252437250730854  0.65368960663767350  0.66427809217928346  0.67517290627056659
  0.68630027706542618  0.69734863948905790  0.70810751293689755  0.71866135361508476
  0.72893531295158498  0.73846202015257401  0.74870032689128152  0.75913652593930914
  0.76835057190819589  0.77656335286551903  0.78479518752793853  0.79330480092843614
  0.80181302475179983  0.81052016468673005  0.82009202662392078  0.82993683243785099
  0.84057728576422630  0.85300071634032038  0.86692392495473536  0.87749371924047781
  0.88567012652082044  0.89412877093046994  0.90320917890976571  0.91315996058886872
  0.92258645948123241  0.93145032056265764  0.94092810830504259  0.95212095010707720
  0.96392513587693340  0.97513343077542614  0.98678166983787152  1.00000000000000000
 -0.00003938176795235  0.00099120299216088  0.00342900864874297  0.00724188894486286
  0.01113683493361456  0.01599660513274051  0.02312192241140237  0.03019567069558426
  0.03727973876442488  0.04385350981769862  0.05100552322603918  0.05876679911683528
  0.06749505005221021  0.07623962657889942  0.08378653435853421  0.09117016408066426
  0.09950043170131213  0.10826040702821622  0.11786021710143867  0.12884774685166706
  0.14055432066559861  0.15112091070002498  0.16039535733391430  0.16937811334195560
  0.17778851093814577  0.18607766546492774  0.19387992157873557  0.20163524924468909
  0.20978842308661030  0.21727872431651313  0.22444666133419058  0.23182722864292959
  0.23987388212339328  0.24816294686710691  0.25665613230409695  0.26520657969289019
  0.27365556651192119  0.28286314783676292  0.29289739894187306  0.30366909989680768
  0.31524728392251689  0.32731073461442256  0.33957616805735863  0.35188978667832149
  0.36420470947656558  0.38010632104226960  0.39507115709134305  0.40874889819605476
  0.42001409100232096  0.42989503393621931  0.43982114191127919  0.44918454901776306
  0.45838291065332015  0.46758524907511290  0.47661749677228865  0.48566500349415659
  0.49489513301288685  0.50453178653636033  0.51473551747444191  0.52504034863432114
  0.53515351298628078  0.54510092714034375  0.55485698908632020  0.56506883328732072
  0.57533299017796224  0.58572498233212600  0.59625330572148871  0.60754431519402130
  0.61911259299366539  0.63119383539934526  0.64379219586992598  0.65608382863611259
  0.66859306957944720  0.68122866642430790  0.69383521847488749  0.70689032088718784
  0.72005284379203049  0.73319178302329913  0.74622396488787168  0.75865719288996358
  0.77188749876800644  0.78661330857036216  0.80241964129912602  0.81783943111812740
  0.83177792404067208  0.84586229976079330  0.86021229257661835  0.87466658873300784
  0.88921279737914938  0.90355380457894929  0.91911624079980858  0.93560428099412296
  0.95203401489054973  0.96822708281492820  0.98424336423973946  1.00000000000000000
 -0.00218324383994480  0.00864103560350614  0.01898257670085451  0.02866326432866430
  0.03772963977946203  0.04712403654591816  0.05760821727406108  0.07015156500407496
  0.08399554252635136  0.09766609384003341  0.11100651743143879  0.12484922728599611
  0.13744854483721539  0.14857410183630521  0.16005349975514496  0.17211648403784394
  0.18485190053138237  0.19830457653743042  0.21087550977060290  0.22100185412117376
  0.22904751220539127  0.23595839643162939  0.24318095711797313  0.25180434195810991
  0.26064024222508964  0.26951992810397041  0.27819623170162283  0.28726239324948794
  0.29813035754092865  0.31048901748247548  0.32272629950988535  0.33432001618040519
  0.34546418472567753  0.35595439604817575  0.36576104026133982  0.37519122691658324
  0.38450618300012951  0.39435408388815224  0.40546986767352250  0.41798589534580433
  0.43118760585505966  0.44438157270476780  0.45577224223862794  0.46329532940005191
  0.46936644588504978  0.47577670486508183  0.48368527207488460  0.49243026233776932
  0.50078298952876399  0.50945369525202544  0.51820609678498908  0.52904230476796643
  0.54267716428793300  0.55523296953731338  0.56777346305628196  0.58177084823704506
  0.59704012259002959  0.60962053744970657  0.62095618156813037  0.63179668804876432
  0.64218348825028604  0.65286926007789381  0.66338691454909160  0.67324214890947964
  0.68221544841708981  0.69083661141885389  0.69931978279874163  0.70772636487989282
  0.71597082901703313  0.72487125651781736  0.73380873335818719  0.74329893068619601
  0.75352064090497428  0.76312274202559927  0.77369237957393955  0.78563272196937128
  0.79707987964710303  0.80885455579913812  0.82214087172514672  0.83486054580471403
  0.84378865060011921  0.85218827528241992  0.86076670734080118  0.86943381205459391
  0.87751867193872790  0.88533743347618565  0.89373362432596026  0.90310552411673073
  0.91364949659893990  0.92605427268516749  0.93890663002886166  0.95165201066917804
  0.96413604434711653  0.97631221869926677  0.98822008176734200  1.00000000000000000
 -0.00041395447876285  0.00456689605248710  0.00988256791020038  0.01551125475297441
  0.02068110378505688  0.02591034858298604  0.03206251627708353  0.03790774893065647
  0.04541363643991137  0.05573520401243858  0.06664238352561710  0.07582187709752305
  0.08394881119122093  0.09210162085351298  0.10029816355168558  0.10864337044724591
  0.11798114692266663  0.12737199953559358  0.13750189744395810  0.14873624021837908
  0.15911225128032874  0.16864877908933443  0.17765463646099944  0.18735015898853369
  0.19854151094092629  0.21039559300038424  0.22246848210236042  0.23471454910218381
  0.24643014556580362  0.25660357017821495  0.26613144256049859  0.27641549699234924
  0.28639864231234163  0.29568970864528882  0.30428233473551819  0.31643041051749604
  0.33265559743964102  0.34868877986716174  0.36391689060787530  0.37890845852939592
  0.39367609608639764  0.40942108323411319  0.42529004058755443  0.44054224187400753
  0.45664580819066652  0.47389120574818783  0.49098088799709827  0.50659542785060885
  0.51981229310782773  0.53239678813775082  0.54481474949881026  0.55822780841126074
  0.57179239334266130  0.58621782191575988  0.59710693476107979  0.60848955719859488
  0.61877305208647970  0.62956532937293064  0.64151781633872029  0.65476182572139607
  0.66883532595373851  0.68279045986151710  0.69643699032854789  0.71001353604512518
  0.72339863021028294  0.73653835776428500  0.74896601142208752  0.75981572538674080
  0.76957148354579386  0.77797181372984203  0.78548854942222712  0.79316936114845749
  0.80188513625045710  0.81018656458647154  0.82206700894320039  0.83561019116125690
  0.84713082905407422  0.85734824440814250  0.86630038839877899  0.87602657681352880
  0.88661913712627816  0.89592482817603791  0.90334356114460890  0.91027914228402462
  0.91722147523683151  0.92410582522839679  0.93087560602624086  0.93753883551847728
  0.94415951037796053  0.95059416383311035  0.95657122039855613  0.96263237121730882
  0.96909375592884917  0.97609075609755880  0.98548902434372765  1.00000000000000000
 -0.00116792138032921  0.00570912372213165  0.01354087123303299  0.02099226661076507
  0.02892487982745116  0.03860179791511219  0.04980315916879613  0.06151966681371109
  0.07332973328535475  0.08515629157269794  0.09746526028428606  0.11138161771832104
  0.12530243941177005  0.13651522903996519  0.14775952562113109  0.15848827491160786
  0.16950597808051027  0.18258501339616562  0.19279501335479191  0.20191567385682238
  0.21064120062335404  0.21879453426537832  0.22666172075271995  0.23477404754120967
  0.24266626975306582  0.25051873146471254  0.26054439481177177  0.27260719379773674
  0.28548804076431461  0.29884017042747335  0.31273221300243548  0.32702859098915127
  0.34088795388185511  0.35440606565609095  0.36587633555778232  0.37648680645458166
  0.38681336305411584  0.39659246810889032  0.40594169340344843  0.41610244223892950
  0.42809059527696008  0.44056636342214950  0.45280893613898343  0.46518353827550990
  0.47694377182784847  0.48624102151890747  0.49461439150683267  0.50258015394115352
  0.50997212156131499  0.51743388976506222  0.52481907378553516  0.53228606749042962
  0.54104569259048507  0.55202790010545610  0.56415904815843265  0.57681273486563922
  0.59117841788224001  0.60729198586036204  0.62154772280167048  0.63415308186002428
  0.64568378380362801  0.65616333190425591  0.66641443063109573  0.67700814389923902
  0.68845018547602743  0.70090994136174722  0.71452152056973584  0.72915031380697315
  0.73649832238961077  0.74411977349914382  0.75134150545384626  0.75825069375852350
  0.76553704127127531  0.77355384186859721  0.78286770012627349  0.78935283825123348
  0.80490256790477188  0.81603190390980984  0.82635791343373444  0.83681837808026183
  0.84829266726884700  0.86069504671951391  0.87207537263781354  0.88113267329653056
  0.88925878006390047  0.89749128426808455  0.90701879184878031  0.91859950128113410
  0.92798743864511901  0.93796177161788619  0.94779609104370555  0.95756740733776191
  0.96702779405660799  0.97580039423061193  0.98528863569180292  1.00000000000000000
 -0.08277896719211550  0.84352875954380491  0.91815283746813459  0.94766121480442989
  0.96017153814745582  0.96459072292899917  0.96852723558926956  0.97196891615776893
  0.97495050626965452  0.97757766747525177  0.97981845649892507  0.98164598004189585
  0.98324227905345740  0.98469353736325482  0.98594385511587534  0.98711291265050460
  0.98817982567394336  0.98912098036122353  0.98996971601629369  0.99074531030175506
  0.99144686016538286  0.99209096994366563  0.99267841368588050  0.99321280705957704
  0.99370357192744141  0.99412565482209359  0.99450739664606125  0.99485792542200313
  0.99518033092174496  0.99547966749061068  0.99575625096349030  0.99601557611175351
  0.99625481233348823  0.99647447960127400  0.99667883877440766  0.99686417499978663
  0.99702756804597381  0.99717191059584787  0.99731024474616081  0.99743976281914670
  0.99755945919346256  0.99766480810198133  0.99776811543861210  0.99786893470023497
  0.99796672466521885  0.99805879975690737  0.99814282475178828  0.99821949807875943
  0.99829193578505315  0.99836222355721227  0.99842941196675949  0.99849457539364250
  0.99855643629569069  0.99861664419440088  0.99867585764070488  0.99873252630096176
  0.99878103783154970  0.99882885863684368  0.99887603929037927  0.99892185132748990
  0.99896597121466724  0.99900860073476561  0.99904860343427826  0.99908757648937052
  0.99912525067598990  0.99916151240279272  0.99919682615927741  0.99923107140687861
  0.99926471754603019  0.99929798617735144  0.99932912014811148  0.99936005767313729
  0.99939065819821460  0.99941859806934608  0.99944618176979638  0.99947324075881983
  0.99949924098642184  0.99952436440371251  0.99954902855243177  0.99957321514448494
  0.99959628571074344  0.99961913224422749  0.99964195815188728  0.99966409105803422
  0.99968596051643666  0.99970755651132992  0.99972912783918499  0.99975086954851233
  0.99977365355349601  0.99979641092001814  0.99981926696908541  0.99984601005515350
  0.99987455265068259  0.99990625254129439  0.99994839447179540  1.00000000000000000
 -0.02755882046465070  0.14187734150126424  0.19775531831218579  0.23277162770513130
  0.25859640543500273  0.28193330889697277  0.30364845366742371  0.32212421321785834
  0.33828474589602014  0.35328324519719106  0.36716129751291271  0.37749852163210779
  0.38556535736850123  0.39412006657871346  0.40352985991272061  0.41261707120203694
  0.42044450210647849  0.42761749049500464  0.43437691490953345  0.44136557051790859
  0.44903858174300526  0.45684255446261363  0.46477284486109827  0.47154928105625127
  0.47828425361832216  0.48479041304078940  0.49169975081816719  0.49831106767790762
  0.50383081412122299  0.50884335400386604  0.51417266699057673  0.51921528715791054
  0.52316932224256152  0.52744306558695619  0.53180373020604166  0.53697104897960179
  0.54231293302344563  0.54699014512361677  0.55160075127920460  0.55641109902161801
  0.56099209830783681  0.56591039374902907  0.57054287966881301  0.57524624450768891
  0.57982636850638647  0.58417734602942628  0.58827046046060083  0.59240892324859751
  0.59699637537887895  0.60187581692242775  0.60677058767994330  0.61163592139467071
  0.61644818126611989  0.62128505730782480  0.62629276372702647  0.63146939037115146
  0.63675650914557069  0.64208943687264475  0.64707216871317019  0.65224785763900339
  0.65720822311556670  0.66203778037006433  0.66700003933195184  0.67225767179893359
  0.67772287783651342  0.68331087695349557  0.68890074127822210  0.69440395730172366
  0.69981618382141375  0.70496873662207304  0.71028755442229241  0.71578889521509015
  0.72118789340198541  0.72628090290914260  0.73145643196247945  0.73640263687105023
  0.74159216367713343  0.74740309425960738  0.75341549379265371  0.75981369604691462
  0.76606506718579581  0.77258453452477016  0.77924494021496038  0.78563544091188586
  0.79240371002061616  0.79964472648248341  0.80739600072834850  0.81568203425989005
  0.82467302087057703  0.83539685656238305  0.84710516580847184  0.85915383939464762
  0.87252187171122697  0.88932936802073559  0.91700334517026783  1.00000000000000000
   4.4513395406332335E-010  -1.0000000000000000     
 T T F F F F T T F F F F F F F F F F F F F F F F T T F F F F T T T T F F F F T T F F F F F F F F F F F F F F F F T T F F F F T T
  <DiscreteSampler_grid>
  grouped_processes
  1 # 1 for a reference and 2 for a running grid.
  10 # Attribute 'min_bin_probing_points' of the grid.
  1 # Attribute 'grid_mode' of the grid. 1=='default',2=='initialization'
  0.0000000000000000 # Attribute 'small_contrib_threshold' of the grid.
  0.5000000000000000 # Attribute 'damping_power' of the grid.
 # binID   n_entries weight   weight_sqr   abs_weight
    13   10   7.426242765648412E-003   3.319560261690745E-004   7.426242765648412E-003
    14   10   7.426242765648410E-003   3.319560261690742E-004   7.426242765648410E-003
    16   10   9.249736011839947E-003   5.152029807302868E-004   9.249736011839947E-003
    17   10   9.249736011839938E-003   5.152029807302860E-004   9.249736011839938E-003
  </DiscreteSampler_grid>
