  0.00277753268985886  0.01276766175400922  0.02435619871682844  0.03447329497511045
  0.04375101962248571  0.05383993238881840  0.06279642573576079  0.07230944279727838
  0.08250825405163228  0.09417805417446892  0.10517316805001245  0.11425117596304989
  0.12291471780535600  0.13190628892984851  0.14107585296856404  0.15036099315736501
  0.15957711093130225  0.16818228885451031  0.17748553362762542  0.18811597783185663
  0.19966366115053041  0.21153833554220025  0.22373087770223657  0.23659733228474467
  0.24952463577018069  0.26081251322029703  0.27064535704920195  0.28027922605186639
  0.29007442678534995  0.30049417221212649  0.31021161625059085  0.32056721384782522
  0.33169466644577628  0.34357228753350677  0.35610356396039022  0.36932626797522738
  0.38290808886150346  0.39564340172349166  0.40664852192343864  0.41645461345929674
  0.42584164113347461  0.43534851962087867  0.44539407812865545  0.45627922263139264
  0.46676499691324852  0.47555302945992739  0.48415310986456644  0.49311259904700105
  0.50332583024460054  0.51316379871716100  0.52230061239180359  0.53360256384460236
  0.54531342225231394  0.55773078775505325  0.57001175251862712  0.57977255251318494
  0.58979051985329345  0.59968680552103748  0.60997182901495473  0.62104279050759903
  0.63277886619798296  0.64532039957716580  0.65740718916855667  0.66894213428535232
  0.67925958735123937  0.68991494117371222  0.70142474574121094  0.71332584693098300
  0.72429766432804121  0.73717982768923407  0.74970020629432277  0.76156877795111511
  0.77223544680997525  0.78300753908839849  0.79519222447022575  0.80706302521467466
  0.81738062317416471  0.82815218395951129  0.84062807961545061  0.85365474846018641
  0.86638532742655372  0.87781087659152945  0.88823381047204231  0.89842110490841509
  0.90964129265004090  0.91977061250296888  0.92866450064447370  0.93687904444146763
  0.94573099954137008  0.95453962299432282  0.96284079282818846  0.97056121967561348
  0.97761717581727259  0.98744872159582775  0.99206648580912493  1.00000000000000000
 -0.00004343949881671  0.00090984054534575  0.00338874538843851  0.00678048062720155
  0.01130558990631700  0.01640762287618950  0.02282869647305192  0.02969112217187325
  0.03701817817089355  0.04447652422961675  0.05264053756984853  0.06133856283733471
  0.06927414908229058  0.07676991590106830  0.08479499045923114  0.09376515061993777
  0.10290838823080865  0.11142510476167018  0.12010690715723708  0.12852497810579924
  0.13673801013195583  0.14524810575753044  0.15554607275381158  0.16745422573771365
  0.18074127025893999  0.19406837414840838  0.20668423676344191  0.21854316211544292
  0.23000159702212833  0.24120488812415777  0.25212379870485341  0.26300218884001658
  0.27369114963817770  0.28474663128041344  0.29598144340678278  0.30716958963979979
  0.31827034767760465  0.32964998365781095  0.34121676243305088  0.35245518268429149
  0.36332743386432331  0.37443911786860257  0.38559746141010620  0.39719545144262869
  0.40909951953544899  0.42073000313205655  0.43197323636026458  0.44294284966333031
  0.45388074715250848  0.46470746501153753  0.47486015930750763  0.48497813002925189
  0.49644293855559796  0.50806357080453801  0.51908234155086375  0.53031702607739950
  0.54257472174371069  0.55446307777874759  0.56593627165365779  0.57705448476595578
  0.58811368320718871  0.59951458407148284  0.61134041697849817  0.62366531467940534
  0.63791028189400545  0.65222843800643182  0.66639913133436324  0.67830743861863074
  0.68947177155217154  0.70053078593459606  0.71069738318428533  0.72059547625440545
  0.73076435697361597  0.74200175987317329  0.75350030977807814  0.76477011948881934
  0.77575991870874328  0.78685131441140732  0.79820287190096306  0.80984693854870216
  0.82264349915028756  0.83559673869791806  0.84797568353658792  0.85970608381934566
  0.87107225606739236  0.88220369292821732  0.89309374386605589  0.90397595692242749
  0.91504239314228386  0.92640606194760999  0.93812992655321970  0.94976064697163565
  0.96171003773198183  0.97418524172298004  0.98693995121457534  1.00000000000000000
 -0.00188764903217593  0.00787873287862165  0.01610646179048842  0.02443625465534299
  0.03322297202481292  0.04319626318816475  0.05486244577292045  0.06686834429728006
  0.07861561026765954  0.09023563130419482  0.10137256605432486  0.11291995419468936
  0.12388020077075416  0.13493625543117829  0.14637717611954781  0.15726239205614462
  0.16821949701535599  0.17979692958763993  0.19177273229101949  0.20349648560782660
  0.21350862735685167  0.22282900525682064  0.23204005235881225  0.24183227290930612
  0.25221275970471929  0.26298746903825715  0.27519750752678296  0.28947076652139614
  0.30370891250607296  0.31767146883140185  0.33102158104223722  0.34311729755148385
  0.35415797926711107  0.36531728762218252  0.37613288109529330  0.38670066709542156
  0.39684541510373417  0.40595987998965821  0.41422427299086484  0.42273082098939047
  0.43212260094060878  0.44326078016149617  0.45451254288704634  0.46562178557537948
  0.47766499790130101  0.48999379867743326  0.50252183874389267  0.51544659393153336
  0.52799460716877622  0.53964843002707297  0.55066135193522170  0.56142279441775822
  0.57375186232007547  0.58676766357098764  0.59817288141728664  0.60921180119646035
  0.62071229677240614  0.63248365829627773  0.64463803396121078  0.65666136432773503
  0.66749575684142370  0.67633411170594027  0.68435734060067910  0.69265267553344922
  0.70166197751420245  0.71088707877863655  0.71999954423509549  0.72802508782914321
  0.73412440725262085  0.74074742402528226  0.74814289035411063  0.75508822384023788
  0.76187854977606906  0.76879197255947451  0.77544100920942916  0.78169458937344827
  0.78808224379909253  0.79804227368858238  0.81168863791094359  0.82354936086386077
  0.83494210872275187  0.84653582738969813  0.85815846849362298  0.86977561124170188
  0.88143939087910306  0.89306596292158602  0.90458552481421861  0.91540586986070160
  0.92484351951089816  0.93474243809016833  0.94463232576705047  0.95512574609759915
  0.96639923314375920  0.97813970951465024  0.98870418740583355  1.00000000000000000
 -0.00145360224680564  0.00706333573317087  0.01508288314185575  0.02339303682573454
  0.03243573992381107  0.04231903203167195  0.05250227229661408  0.06181735285115304
  0.06982670203386736  0.07748182328307338  0.08528528300611968  0.09375622172545320
  0.10381812430746537  0.11438854810239961  0.12520718617426044  0.13700663232778976
  0.14989664841124387  0.16298420826646071  0.17531813314200675  0.18639712442590614
  0.19832312240263955  0.20948990662326930  0.22090303522299404  0.23299917595169564
  0.24455882530244871  0.25557558699365190  0.26604255988606362  0.27794816152913121
  0.28659918644171245  0.29713159014569240  0.30833772037525009  0.31989478196504989
  0.33214447875595404  0.34577031947143022  0.35968368252398908  0.37389408583648531
  0.38976757304882648  0.40695189989975028  0.42297106092301828  0.43561411390239119
  0.44829278769907566  0.45950286071122054  0.46878479133118123  0.47842707185817640
  0.48837170515689315  0.49747826800724831  0.50656145286984211  0.51542125624040214
  0.52607060266671934  0.54083518117763674  0.55411399460623567  0.56658435742414603
  0.57848366453595423  0.58994955341134503  0.60020878775879338  0.61570910601228390
  0.62983491422306892  0.64237874228933833  0.65469968901260689  0.66760663631234562
  0.68071613747294124  0.69410910590898178  0.70760080107087620  0.72069178840818771
  0.73327601813886267  0.74529483833762145  0.75721999847192156  0.76855711549980654
  0.77875891989920631  0.78834350391349139  0.79789820345114726  0.80764276603723995
  0.81726840888245256  0.82714183895338522  0.83765899968523805  0.84890845351472954
  0.86088286716962892  0.87339057217662874  0.88594962867963800  0.89717607529442223
  0.90480077582822149  0.91217107691831167  0.91919146893311998  0.92574733150013178
  0.93242252476849308  0.93912994701511443  0.94562754100795099  0.95169574056599049
  0.95761870845671959  0.96241011145097610  0.96711270048415754  0.97268726896106594
  0.97870353379543928  0.98497573006785832  0.99232639438952419  1.00000000000000000
 -0.00254112217567265  0.00984612577090746  0.02216682118800444  0.03402381003814817
  0.04700483699131300  0.06036474660591266  0.07177113700440685  0.08189979915913266
  0.09163676577131921  0.10065549869310711  0.10928724472387183  0.11806721561255561
  0.12713196674755703  0.13710591395733787  0.14716961980129672  0.15907827666303684
  0.17062014835972622  0.18149058263400714  0.19237444547676003  0.20339257579492009
  0.21444608594422515  0.22518875697804308  0.23689375283098985  0.24925957752815273
  0.26146383214991153  0.27354904204034225  0.28571499842181469  0.29794755299694564
  0.31032542256004919  0.32266754370291451  0.33467025722937932  0.34688756674430005
  0.35944262715889846  0.37156288673276144  0.38219598025945117  0.39154963985217289
  0.40153290159651983  0.41174066320371494  0.42123458646148620  0.43181679823147617
  0.44246614144392854  0.45204691091333338  0.46278854410590692  0.47322162712201088
  0.48374499525265863  0.49520256088916370  0.50575503213212170  0.52082723671461184
  0.53492617832937916  0.54781759107019845  0.55988761978660284  0.57170582455065411
  0.58272887165089549  0.59256741253089340  0.60213267391071856  0.61146934093367311
  0.62150735244458677  0.63121952315386654  0.63916057292758699  0.64689167285129689
  0.65603055806990207  0.66758503573288397  0.67974417298586720  0.69166511967180677
  0.70279278250276989  0.71344907201255325  0.72449397758648548  0.73694036725850676
  0.75001955613229776  0.76236796146379837  0.77397788608371720  0.78558628275833109
  0.79574104758011344  0.80441095429476217  0.81431712828540459  0.82439662615135245
  0.83342547234334019  0.84098294049896927  0.84801515917803527  0.85452568157632602
  0.86138936175446645  0.86821649457439998  0.87554996733656754  0.88261080344646770
  0.88890442191400187  0.89554540985520870  0.90714907993092453  0.91830143542411780
  0.92957902800566594  0.94122148928866622  0.95089018329439401  0.96012512829481433
  0.96942632745155588  0.97836153448958885  0.98945885417787172  1.00000000000000000
 -0.05821048882308127  0.83514493511841403  0.91272721004816715  0.94346797889983813
  0.95878979597629965  0.96377261347849386  0.96802864370143260  0.97170542901581025
  0.97483347251833519  0.97757498010893429  0.97987184593167864  0.98170952807832979
  0.98336047020106387  0.98480274792059708  0.98613221243942750  0.98732509394540513
  0.98837417829677998  0.98928980705388192  0.99011593041744361  0.99087377748277117
  0.99156075162706492  0.99217890281720988  0.99274091257109354  0.99325393855787703
  0.99371616132362739  0.99414479588885973  0.99453625457021544  0.99489414315964120
  0.99522025187895335  0.99552209485991094  0.99580009331226305  0.99605205320607215
  0.99628653377999610  0.99650087423808897  0.99669541850229260  0.99687695339922244
  0.99705232333908445  0.99721129262552877  0.99735360566773024  0.99748411715058338
  0.99760726097096453  0.99772602818626144  0.99784126717087585  0.99795042767434372
  0.99803991262914171  0.99812653843572363  0.99821085886139915  0.99829273614166147
  0.99837173083979025  0.99844776384244027  0.99852085448617434  0.99858588527831094
  0.99864737442853491  0.99870160763362104  0.99875091948840877  0.99879908995790911
  0.99884624314526538  0.99889125161513193  0.99893517070861093  0.99897780831669158
  0.99901898917267318  0.99905849641142119  0.99909695147155020  0.99913432459961649
  0.99917063522002136  0.99920591313128460  0.99924031800986945  0.99927349990595071
  0.99930522658196741  0.99933569994684568  0.99936403968908505  0.99939120464559650
  0.99941811306226858  0.99944490558844701  0.99947150539266272  0.99949788017343733
  0.99952244210861951  0.99954664269089755  0.99957047831996670  0.99959328632160238
  0.99961547210532076  0.99963719132047191  0.99965890199790031  0.99968020763351861
  0.99970116592017000  0.99972199620823698  0.99974293173388729  0.99976396404147527
  0.99978548167854486  0.99980703225663647  0.99982861734415474  0.99985438734293086
  0.99988180611098065  0.99991142788766973  0.99995160766311619  1.00000000000000000
 -0.02527391200033344  0.13960357558397907  0.19897359164024350  0.23793040061229870
  0.26679751493924386  0.29179039919674077  0.31492926542778454  0.33488456912910519
  0.35084934535861151  0.36418441722210959  0.37589884424786413  0.38660671898037768
  0.39732920985584858  0.40872062749959814  0.42093647684847829  0.43341030663464847
  0.44162225955442641  0.44897998302877312  0.45563670513919841  0.46174643771791279
  0.46761959107848466  0.47391572130721848  0.47967288878544168  0.48501888149302874
  0.49030260181077007  0.49564197625414208  0.50120385871493034  0.50686911091688347
  0.51236985393892021  0.51796200667632419  0.52394978571839634  0.53099173328586713
  0.53806118050207408  0.54461890192934725  0.55101148242433629  0.55727763737892388
  0.56352067612865264  0.56933953487794176  0.57517474985158445  0.58088643911588866
  0.58658027508370392  0.59249248931021636  0.59839972696556176  0.60412775407888186
  0.61013457839861662  0.61627920700749428  0.62249433722404557  0.62879513203258253
  0.63521529268060939  0.64138777595129270  0.64749641774778466  0.65346658644335520
  0.65925253505505854  0.66496173154203653  0.67084621889148843  0.67667612257418208
  0.68235990989958317  0.68810159198829923  0.69321403673324633  0.69801616690535528
  0.70265467236532442  0.70723932719421390  0.71194167783131468  0.71678968017531741
  0.72179686251214537  0.72671644342656860  0.73095647352613413  0.73488901343862900
  0.73909069891628321  0.74296887294956804  0.74678386528857488  0.75054120899980359
  0.75355774138140286  0.75652931589404682  0.75954367703780423  0.76323577563454625
  0.76745951587692274  0.77159441207189827  0.77557913745787910  0.77988614526028688
  0.78459639100218581  0.78901499907868944  0.79427889935483353  0.80078427332647639
  0.80763706224705822  0.81437944118338934  0.82113309094046050  0.82809813157604351
  0.83608627819891101  0.84566389613084614  0.85599056098506876  0.86687041206585769
  0.87905863837066700  0.89629626770888204  0.92843806686557617  1.00000000000000000
   8.5343787445486280E-009  -1.0000000000000000     
 T T F F F F T T F F F F F F F F F F F F F F F F T T F F F F T T T T F F F F T T F F F F F F F F F F F F F F F F T T F F F F T T
  <DiscreteSampler_grid>
  grouped_processes
  1 # 1 for a reference and 2 for a running grid.
  10 # Attribute 'min_bin_probing_points' of the grid.
  1 # Attribute 'grid_mode' of the grid. 1=='default',2=='initialization'
  0.0000000000000000 # Attribute 'small_contrib_threshold' of the grid.
  0.5000000000000000 # Attribute 'damping_power' of the grid.
 # binID   n_entries weight   weight_sqr   abs_weight
    13   10   1.532365144781405E+002   2.318802240749539E+005   1.532365144781405E+002
    14   10   1.532365144781409E+002   2.318802240749550E+005   1.532365144781409E+002
    16   10   4.492762283310878E+001   1.993620477822386E+004   4.492762283310878E+001
    17   10   4.492762283310888E+001   1.993620477822395E+004   4.492762283310888E+001
  </DiscreteSampler_grid>
