  0.00167190807082257  0.01560887620274266  0.02678918845887400  0.03596130151926363
  0.04478047505061211  0.05341673474266449  0.06166993849294548  0.07003073181057032
  0.07854201655625337  0.08936666920984002  0.10385526027759298  0.11585258617532418
  0.12580045027470954  0.13409270337301479  0.14174732077309510  0.14889816998473393
  0.15690415918182715  0.16632129943808202  0.17520588168310280  0.18268244039460485
  0.19069298533765958  0.20081717913187516  0.21142270964959928  0.22236297450969908
  0.23322787769570957  0.24357755400951672  0.25390084164139320  0.26557413325765100
  0.27840199390977605  0.29074815805387133  0.30307639078965226  0.31547023169897198
  0.32696588947704402  0.33613140282620751  0.34390881432583215  0.35202648247466323
  0.36102420905435340  0.37001813297242309  0.37983111543821729  0.38884771860168321
  0.39905007843307694  0.41066499358287673  0.42407699274500060  0.43832932440805461
  0.45186012419040300  0.46301052682570887  0.47197228849558459  0.48131884495801835
  0.49181260443147246  0.50240499861077892  0.51175438136349383  0.52156051628526967
  0.53385722978110939  0.54751935009873665  0.56053533701239355  0.57161475858639377
  0.58126869425024630  0.59100831495740269  0.60088348415234094  0.61157174269120429
  0.62247486762245396  0.63204111299334664  0.64057313542676286  0.64915526498723930
  0.65802655535425814  0.66648713288172623  0.67522876253280828  0.68455035611966031
  0.69464502753708313  0.70513580564163925  0.71607096850173657  0.72834949856526876
  0.73990521841716428  0.75077349806672389  0.76109255486352345  0.77206842525104891
  0.78305185217522422  0.79376721483533430  0.80376275882645387  0.81751466765605496
  0.83121309903862040  0.84414667571557500  0.85656101499683390  0.86894968322081223
  0.88160000043077091  0.89374959264206788  0.90381103184238187  0.91391605323032699
  0.92461914503691978  0.93539974948269844  0.94489012593450517  0.95477734478395748
  0.96589697924950535  0.97797656754880946  0.98890754528230473  1.00000000000000000
 -0.00003755785981479  0.00091973251635405  0.00370181487622913  0.00748161007562492
  0.01159283850467377  0.01629610990961362  0.02297524394384076  0.02828402632441276
  0.03360348234025748  0.03959548520727524  0.04557485623078624  0.05250722288566436
  0.05974762862699946  0.06647621297581278  0.07260874587107723  0.07913980993281883
  0.08610627915601490  0.09347870891454901  0.10049801151979963  0.10849617707101836
  0.11737588908366423  0.12723311169776724  0.13583154961325250  0.14329263365140968
  0.15091658575672248  0.15760021410175354  0.16408461847600903  0.17112868417049482
  0.17865916934764506  0.18610693066425393  0.19450666755357729  0.20419872132703992
  0.21331995423343880  0.22121558752300319  0.22938256064557291  0.23725746323370558
  0.24499401851946048  0.25341059794283088  0.26171294583761889  0.27005577351011328
  0.27837033119074361  0.28689322366119419  0.29607936107783667  0.30570500539763057
  0.31541978522314174  0.32657856490335979  0.33943247840404078  0.35193433869092328
  0.36434757343877155  0.37667407085833304  0.38889749828929265  0.40060329537091766
  0.41333735904637520  0.42637218533609456  0.43919509144470636  0.45200438449400454
  0.46548092957973569  0.47906189226075491  0.49298512087212909  0.50698675168081153
  0.52102619332713029  0.53512161655155999  0.54891400631987275  0.56247331408268297
  0.57582237376346523  0.58934778341916549  0.60321674511547008  0.61731959621079735
  0.63523458956507528  0.65130423984194086  0.66629700611149556  0.68059873827886641
  0.69417849802270815  0.70796211727337832  0.72186529895682772  0.73567796541946473
  0.74921231685714629  0.76230419821520878  0.77459827121619695  0.78590352951620190
  0.79763199594774470  0.80953514228214596  0.82184993325924360  0.83433309389414945
  0.84666387302264712  0.85860382037603633  0.87119763890472446  0.88536263400526405
  0.89885773413684045  0.91240092331334854  0.92605024965580673  0.94099064752487072
  0.95627795842790886  0.97121674159956595  0.98587048743509509  1.00000000000000000
 -0.00186658594069870  0.00824791543068823  0.01445482751543861  0.02035169294421747
  0.02739771905815813  0.03628803635401383  0.04546246582272745  0.05370157250910269
  0.06200576440198814  0.07345057736372008  0.08650215873673305  0.09891374395023272
  0.11041480290750214  0.12194122189460828  0.13371753439364795  0.14610099408534855
  0.15929415609732303  0.17250690749952441  0.18487561976383615  0.19424377623053637
  0.20226142852172138  0.20979823064282516  0.21754787605092793  0.22602611436333100
  0.23439229165035283  0.24210438864097222  0.24874104681140952  0.25748386745425761
  0.26886221051491965  0.28080224006922139  0.29161737756157552  0.30165513235072755
  0.31073834377908127  0.31976113694832253  0.32937340155808864  0.33916996021305251
  0.34915241571725020  0.36116847147433018  0.37478351982865427  0.38850998005228649
  0.40236179902852870  0.41596913071675939  0.42861554155604342  0.44300957113380007
  0.45615280621528753  0.46798466901954439  0.47882832528633135  0.48918610350149438
  0.49901000575616566  0.50838156491394504  0.51794132962683115  0.52830237064756336
  0.53975053824097141  0.55182003997653661  0.56322441208147589  0.57326331220216742
  0.58270912505411765  0.59027151710742143  0.59732850093565792  0.60457182307103985
  0.61204882765895385  0.62135868125413818  0.63144479282778110  0.64198960790373283
  0.65162351219181380  0.66043473124609875  0.67000012426138666  0.67982389218191319
  0.68975172610030866  0.69894411907463017  0.70738903666828934  0.71657545675874224
  0.72705476938284574  0.73796788902300336  0.74973072246680394  0.76173114772528439
  0.77488475682682778  0.78798357592860413  0.79959898428181142  0.81007575831779932
  0.82113345775718305  0.83213495703706719  0.84266037201346577  0.85207757900863312
  0.86150084668353621  0.87137682062761246  0.88202039917583541  0.89369223644680418
  0.90644453062957520  0.91983355810869383  0.93324384799672699  0.94649084388081284
  0.95974199582677266  0.97327691234758751  0.98722283382093112  1.00000000000000000
 -0.00128381631040599  0.00638161494307322  0.01356876564778770  0.02060759521162747
  0.02835807817204080  0.03614604025621643  0.04388972669682078  0.05362115377248608
  0.06382247703136840  0.07408714169094568  0.08450422187525926  0.09489474861223984
  0.10487071382967859  0.11368613121334346  0.12112591636827835  0.12960145907509865
  0.13844866636156916  0.14785690363126150  0.15859792096672870  0.16979882453131942
  0.18045331500268333  0.19126267248574128  0.20238436727846479  0.21364355842347546
  0.22499647826412048  0.23686499798482857  0.24991402302136148  0.26239109362689855
  0.27794556390535052  0.29269669484722427  0.30597009413551035  0.31977694046388083
  0.33546044344242826  0.35080357594391737  0.36500584386541468  0.37992604583247186
  0.39438996398883430  0.40656240579781788  0.41791793171882741  0.43004246872646573
  0.44251303415407722  0.45319527105151747  0.46340849593212380  0.47474843207196465
  0.48576123267424054  0.49623650960991228  0.50899873983936583  0.52472685279394171
  0.54155919320556656  0.55775132256222137  0.57316868892683270  0.58798428570285011
  0.60345249097246934  0.61815659837115700  0.63036656828783311  0.64100743276396455
  0.65173624465898761  0.66301299568280225  0.67402917758201042  0.68607844302371890
  0.70062571606752222  0.71242798908049532  0.72193541067844924  0.73083191144402049
  0.73864724845966956  0.74677274367300273  0.75582840718890665  0.76382435378270253
  0.77192430205318652  0.78323375819048480  0.79508115479737484  0.80703036658211547
  0.81877543411421883  0.82972914804794173  0.84080038378809785  0.85095286431815076
  0.85902466305193381  0.86687851251314740  0.87419759564472099  0.88150903235276667
  0.88868788910654783  0.89552234627440386  0.90199370395130596  0.90831387064933455
  0.91450358874954785  0.92305812746756866  0.93421582146564563  0.94438466911310970
  0.95085264352408549  0.95880182676555292  0.96645320083275610  0.97259935966611699
  0.97849278035621212  0.98439205176977362  0.99154602613071852  1.00000000000000000
 -0.00471997542476807  0.01541022989875963  0.02534315580386149  0.03300521235428562
  0.03959411096793472  0.04626416877732761  0.05385717795736406  0.06207861554642385
  0.06973369811933124  0.07693436332097593  0.08830888531714988  0.10148630045232650
  0.11364609507641257  0.12492397013153521  0.13616548584533680  0.14755879682112552
  0.15883112097997712  0.16976601392976837  0.18098923225405014  0.19319402618350756
  0.20524158889950650  0.21638323070709287  0.22587896422783735  0.23532873968382670
  0.24492065199291707  0.25565014942211878  0.26686508874625403  0.27847606024680105
  0.29081285000458890  0.30114998598792825  0.31005279160939031  0.31917419946401687
  0.32899921626319245  0.33944030140947240  0.34914749464033945  0.35898216182303005
  0.36973082715260558  0.38048423820934929  0.39062469958837248  0.39994427441030600
  0.40788385400555566  0.41664359065597156  0.42490044025490303  0.43294396617125352
  0.44094283270856954  0.44963384279217222  0.45728603899011805  0.46494980437445377
  0.47212644776666357  0.47936577075016962  0.48792477743821205  0.49930648853126414
  0.51131967303795178  0.52482673081834186  0.53783402060417673  0.54994146279361822
  0.56097303512980579  0.56983561574697672  0.57775278548146936  0.58611625478619123
  0.59441444057230375  0.60259225317652232  0.61143583322613704  0.62094711473822584
  0.63221212781284519  0.64478906923921742  0.65588097843491988  0.66613210453733784
  0.67623505503096137  0.68636006349432999  0.69630135530496007  0.70807408706779529
  0.72253355504348782  0.73794323377359161  0.75278524349894960  0.76738980901827203
  0.78207735278376067  0.79720950760301024  0.81034473734143597  0.82209161666317432
  0.83273690062765904  0.84251682905443392  0.85192622791591521  0.86146366295314780
  0.87179844119875460  0.88274491874097138  0.89333609783776058  0.90331063551336499
  0.91327334506467872  0.92376316114295765  0.93450573446975482  0.94571349579711139
  0.95832395678433369  0.97201107505118267  0.98581783447987947  1.00000000000000000
 -0.08365787481568740  0.83590836614616726  0.91483405014973385  0.94415325484505619
  0.95926078510679325  0.96400661010299538  0.96814069711450679  0.97167941330658447
  0.97479043170267132  0.97749976458390508  0.97981974981286279  0.98167486776245472
  0.98340656407023652  0.98489244991504898  0.98617962747624532  0.98736056581933362
  0.98842909399275269  0.98938041244349573  0.99024075533745537  0.99101724268915214
  0.99172033056934983  0.99235147968005688  0.99288742072242575  0.99337686901998945
  0.99382178461535531  0.99423197095438576  0.99461613245108205  0.99497992662207257
  0.99530570396448514  0.99560251145577183  0.99587659673360507  0.99611617813619635
  0.99634048118738305  0.99654317203689236  0.99672829859273426  0.99689827790239172
  0.99706421392457156  0.99721535852074983  0.99735176775327283  0.99747765463317128
  0.99759686744999398  0.99771121343487756  0.99781969967483786  0.99792039365489460
  0.99801264126229250  0.99809857665989532  0.99818151459846505  0.99826152501124266
  0.99833998050407136  0.99841611441892097  0.99848984663496820  0.99856114897572079
  0.99862614795984228  0.99867805316071911  0.99872842418770014  0.99877890806429659
  0.99882796863685308  0.99887416208903523  0.99891933238659825  0.99896250248681817
  0.99900433856729076  0.99904493787104598  0.99908386167025931  0.99912160990207810
  0.99915855048438784  0.99919476393230977  0.99923024325212495  0.99926487625742844
  0.99929850717311475  0.99933080935380347  0.99935970652084694  0.99938805753524462
  0.99941582053967393  0.99944268487316978  0.99946918152692343  0.99949480754422393
  0.99951890796048415  0.99954294360316920  0.99956676070443473  0.99959014219181097
  0.99961301029903038  0.99963561662055889  0.99965780985548747  0.99967942029083889
  0.99970074498873129  0.99972223323302734  0.99974368459813512  0.99976509965430249
  0.99978646940563631  0.99980814863362677  0.99983045926179503  0.99985583228079222
  0.99988301669106205  0.99991242010058623  0.99995225258596754  1.00000000000000000
 -0.02436162207838223  0.13336444398323072  0.19370812213715285  0.24468324556580817
  0.27969752749229787  0.30515460196668343  0.32609788804100798  0.34399362775558828
  0.35897853786028061  0.37099802406075083  0.38263118790959699  0.39362685344882903
  0.40444983310241261  0.41509334392908104  0.42513906650883398  0.43356087830066004
  0.44107969457621660  0.44843836047274149  0.45566650838813944  0.46272942014814267
  0.46944897661728502  0.47585177478836765  0.48227716945510224  0.49012899726516113
  0.49723300606022974  0.50395572947101697  0.51052124899888740  0.51680147072044358
  0.52290616206353457  0.52892599313086253  0.53426666283766366  0.54001774903435895
  0.54587733591355592  0.55169415684401180  0.55745303248162514  0.56286641991522235
  0.56775140222553588  0.57235418433379803  0.57702124945592048  0.58224438486079744
  0.58788411163592214  0.59325461485783293  0.59848317811947793  0.60360421495782546
  0.60867754011939312  0.61389765908673077  0.61904217432893605  0.62448979136345451
  0.63013706403742886  0.63578731900576080  0.64134440103208556  0.64672098151986890
  0.65112554545233958  0.65612264293921307  0.66152561280414734  0.66672998226990132
  0.67149376888121670  0.67617221675626960  0.68073485269647316  0.68506199537499346
  0.68921638897590431  0.69339476112892140  0.69787108115937746  0.70262234932409628
  0.70744283003744868  0.71225871185835710  0.71704656754827689  0.72180982415671846
  0.72689388230766749  0.73275693839476830  0.73942598694446360  0.74559381632463950
  0.75068274731984919  0.75526973260480412  0.75978082709983719  0.76413389498178086
  0.76848778538611495  0.77297923045478079  0.77744854555659693  0.78235953240659828
  0.78763647057239872  0.79325987007793863  0.79967282297872477  0.80652097349771823
  0.81350160906697178  0.82063814830800708  0.82754020428626041  0.83483887085770503
  0.84302926144605506  0.85303058290237199  0.86243258183438054  0.87310344515114002
  0.88538975294071520  0.89859548800020372  0.92129035525498637  1.00000000000000000
   8.7249668980521400E-009  -1.0000000000000000     
 T T F F F F T T F F F F F F F F F F F F F F F F T T F F F F T T T T F F F F T T F F F F F F F F F F F F F F F F T T F F F F T T
  <DiscreteSampler_grid>
  grouped_processes
  1 # 1 for a reference and 2 for a running grid.
  10 # Attribute 'min_bin_probing_points' of the grid.
  1 # Attribute 'grid_mode' of the grid. 1=='default',2=='initialization'
  0.0000000000000000 # Attribute 'small_contrib_threshold' of the grid.
  0.5000000000000000 # Attribute 'damping_power' of the grid.
 # binID   n_entries weight   weight_sqr   abs_weight
    13   10   1.543125868138471E+000   2.249660757219430E+001   1.543125868138471E+000
    14   10   1.543125868138467E+000   2.249660757219417E+001   1.543125868138467E+000
    16   10   4.569143312854490E-001   1.974952085410078E+000   4.569143312854490E-001
    17   10   4.569143312854479E-001   1.974952085410067E+000   4.569143312854479E-001
  </DiscreteSampler_grid>
